1 650.774 508.447 652.056 523.099 621.56 525.767 620.278 511.115 0.262533
1 648.277 466.74 648.277 481.445 615.025 481.445 615.025 466.74 0.352648
1 641.169 425.747 642.468 440.59 611.212 443.325 609.913 428.482 0.353622
1 282.902 643.383 264.031 646.711 257.898 611.928 276.769 608.6 0.371522
1 348.151 81.165 333.977 82.6546 330.884 53.2201 345.057 51.7304 0.400936
1 647.697 486.267 648.904 500.061 618.608 502.712 617.401 488.918 0.407809
1 649.12 443.875 651.099 457.962 619.157 462.451 617.177 448.364 0.435345
1 588.609 366.08 589.192 382.772 550.062 384.139 549.479 367.447 0.522671
1 394.772 581.619 376.186 583.572 372.003 543.767 390.589 541.814 0.553079
1 472.074 468.413 454.448 471.521 447.942 434.621 465.567 431.513 0.587802
1 393.401 535.905 376.634 538.561 371.014 503.079 387.782 500.424 0.591353
1 401.352 629.699 383.426 632.859 376.598 594.133 394.524 590.972 0.616141
1 300.689 583.021 283.992 584.482 280.658 546.378 297.356 544.917 0.629501
1 451.008 475.247 433.275 478.695 425.685 439.645 443.418 436.198 0.637793
1 316.848 316.629 300.838 320.919 291.822 287.269 307.831 282.979 0.638413
1 276.787 260.082 261.101 261.454 258.088 227.02 273.775 225.647 0.6454
