1 308.118 392.285 325.015 392.58 324.285 434.388 307.389 434.093 0.268246
1 276.987 416.439 256.765 417.853 252.807 361.244 273.028 359.83 0.354594
1 645.772 339.205 646.014 353.084 611.318 353.69 611.076 339.811 0.369972
1 387.264 346.303 370.29 348.387 365.798 311.808 382.772 309.724 0.40094
1 375.295 458.394 357.57 460.571 353.035 423.635 370.76 421.459 0.481632
1 631.924 239.789 631.924 254.118 598.868 254.118 598.868 239.789 0.53022
1 638.309 299.711 638.309 314.391 604.415 314.391 604.415 299.711 0.5485
1 643.253 321.273 643.491 334.855 611.658 335.411 611.421 321.829 0.550956
1 573.538 149.056 574.098 165.107 535.022 166.472 534.462 150.42 0.569131
1 625.297 203.387 626.513 217.292 593.733 220.16 592.516 206.255 0.574107
1 461.305 243.17 443.986 246.224 437.976 212.142 455.296 209.088 0.581222
1 375.999 521.321 359.741 522.743 356.432 484.921 372.69 483.499 0.58803
1 385.557 304.676 369.718 307.469 363.976 274.907 379.816 272.114 0.596602
1 392.833 388.79 375.778 391.797 369.434 355.817 386.489 352.809 0.603004
1 264.804 204.833 249.436 206.993 244.898 174.706 260.267 172.546 0.608624
1 630.946 259.657 630.946 273.296 599.545 273.296 599.545 259.657 0.615143
1 633.019 219.969 634.267 234.232 601.142 237.13 599.894 222.867 0.628987
1 311.289 533.731 295.009 535.156 291.707 497.414 307.987 495.99 0.631202
1 440.001 248.46 423.593 251.353 417.318 215.76 433.725 212.867 0.645553
1 632.252 277.748 633.516 292.199 602.462 294.916 601.198 280.465 0.650143
1 290.366 230.803 274.365 232.203 271.327 197.482 287.328 196.082 0.651196
1 322.292 136.994 307.926 141.662 297.673 110.107 312.039 105.44 0.675535
