1 29.5302 476.919 11.3367 478.831 6.11147 429.116 24.3049 427.204 0.288545
1 322.657 391.666 323.974 406.729 286.585 410 285.267 394.937 0.397502
1 143.452 572.028 124.866 573.654 121.82 538.836 140.405 537.21 0.421135
1 371.918 440.862 373.032 453.597 341.571 456.35 340.457 443.615 0.445906
1 62.7966 646.973 46.3246 648.414 43.2628 613.418 59.7348 611.977 0.474516
1 385.371 530.642 385.371 544.032 353.024 544.032 353.024 530.642 0.546393
1 377.199 492.371 377.199 505.511 347.401 505.511 347.401 492.371 0.548194
1 378.47 476.024 378.47 488.543 346.205 488.543 346.205 476.024 0.550124
1 214.077 478.066 198.765 480.491 193.802 449.152 209.114 446.726 0.561514
1 392.958 566.424 392.958 580.081 359.612 580.081 359.612 566.424 0.571264
1 149.106 611.355 133.228 614.155 127.388 581.035 143.266 578.235 0.579778
1 16.1896 266.006 2.61707 268.156 -1.95649 239.28 11.616 237.13 0.602631
1 389.768 549.217 389.768 562.854 357.94 562.854 357.94 549.217 0.611408
1 90.8859 414.637 77.1104 418.328 69.0936 388.409 82.8691 384.718 0.612709
1 377.93 509.468 379.159 523.528 349.92 526.086 348.69 512.027 0.621659
1 142.891 533.996 128.268 536.838 122.275 506.008 136.898 503.166 0.626427
1 379.556 457.172 380.294 471.242 347.208 472.976 346.47 458.906 0.630966
1 194.69 482.532 179.143 485.273 173.409 452.755 188.956 450.013 0.677188
