1 153.081 126.267 153.081 140.159 119.487 140.159 119.487 126.267 0.481101
1 491.124 461.409 496.415 477.69 460.848 489.247 455.558 472.965 0.497924
1 145.392 90.7526 145.392 104.089 112.982 104.089 112.982 90.7526 0.514396
1 149.55 108.548 150.033 122.368 117.986 123.487 117.503 109.667 0.531533
1 131.737 1.23874 132.821 13.6307 100.907 16.4229 99.8224 4.03093 0.549765
1 138.444 35.9995 138.444 48.4819 106.164 48.4819 106.164 35.9995 0.550601
1 137.15 52.3992 137.15 65.439 107.431 65.439 107.431 52.3992 0.55477
1 557.607 484.635 542.637 488.367 534.391 455.294 549.361 451.562 0.554914
1 137.863 69.5018 139.086 83.4908 109.947 86.0402 108.723 72.0512 0.628673
1 415.364 406.454 427.698 416.803 404.519 444.427 392.185 434.077 0.629439
1 139.448 17.2364 140.182 31.2489 107.241 32.9753 106.507 18.9628 0.642808
