1 86.103 348.885 68.9681 349.783 66.8914 310.157 84.0263 309.259 0.301724
1 133.851 344.344 115.765 346.565 111.223 309.575 129.309 307.354 0.394537
1 378.204 100.161 379.336 113.107 348.563 115.799 347.43 102.853 0.457696
1 383.767 153.143 383.544 165.908 353.495 165.383 353.718 152.619 0.505635
1 143.974 236.237 126.82 237.738 123.735 202.471 140.889 200.97 0.538158
1 398.744 230.368 398.744 244.626 365.009 244.626 365.009 230.368 0.557481
1 384.965 135.204 384.965 148.797 351.976 148.797 351.976 135.204 0.560802
1 327.044 47.7205 328.397 63.1778 290.917 66.4569 289.564 50.9996 0.563974
1 390.906 191.339 391.162 205.968 358.563 206.537 358.308 191.908 0.565355
1 56.7141 217.533 41.1506 218.895 38.1875 185.027 53.751 183.665 0.578332
1 151.147 277.347 134.37 280.608 127.629 245.932 144.407 242.671 0.586859
1 396.692 211.956 397.167 225.565 364.69 226.7 364.215 213.09 0.589726
1 135.332 404.989 119.43 406.942 114.853 369.669 130.755 367.716 0.594874
1 217.536 138.266 200.881 141.203 195.129 108.587 211.785 105.65 0.599983
1 384.769 171.121 386.064 185.929 355.331 188.618 354.035 173.81 0.611474
1 144.35 197.31 128.41 200.121 122.702 167.753 138.642 164.942 0.625611
1 78.0101 510.942 61.5692 512.381 58.3036 475.056 74.7446 473.618 0.633366
1 385.378 115.859 386.611 129.952 354.11 132.796 352.877 118.703 0.635458
1 86.9151 50.7973 71.8899 55.6793 61.9046 24.9479 76.9298 20.0659 0.647514
1 197.384 142.288 181.151 145.444 174.557 111.524 190.791 108.368 0.659275
