1 618.335 540.107 619.479 553.179 588.521 555.887 587.377 542.815 0.487842
1 623.882 593.1 623.659 605.928 593.468 605.401 593.691 592.573 0.516974
1 567.018 487.608 568.386 503.243 530.692 506.541 529.325 490.905 0.568937
1 625.102 575.432 624.864 589.085 591.839 588.509 592.078 574.855 0.582149
1 624.831 611.173 626.133 626.053 595.365 628.745 594.063 613.865 0.600729
1 457.461 578.212 440.938 581.125 435.219 548.69 451.742 545.777 0.600933
1 260.959 448.798 246.653 451.578 240.809 421.516 255.115 418.735 0.601939
1 384.832 638.558 368.638 641.413 362.671 607.574 378.866 604.718 0.604034
1 625.473 555.815 626.716 570.033 593.877 572.906 592.633 558.688 0.625875
1 326.859 490.751 311.914 495.607 301.984 465.045 316.929 460.189 0.643075
1 437.394 582.488 421.204 585.635 414.571 551.512 430.761 548.365 0.66251
