1 469.977 215.015 462.8 227.963 433.351 211.639 440.527 198.691 0.251178
1 527.45 209.103 526.687 223.665 493.128 221.907 493.892 207.344 0.389254
1 254.194 222.47 239.191 225.115 234.326 197.527 249.33 194.882 0.412953
1 382.228 260.558 381.401 276.355 341.847 274.282 342.674 258.485 0.451818
1 324.791 206.946 312.898 209.911 306.14 182.806 318.033 179.84 0.471603
1 621.282 222.426 621.813 237.618 583.292 238.964 582.761 223.772 0.524739
1 575.693 291.053 576.19 305.296 541.959 306.492 541.462 292.249 0.565085
1 452.632 250.017 453.669 264.851 416.959 267.418 415.922 252.584 0.572717
1 272.134 219.001 258.931 222.293 251.683 193.222 264.886 189.931 0.573558
1 288.607 211.722 274.965 215.123 268.025 187.29 281.667 183.889 0.59009
1 310.187 211.232 296.486 214.648 289.039 184.781 302.74 181.365 0.596792
1 557.328 211.756 550.721 223.676 522.085 207.803 528.693 195.883 0.63973
