1 534.391 133.342 528.78 147.232 495.961 133.972 501.572 120.083 0.345095
1 650.427 199.313 653.585 214.17 619.442 221.427 616.284 206.57 0.358043
1 386.051 149.867 373.902 154.531 363.65 127.823 375.799 123.16 0.447891
1 589.245 118.248 590.822 133.248 556.042 136.903 554.465 121.904 0.473872
1 318.814 179.971 303.662 185.188 293.393 155.365 308.545 150.148 0.474652
1 454.097 202.04 455.682 217.122 416.511 221.239 414.926 206.157 0.48121
1 350.123 161.473 337.126 166.724 325.972 139.117 338.969 133.866 0.571754
1 336.639 171.977 323.346 178.176 309.845 149.223 323.139 143.024 0.577731
1 523.658 177.185 526.786 191.902 489.931 199.736 486.802 185.019 0.598291
1 372.495 157.872 357.813 163.508 346.417 133.821 361.099 128.186 0.617127
1 619.505 114.973 614.007 127.925 583.099 114.805 588.597 101.853 0.62326
