1 386.523 22.5717 384.432 35.774 354.116 30.9724 356.207 17.7702 0.382437
1 368.433 33.1075 369.93 47.3522 336.344 50.8823 334.847 36.6375 0.401126
1 397.863 -12.1293 408.185 -0.255836 383.71 21.0196 373.389 9.14614 0.402933
1 519.893 36.2028 529.484 46.8541 503.623 70.1396 494.032 59.4883 0.477851
1 259.585 127.254 252.066 137.603 227.559 119.797 235.078 109.449 0.492649
1 344.238 135.849 354.685 148.3 322.754 175.094 312.306 162.643 0.553076
1 382.356 75.7227 393.538 85.7903 369.543 112.439 358.361 102.372 0.560553
1 239.323 157.634 231.175 169.714 204.022 151.399 212.171 139.319 0.584668
1 224.197 193.183 214.036 204.872 188.804 182.939 198.965 171.25 0.585995
1 234.911 176.57 227.153 188.071 200.045 169.786 207.803 158.285 0.596458
1 493.588 25.8529 504.073 35.6306 481.688 59.6353 471.203 49.8576 0.606534
1 254.381 140.987 245.501 153.208 218.51 133.598 227.389 121.376 0.627249
