1 626.55 262.531 624.435 275.89 593.807 271.039 595.923 257.68 0.381589
1 640.483 228.043 650.221 239.648 624.283 261.413 614.545 249.808 0.405589
1 608.389 273.112 609.882 287.316 576.354 290.84 574.861 276.636 0.409412
1 499.615 367.242 492.053 377.651 467.518 359.826 475.08 349.417 0.491558
1 623.268 315.683 634.179 326.219 609.037 352.254 598.127 341.718 0.559314
1 584.22 375.905 594.639 388.323 562.814 415.028 552.394 402.61 0.561008
1 464.244 433.165 454.023 444.923 428.758 422.961 438.98 411.203 0.582152
1 479.347 397.629 471.174 409.747 443.992 391.413 452.166 379.295 0.584091
1 474.955 416.563 467.157 428.124 439.992 409.801 447.79 398.24 0.59591
1 494.391 380.962 485.492 393.211 458.493 373.595 467.392 361.346 0.629637
