1 507.664 124.291 500.372 137.447 471.363 121.367 478.656 108.212 0.251806
1 295.204 132.234 280.808 134.772 276.164 108.434 290.56 105.896 0.337639
1 564.587 120.908 562.831 135.203 530.739 131.262 532.495 116.967 0.398913
1 592.865 122.546 586.172 134.621 558.344 119.196 565.038 107.121 0.446273
1 419.964 167.939 419.182 182.868 382.621 180.952 383.404 166.023 0.448148
1 365.531 116.94 353.275 119.996 346.501 92.8268 358.757 89.7711 0.493827
1 488.157 157.25 489.686 171.793 455.065 175.432 453.537 160.889 0.561599
1 350.594 120.933 337.236 124.264 330.164 95.899 343.522 92.5685 0.581684
1 610.371 197.743 610.852 211.526 577.193 212.702 576.712 198.918 0.582845
1 328.533 121.366 316.048 124.479 309.282 97.3421 321.768 94.2291 0.609154
1 313.161 128.294 300.521 131.681 293.028 103.714 305.668 100.327 0.622082
