1 416.484 588.076 412.885 606.592 379.589 600.12 383.188 581.604 0.261308
1 357.447 576.323 355.088 591.213 325.588 586.541 327.947 571.651 0.38307
1 450.929 571.491 447.069 586.975 410.306 577.809 414.166 562.325 0.396096
1 531.865 598.185 527.517 615.621 492.44 606.875 496.787 589.439 0.409816
1 478.35 500.877 485.485 517.685 449.38 533.011 442.245 516.203 0.423979
1 308.962 567.356 306.414 583.44 270.04 577.679 272.587 561.595 0.465391
1 370.461 496.555 366.855 511.017 336.056 503.338 339.662 488.876 0.468196
1 25.3229 531.823 20.1797 546.76 -13.2194 535.259 -8.07623 520.323 0.490769
1 380.398 483.352 394.572 490.265 378.994 522.205 364.82 515.292 0.526116
1 542.25 513.576 553.56 525.705 523.917 553.348 512.606 541.219 0.541928
1 526.2 517.599 523.605 533.98 488.01 528.342 490.605 511.961 0.550812
1 125.324 456.924 122.783 472.967 90.0494 467.782 92.5904 451.739 0.557943
1 455.811 592.154 452.894 607.16 420.407 600.846 423.324 585.839 0.559145
1 341.241 487.39 339.331 502.948 304.965 498.728 306.875 483.171 0.575521
1 298.5 481.778 296.432 496.495 266.431 492.279 268.499 477.562 0.583028
1 48.6 530.674 57.5271 541.698 31.5455 562.737 22.6185 551.714 0.584848
1 265.289 473.54 263.436 486.726 232.485 482.376 234.338 469.191 0.597169
1 134.021 540.682 132.762 555.077 98.8578 552.111 100.117 537.716 0.64695
