1 502.779 190.34 501.047 206.811 460.874 202.589 462.605 186.117 0.401986
1 25.1023 33.6101 23.2412 46.8523 -8.95368 42.3276 -7.0926 29.0854 0.410018
1 211.113 131.613 207.261 147.065 170.229 137.832 174.081 122.38 0.417583
1 117.442 136.312 115.056 151.376 85.5995 146.711 87.9854 131.647 0.421726
1 237.477 60.1311 245.411 76.3975 210.114 93.6127 202.181 77.3463 0.423334
1 443.067 137.825 425.71 140.885 419.594 106.2 436.951 103.139 0.457041
1 130.592 56.5382 126.959 71.1073 96.0807 63.4084 99.7131 48.8393 0.460513
1 291.553 158.42 287.357 175.25 252.675 166.603 256.871 149.773 0.463951
1 529.812 113.74 538.919 127.242 511.56 145.697 502.452 132.194 0.464106
1 553.182 200.048 550.439 217.365 513.069 211.446 515.812 194.13 0.465773
1 521.903 453.933 538.471 460.293 522.235 502.589 505.667 496.229 0.481125
1 140.342 43.2924 154.61 50.2512 139.007 82.2406 124.74 75.2818 0.529912
1 302.34 73.4586 313.695 85.6353 283.651 113.653 272.296 101.476 0.534425
1 523.444 503.525 531.032 519.082 495.727 536.301 488.139 520.744 0.53534
1 68.9987 127.308 66.5038 143.06 30.3631 137.336 32.858 121.584 0.557295
1 505.646 103.647 512.179 118.32 478.942 133.119 472.409 118.445 0.56097
1 215.75 152.095 212.835 167.091 180.347 160.776 183.262 145.78 0.573957
1 512.72 529.668 522.298 542.378 489.908 566.786 480.33 554.076 0.57506
1 285.953 77.5631 283.372 93.8585 247.983 88.2534 250.564 71.958 0.578156
1 565.247 349.486 582.433 353.771 571.812 396.371 554.626 392.086 0.582572
1 101.147 47.4977 99.2587 62.8788 64.9622 58.6677 66.8508 43.2866 0.592864
1 58.3428 41.7933 56.2829 56.4502 26.5115 52.2661 28.5714 37.6092 0.595973
1 550.685 580.92 567.29 584.449 558.844 624.185 542.239 620.655 0.605776
1 533.654 417.766 543.617 430.987 512.563 454.388 502.6 441.167 0.658034
