1 468.783 -14.2315 482.333 -5.09175 464.241 21.7311 450.691 12.5913 0.276056
1 466.091 22.1773 467.264 35.5751 436.048 38.3062 434.876 24.9083 0.397394
1 450.099 36.2967 454.451 49.6903 423.419 59.773 419.068 46.3794 0.411966
1 597.135 10.7261 609.034 18.752 590.105 46.8144 578.206 38.7885 0.456613
1 473.896 77.9467 487.283 85.9908 468.674 116.962 455.286 108.918 0.504829
1 365.732 152.129 360.855 164.199 332.43 152.714 337.307 140.645 0.548337
1 449.764 145.342 461.883 155.155 436.69 186.265 424.572 176.452 0.548407
1 344.319 227.44 337.169 240.887 307.656 225.195 314.807 211.747 0.555123
1 362.832 169.261 356.991 183.021 326.28 169.985 332.121 156.225 0.579424
1 570.381 4.52565 582.289 11.9662 565.122 39.4378 553.215 31.9973 0.583795
1 352.062 188.228 346.33 202.415 315.402 189.92 321.134 175.732 0.594361
1 351.112 207.694 346.326 221.594 315.475 210.972 320.261 197.071 0.621331
