1 272.089 245.483 271.409 258.463 239.829 256.808 240.509 243.828 0.279187
1 37.0406 150.5 48.0618 161.143 22.4358 187.679 11.4146 177.036 0.36133
1 389.052 446.635 403.541 450.248 394.852 485.1 380.362 481.487 0.365175
1 170.734 200.067 154.878 204.02 147.121 172.907 162.977 168.954 0.42954
1 253.85 460.386 269.948 465.002 259.352 501.956 243.254 497.34 0.479486
1 260.63 503.146 265.986 517.098 234.678 529.116 229.323 515.164 0.504098
1 248.598 173.984 257.112 185.282 232.82 203.587 224.306 192.289 0.504683
1 249.945 523.221 259.017 535.261 230.475 556.768 221.403 544.729 0.51554
1 225.956 167.34 231.96 180.216 203.42 193.525 197.416 180.648 0.538825
1 290.09 370.352 306.134 373.762 298.205 411.063 282.162 407.653 0.560512
1 287.742 561.144 302.979 564.383 295.086 601.517 279.849 598.278 0.587942
1 359.739 449.553 374.391 452.401 367.817 486.219 353.165 483.371 0.611781
1 265.079 428.138 274.392 440.059 246.823 461.598 237.51 449.678 0.645057
