1 229.669 41.7864 228.803 58.3136 197.101 56.6522 197.967 40.125 0.251834
1 320.808 127.675 320.808 143.903 295.117 143.903 295.117 127.675 0.268693
1 592.76 72.3793 590.021 86.4714 560.041 80.6439 562.781 66.5518 0.340602
1 536.145 139.805 534.551 154.966 499.448 151.276 501.042 136.115 0.445062
1 193.058 114.897 189.833 127.835 160.527 120.528 163.753 107.591 0.469179
1 601.527 59.2586 616.15 65.4656 602.591 97.4087 587.968 91.2018 0.492384
1 490.618 55.6775 489.895 69.4631 458.832 67.8352 459.555 54.0496 0.519579
1 355.098 46.7811 354.258 62.8132 320.77 61.0581 321.61 45.0261 0.524329
1 284.707 118.429 293.852 128.949 269.109 150.458 259.964 139.938 0.557746
1 522.094 61.48 521.287 76.8759 492.24 75.3536 493.047 59.9578 0.558204
1 563.813 65.4851 563.05 80.0562 530.846 78.3685 531.61 63.7974 0.616862
1 261.182 122.128 257.259 135.809 225.443 126.686 229.366 113.005 0.628856
1 155.708 30.7698 153.41 45.2787 121.972 40.2995 124.27 25.7905 0.647321
1 367.032 124.521 366.307 138.362 333.168 136.625 333.894 122.784 0.649992
1 194.326 33.2241 192.084 47.3816 160.309 42.3491 162.552 28.1915 0.653849
