1 65.2183 173.955 63.3367 185.835 32.9731 181.026 34.8547 169.146 0.31462
1 170.121 370.621 184.726 374.809 175.339 407.548 160.733 403.36 0.43101
1 44.8386 102.514 53.0649 114.262 28.8708 131.203 20.6445 119.455 0.436893
1 42.9612 418.715 47.6875 433.261 15.4748 443.727 10.7485 429.181 0.448589
1 23.8085 95.6408 29.1331 108.82 -0.419673 120.76 -5.74428 107.581 0.488483
1 31.0441 438.077 39.9015 449.832 11.8845 470.944 3.02701 459.19 0.489095
1 39.13 377.961 53.771 383.581 40.5505 418.022 25.9096 412.401 0.489389
1 61.7076 555.066 77.0244 560.946 60.8197 603.16 45.5029 597.281 0.4899
1 66.5771 476.871 81.8691 480.684 72.7729 517.167 57.4809 513.354 0.557738
1 78.1684 293.64 93.6963 298.092 83.0546 335.204 67.5268 330.752 0.585752
1 141.892 372.017 155.851 374.984 148.917 407.607 134.958 404.64 0.608906
1 49.954 348.304 58.3357 360.275 30.3402 379.877 21.9585 367.907 0.649525
