1 238.916 78.9632 237.822 94.6034 198.425 91.8485 199.519 76.2083 0.25477
1 241.599 485.174 249.965 499.664 218.609 517.767 210.243 503.277 0.276297
1 411.619 314.5 427.518 317.879 419.966 353.405 404.068 350.025 0.358975
1 179.002 31.2366 162.071 35.7733 153.119 2.36329 170.05 -2.17344 0.39474
1 210.671 629.957 210.124 645.641 174.042 644.381 174.59 628.697 0.395881
1 287.497 85.388 286.364 101.594 250.516 99.0876 251.649 82.8812 0.407673
1 267.873 330.193 284.633 334.999 272.57 377.068 255.81 372.262 0.416191
1 302.526 539.388 319.372 544.219 306.251 589.977 289.405 585.146 0.471946
1 261.406 4.07156 270.961 16.3007 245.526 36.1729 235.971 23.9438 0.514336
1 263.92 401.714 274.107 413.855 244.079 439.052 233.891 426.911 0.523636
1 238.094 -2.58025 244.325 10.7811 213.615 25.1012 207.385 11.7399 0.540217
1 272.872 377.371 280.827 392.332 247.818 409.883 239.863 394.922 0.561205
1 306.043 227.938 323.623 231.355 315.433 273.488 297.853 270.071 0.562462
1 303.646 447.9 319.634 451.008 312.174 489.391 296.185 486.283 0.588819
1 213.507 579.457 212.913 596.486 174.973 595.161 175.567 578.132 0.605899
1 380.797 318.582 396.051 321.547 388.957 358.039 373.704 355.075 0.606895
1 279.271 293.481 289.597 305.786 260.25 330.411 249.925 318.106 0.614579
1 216.211 602.859 214.339 620.668 175.942 616.632 177.813 598.823 0.633365
