1 444.912 436.438 450.939 446.877 426.394 461.048 420.367 450.609 0.250864
1 214.93 410.277 221.885 425.898 187.374 441.264 180.419 425.642 0.311224
1 418.582 471.45 401.801 475.634 393.581 442.666 410.362 438.482 0.374553
1 270.794 498.503 268.011 516.074 232.729 510.486 235.512 492.915 0.428309
1 527.85 525.788 526.102 542.422 489.935 538.62 491.683 521.987 0.435281
1 107.6 408.351 104.776 422.877 73.8915 416.873 76.7149 402.348 0.460686
1 501.556 444.251 510.911 456.666 485.283 475.978 475.928 463.563 0.483357
1 116.739 394.987 131.951 401.444 117.425 435.667 102.212 429.21 0.488408
1 78.7746 401.191 77.4485 416.349 44.0061 413.423 45.3322 398.266 0.523542
1 478.383 436.5 485.183 450.441 453.695 465.799 446.896 451.858 0.525453
1 50.9234 478.94 49.2655 494.714 12.9655 490.898 14.6234 475.124 0.532039
1 190.925 476.202 187.995 491.276 151.767 484.234 154.697 469.161 0.533605
1 196.551 496.381 194.254 510.886 161.504 505.698 163.801 491.194 0.53725
1 277.354 416.758 289.114 428.115 261.067 457.159 249.307 445.802 0.542483
1 36.0397 396.885 35.214 412.64 4.30792 411.021 5.13363 395.265 0.567006
1 261.356 421.616 259.719 437.188 225.26 433.566 226.897 417.995 0.579789
