1 357.406 136.313 355.053 151.168 325.675 146.515 328.028 131.66 0.400198
1 451.117 131.617 447.269 147.049 410.245 137.818 414.092 122.385 0.404467
1 477.47 60.1617 485.394 76.409 450.094 93.6258 442.17 77.3785 0.415573
1 531.589 158.407 527.411 175.164 492.728 166.516 496.906 149.759 0.445699
1 370.545 56.527 366.903 71.1334 336.017 63.4326 339.659 48.8262 0.446723
1 25.2669 91.7771 20.1391 106.669 -12.9613 95.272 -7.83351 80.3797 0.481924
1 308.973 127.297 306.467 143.115 270.383 137.4 272.888 121.581 0.509367
1 380.356 43.3068 394.591 50.2499 379.005 82.2058 364.77 75.2627 0.517163
1 542.375 73.4777 553.695 85.6169 523.643 113.641 512.323 101.502 0.533037
1 48.5787 90.7782 57.5069 101.804 31.5572 122.817 22.6289 111.792 0.561637
1 455.727 152.109 452.819 167.071 420.384 160.766 423.293 145.805 0.561802
1 525.905 77.5757 523.333 93.8187 488.009 88.224 490.582 71.981 0.567252
1 125.461 16.8784 122.908 32.9994 89.9684 27.7823 92.5217 11.6613 0.572827
1 341.017 47.4893 339.13 62.8549 304.999 58.6641 306.885 43.2985 0.589529
1 265.287 33.5774 263.443 46.6959 232.357 42.3271 234.201 29.2086 0.592246
1 298.333 41.7753 296.268 56.4699 266.561 52.2948 268.626 37.6002 0.593009
1 133.91 100.793 132.66 115.083 98.89 112.128 100.14 97.8384 0.645512
