1 262.961 390.234 261.182 407.16 220.511 402.885 222.29 385.959 0.390417
1 51.7641 358.239 47.5408 375.178 12.7595 366.506 16.9828 349.567 0.433847
1 290.025 313.62 299.134 327.125 271.567 345.719 262.458 332.215 0.443959
1 203.102 337.898 185.685 340.969 179.545 306.143 196.961 303.072 0.453741
1 294.367 617.784 304 630.569 275.222 652.255 265.588 639.47 0.471372
1 313.025 400.057 310.316 417.158 273.283 411.293 275.992 394.192 0.518251
1 265.984 304.242 272.349 319.238 238.66 333.538 232.295 318.542 0.524166
1 62.1855 273.679 73.4518 285.761 43.9178 313.301 32.6515 301.22 0.539928
1 46.2005 277.574 43.6155 293.895 8.20784 288.287 10.7928 271.966 0.557996
1 325.385 549.389 342.511 553.659 331.964 595.962 314.838 591.692 0.588231
