1 512.443 6.59703 511.393 18.5935 480.129 15.8583 481.179 3.86183 0.32973
1 629.552 207.22 644.306 211.451 634.417 245.938 619.663 241.708 0.359514
1 493.802 220.345 510.01 224.993 499.39 262.03 483.182 257.382 0.474737
1 525.464 403.319 541.283 408.459 527.73 450.169 511.911 445.029 0.48411
1 500.636 263.085 506.024 277.12 474.673 289.155 469.285 275.12 0.505224
1 489.971 283.113 499.114 295.246 470.478 316.825 461.335 304.691 0.507287
1 530.076 130.332 546.145 133.747 538.193 171.161 522.124 167.745 0.557828
1 527.662 321.06 543.05 324.331 535.119 361.646 519.731 358.375 0.5857
1 446.532 528.057 443.914 544.586 408.135 538.919 410.753 522.39 0.593757
1 599.706 209.527 614.431 212.389 607.836 246.32 593.11 243.458 0.610066
1 445.831 458.604 444.092 475.14 408.006 471.347 409.744 454.811 0.611823
1 447.218 505.012 446.943 520.816 411.514 520.198 411.79 504.394 0.622187
1 442.535 439.32 441.283 453.624 408.426 450.749 409.677 436.445 0.627162
1 440.794 482.695 440.204 499.591 403.62 498.314 404.21 481.417 0.629576
1 505.084 188.103 514.432 200.067 486.832 221.63 477.485 209.666 0.641728
