1 303.849 75.6137 301.554 91.9427 270.743 87.6125 273.038 71.2835 0.284623
1 264.043 64.2307 268.954 79.3441 236.338 89.9418 231.427 74.8284 0.312362
1 545.3 173.932 543.409 185.874 512.959 181.051 514.851 169.109 0.330996
1 165.003 58.2431 162.353 71.8793 132.785 66.132 135.436 52.4957 0.346527
1 308.926 142.148 308.126 157.413 275.708 155.714 276.508 140.449 0.350712
1 319.945 72.7631 330.312 83.8809 304.328 108.112 293.96 96.9939 0.368555
1 110.684 117.501 108.656 131.932 73.8116 127.035 75.8398 112.604 0.391598
1 69.8683 42.2332 67.9186 56.1059 39.0874 52.0539 41.037 38.1812 0.413119
1 173.553 49.2759 187.142 56.2 173.003 83.9502 159.414 77.0262 0.449562
1 447.654 124.352 432.443 127.309 426.773 98.1391 441.984 95.1824 0.454601
1 524.872 102.454 533.144 114.268 508.861 131.271 500.589 119.457 0.458821
1 522.925 418.727 527.65 433.267 495.644 443.666 490.92 429.126 0.465108
1 239.152 118.89 235.602 133.13 201.704 124.678 205.254 110.439 0.476908
1 519.11 377.935 533.804 383.575 520.576 418.034 505.882 412.394 0.487944
1 511.001 438.078 519.898 449.884 491.929 470.96 483.033 459.154 0.48799
1 541.647 555.047 557.066 560.966 540.822 603.283 525.403 597.364 0.499557
1 138.575 52.6837 137.389 66.2339 106.597 63.54 107.783 49.9898 0.510198
1 98.7901 47.1847 98.0286 61.7144 71.4378 60.3209 72.1992 45.7911 0.518196
1 503.503 95.2855 509.259 108.213 480.778 120.894 475.023 107.966 0.519239
1 243.294 136.69 240.712 149.975 210.172 144.038 212.754 130.754 0.550256
1 546.551 476.857 561.907 480.686 552.801 517.207 537.445 513.378 0.556698
1 558.168 293.651 573.691 298.102 563.051 335.21 547.528 330.759 0.584776
1 460.966 604.434 458.996 620.482 423.517 616.125 425.487 600.078 0.604517
1 621.863 371.823 635.955 374.818 628.939 407.825 614.847 404.83 0.605653
1 459.474 586.62 457.28 600.471 425.119 595.377 427.312 581.527 0.608454
1 455.54 628.973 453.67 644.205 419.349 639.991 421.219 624.759 0.608733
1 529.955 348.288 538.353 360.282 510.33 379.905 501.932 367.911 0.644671
