1 543.88 75.6004 541.582 91.9572 510.754 87.6247 513.053 71.2679 0.295489
1 183.669 30.4334 181.552 45.4988 150.209 41.0938 152.326 26.0284 0.320621
1 504.046 64.1841 508.98 79.3717 476.363 89.9697 471.428 74.7821 0.323932
1 405.065 58.2259 402.386 72.0054 372.662 66.2276 375.34 52.4481 0.347025
1 548.888 142.165 548.085 157.491 515.645 155.791 516.448 140.465 0.356123
1 559.952 72.7577 570.318 83.8734 544.328 108.109 533.962 96.9939 0.3645
1 350.732 117.466 348.691 131.991 313.888 127.1 315.929 112.575 0.395549
1 309.848 42.2117 307.893 56.1181 279.157 52.0795 281.112 38.1731 0.405844
1 193.232 99.5805 191.284 113.446 161.025 109.193 162.974 95.3279 0.448229
1 413.54 49.2547 427.163 56.1961 413.028 83.9386 399.405 76.9972 0.451793
1 479.151 118.883 475.592 133.155 441.72 124.71 445.279 110.437 0.482497
1 115.343 91.4469 123.586 101.626 100.158 120.599 91.9145 110.419 0.500581
1 378.663 52.6657 377.468 66.3275 346.564 63.6237 347.759 49.962 0.503385
1 338.785 47.1359 338.018 61.7704 311.424 60.3767 312.191 45.7422 0.520476
1 483.322 136.67 480.724 150.036 450.076 144.079 452.674 130.713 0.550308
1 94.0186 93.3095 89.7645 106.402 60.3508 96.8451 64.6049 83.7524 0.645841
1 35.0169 13.7797 32.2637 27.9439 2.0453 22.07 4.79855 7.9058 0.646697
