1 481.574 485.225 489.91 499.663 458.587 517.747 450.251 503.309 0.287405
1 418.967 31.179 402.056 35.7104 393.144 2.45166 410.056 -2.07976 0.373259
1 527.562 85.3781 526.425 101.628 490.442 99.1119 491.578 82.8619 0.389788
1 450.622 629.999 450.076 645.616 414.09 644.36 414.635 628.742 0.398218
1 270.792 58.5603 268.025 76.0304 232.683 70.4327 235.45 52.9626 0.414642
1 507.893 330.143 524.639 334.944 512.557 377.081 495.811 372.279 0.417882
1 542.556 539.415 559.35 544.231 546.266 589.861 529.471 585.045 0.479489
1 501.353 4.15434 510.861 16.3237 485.521 36.121 476.013 23.9516 0.485564
1 51.0069 38.8823 49.3195 54.9374 12.4756 51.0649 14.1631 35.0099 0.49193
1 196.596 56.3103 194.252 71.1074 161.248 65.88 163.591 51.083 0.507472
1 191.141 36.3801 188.203 51.4905 151.711 44.3972 154.649 29.2868 0.52846
1 478.072 -2.54996 484.29 10.7831 453.634 25.078 447.417 11.7449 0.528938
1 503.937 401.785 514.053 413.84 484.127 438.95 474.012 426.895 0.532924
1 546.052 227.95 563.612 231.363 555.432 273.445 537.873 270.032 0.562547
1 512.864 377.441 520.772 392.315 487.832 409.829 479.924 394.956 0.567115
1 543.711 447.899 559.64 450.995 552.187 489.337 536.258 486.241 0.59179
1 620.773 318.568 636.025 321.532 628.903 358.168 613.652 355.203 0.60518
1 453.475 579.484 452.883 596.419 415.063 595.099 415.655 578.163 0.609111
1 519.293 293.499 529.594 305.775 500.255 330.393 489.954 318.117 0.613678
1 456.187 602.889 454.325 620.61 416.016 616.584 417.878 598.862 0.634413
