1 595.727 222.945 593.025 236.844 562.585 230.927 565.287 217.028 0.336558
1 330.021 279.229 330.021 295.008 304.34 295.008 304.34 279.229 0.347572
1 495.307 207.828 494.557 222.147 464.518 220.572 465.269 206.254 0.451741
1 570.854 216.672 570.098 231.098 535.504 229.285 536.26 214.859 0.454037
1 363.422 199.353 362.567 215.664 329.707 213.941 330.562 197.63 0.482931
1 604.468 211.008 618.911 217.138 605.105 249.661 590.663 243.531 0.48562
1 541.331 289.08 539.595 303.212 506.049 299.093 507.785 284.962 0.508039
1 527.064 212.919 526.807 227.671 498.407 227.175 498.664 212.423 0.543238
1 375.417 274.564 374.656 289.087 341.853 287.368 342.614 272.845 0.548409
1 294.042 268.901 303.188 279.422 279.386 300.112 270.241 289.591 0.599629
1 168.138 184.825 166.209 198.546 135.741 194.263 137.669 180.543 0.623039
1 205.979 187.828 203.69 202.281 172.65 197.364 174.939 182.912 0.667584
1 271.42 271.471 268.011 285.143 236.892 277.384 240.3 263.712 0.668124
