1 405.923 162.242 397.012 174.067 372.436 155.548 381.346 143.723 0.273107
1 274.072 352.648 268.508 368.805 238.472 358.463 244.035 342.305 0.286181
1 26.3182 243.623 23.6698 257.248 -8.31896 251.03 -5.67054 237.405 0.370816
1 167.054 400.002 161.618 412.809 132.723 400.544 138.159 387.737 0.459732
1 499.53 443.478 493.184 459.185 462.222 446.675 468.568 430.969 0.484109
1 410.478 499.761 416.851 512.268 386.606 527.678 380.234 515.172 0.501078
1 629.779 490.794 625.012 503.891 595.095 493.002 599.862 479.905 0.542289
1 323.558 468.263 318.366 480.493 290.667 468.736 295.859 456.505 0.558103
1 489.042 528.221 484.516 542.152 452.9 531.879 457.426 517.948 0.616295
1 387.802 496.123 380.192 508.302 351.613 490.444 359.224 478.265 0.623187
1 311.626 371.208 305.472 383.825 277.087 369.981 283.241 357.364 0.650607
1 347.618 383.882 341.416 396.597 312.931 382.704 319.133 369.989 0.665143
