1 372.572 63.802 370.782 75.1042 342.1 70.5613 343.89 59.2592 0.292707
1 149.237 19.2696 146.949 33.7141 116.28 28.8565 118.568 14.412 0.306468
1 318.681 309.895 325.475 322.153 297.344 337.746 290.55 325.488 0.339532
1 458.885 257.004 472.888 262.948 459.843 293.68 445.84 287.736 0.403512
1 360.403 -2.42179 367.125 9.21971 342.646 23.3526 335.924 11.7111 0.43025
1 331.76 291.965 335.386 305.498 304.638 313.736 301.013 300.204 0.448322
1 338.809 419.873 353.048 427.128 334.693 463.152 320.454 455.897 0.451327
1 350.403 346.015 364.614 351.47 351.634 385.284 337.423 379.829 0.520951
1 87.2061 7.28738 83.7404 21.1879 55.2538 14.0854 58.7196 0.1849 0.526851
1 376.345 177.835 390.476 183.26 377.562 216.904 363.43 211.48 0.566045
1 331.086 253.476 345.293 260.406 329.928 291.909 315.72 284.98 0.573207
1 430.958 256.607 444.324 260.95 434.278 291.87 420.912 287.527 0.583736
1 249.002 520.685 244.545 536.228 212.019 526.902 216.476 511.359 0.590768
1 344.452 226.704 351.751 238.853 323.144 256.042 315.844 243.893 0.608139
1 256.319 442.356 253.123 455.177 223.264 447.733 226.46 434.912 0.613373
1 252.363 501.485 249.634 515.524 217.249 509.229 219.978 495.19 0.627032
1 255.996 458.451 252.141 473.913 219.6 465.8 223.456 450.338 0.645393
1 249.306 480.558 246.454 495.231 213.587 488.842 216.439 474.169 0.670537
