1 53.9983 14.8688 39.0385 20.0199 28.541 -10.4672 43.5007 -15.6182 0.252976
1 253.287 98.2085 251.182 111.496 217.264 106.124 219.368 92.8363 0.423425
1 96.3133 471.756 79.2093 473.856 74.6423 436.66 91.7463 434.56 0.444236
1 83.1854 328.629 66.988 330.618 62.4538 293.69 78.6512 291.701 0.457819
1 129.013 579.078 123.392 592.992 89.2702 579.206 94.892 565.292 0.510232
1 18.8687 626.314 4.94531 628.271 0.331564 595.442 14.2549 593.486 0.52857
1 77.7464 284.581 61.7366 285.7 59.276 250.512 75.2858 249.392 0.53733
1 87.507 380.253 70.9161 381.704 67.6451 344.316 84.2359 342.864 0.613821
1 93.7198 426.414 76.6451 427.309 74.7386 390.931 91.8134 390.037 0.619976
1 117.937 628.076 100.905 630.167 96.2064 591.9 113.239 589.809 0.620828
