1 116.887 401.511 103.988 412.335 81.3895 385.403 94.2888 374.579 0.29923
1 206.933 521.602 192.118 530.86 173.869 501.656 188.684 492.398 0.341099
1 169.916 472.08 157.916 480.799 139.937 456.052 151.936 447.333 0.375956
1 234.978 414.75 221.561 423.134 205.177 396.915 218.594 388.531 0.476292
1 312.146 493.983 308.007 510.582 270.258 501.17 274.397 484.571 0.487909
1 233.64 555.039 220.52 564.225 200.269 535.303 213.388 526.116 0.490834
1 242.95 535.176 229.1 543.831 207.971 510.019 221.822 501.364 0.49307
1 83.3725 217.94 70.27 228.551 49.3123 202.67 62.4148 192.06 0.501936
1 353.715 552.608 354.301 569.391 312.997 570.833 312.411 554.05 0.544166
1 191.827 353.744 179.288 364.265 158.8 339.848 171.338 329.326 0.563008
1 140.878 430.911 127.732 440.817 105.973 411.942 119.119 402.036 0.563873
1 33.7198 290.922 22.31 300.496 0.903078 274.984 12.3128 265.41 0.587489
1 286.935 614.684 271.486 623.966 251.711 591.056 267.16 581.773 0.587967
1 339.837 543.223 327.005 553.614 303.576 524.681 316.407 514.29 0.596803
1 219.231 387.056 206.59 397.292 184.99 370.619 197.631 360.382 0.600284
1 173.532 322.497 163.102 332.223 141.415 308.966 151.844 299.24 0.602826
1 251.202 411.5 257.823 426.372 223.625 441.598 217.004 426.726 0.621399
