1 96.1951 287.539 81.6696 289.839 76.6541 258.172 91.1796 255.872 0.263359
1 21.4669 374.111 14.1832 385.767 -13.4124 368.524 -6.12873 356.867 0.266208
1 125.799 377.826 120.793 389.62 90.2782 376.668 95.2845 364.873 0.319564
1 150.599 653.867 131.771 656.849 125.837 619.386 144.665 616.404 0.349105
1 78.6944 127.417 64.7503 128.392 62.6514 98.3763 76.5955 97.4012 0.371281
1 24.6665 418.674 11.9009 420.468 7.84039 391.576 20.606 389.782 0.417907
1 84.8014 165.145 69.8056 167.79 64.3526 136.864 79.3484 134.22 0.425884
1 548.029 12.5325 546.061 26.5365 510.867 21.5903 512.836 7.5864 0.478616
1 88.3423 209.01 73.4177 210.316 70.569 177.756 85.4936 176.45 0.517179
1 50.2468 611.233 33.5348 614.18 27.0459 577.38 43.7579 574.433 0.551905
1 142.816 606.804 126.222 609.432 120.72 574.698 137.314 572.07 0.601062
1 0.571342 316.323 15.2193 317.605 12.2571 351.463 -2.39082 350.181 0.615067
1 142.731 567.835 127.627 570.771 120.898 536.15 136.001 533.214 0.618967
1 116.798 419.69 100.67 422.244 95.2998 388.336 111.427 385.781 0.62199
1 34.2332 461.36 18.6732 464.104 12.6946 430.198 28.2547 427.454 0.634174
1 93.8123 248.521 78.6516 249.315 76.9435 216.724 92.1043 215.929 0.635644
