1 522.547 156.987 522.998 169.905 492.052 170.986 491.601 158.068 0.428085
1 11.3068 143.722 24.2599 144.855 21.9443 171.322 8.99121 170.189 0.455471
1 129.247 321.961 129.788 337.456 94.2056 338.698 93.6645 323.203 0.465679
1 75.1986 78.0432 91.1382 80.5678 85.3879 116.873 69.4484 114.349 0.485046
1 90.2508 72.575 76.7454 73.2828 75.2881 45.4769 88.7935 44.7691 0.545208
1 590.151 330.253 590.151 344.564 552.948 344.564 552.948 330.253 0.572097
1 12.5535 102.491 27.5537 103.804 24.8783 134.383 9.8781 133.071 0.583363
1 62.637 171.57 78.7161 173.83 73.8538 208.427 57.7747 206.167 0.58613
1 524.035 33.0145 524.281 47.1111 491.477 47.6837 491.231 33.5872 0.594629
1 69.6935 133.256 83.6785 135.975 77.6376 167.053 63.6526 164.334 0.595837
1 623.834 309.22 631.957 320.821 604.265 340.211 596.142 328.61 0.652092
