1 450.947 466.569 462.92 472.67 449.724 498.569 437.751 492.468 0.28723
1 585.913 341.592 597.657 347.069 585.75 372.603 574.005 367.127 0.288181
1 524.835 315.968 537.649 322.497 522.289 352.642 509.475 346.114 0.319354
1 435.835 495.908 446.271 503.49 429.339 526.796 418.903 519.213 0.423823
1 282.516 397.03 282.965 409.889 252.056 410.969 251.607 398.109 0.44168
1 536.639 442.589 548.405 448.075 536.729 473.113 524.964 467.627 0.443836
1 456.686 96.8185 470.066 104.858 450.783 136.951 437.403 128.911 0.470835
1 552.116 409.417 564.132 415.54 550.686 441.929 538.67 435.807 0.527111
1 577.18 208.672 587.939 213.689 576.933 237.29 566.174 232.273 0.543795
1 592.451 175.792 603.201 180.578 592.276 205.115 581.526 200.329 0.572757
1 515.426 483.383 530.188 487.616 520.643 520.902 505.881 516.67 0.572987
1 350.149 570.203 350.149 584.595 312.936 584.595 312.936 570.203 0.575668
1 533.174 558.527 518.771 563.486 508.083 532.447 522.486 527.488 0.577347
1 464.694 430.162 479.537 435.859 466.911 468.75 452.068 463.053 0.581265
1 284.035 272.969 284.283 287.149 251.418 287.723 251.17 273.543 0.592851
1 562.105 241.903 573.915 247.92 559.858 275.51 548.047 269.492 0.598257
1 544.562 273.702 556.794 279.935 542.32 308.342 530.088 302.109 0.60294
1 601.893 301.556 615.172 307.468 602.09 336.851 588.811 330.939 0.610285
1 569.322 371.519 582.487 378.227 567.939 406.778 554.774 400.07 0.648673
1 502.609 355.496 515.625 361.565 502.001 390.783 488.985 384.713 0.662255
1 383.462 549.462 391.569 561.04 364.222 580.188 356.115 568.611 0.668738
1 413.413 526.767 422.015 537.778 395.653 558.374 387.05 547.363 0.670188
