1 113.482 608.123 95.3806 611.315 88.4604 572.068 106.562 568.876 0.338196
1 54.5808 424.064 38.9232 430.075 24.5621 392.663 40.2196 386.652 0.44159
1 132.213 398.844 123.78 414.705 87.9295 395.643 96.3629 379.782 0.47535
1 207.063 601.993 220.637 613.793 195.527 642.678 181.954 630.879 0.487899
1 21.525 402.203 6.75206 407.003 -3.88843 374.255 10.8846 369.455 0.500593
1 161.229 467.259 158.814 484.44 116.985 478.561 119.4 461.381 0.52549
1 73.0459 301.288 57.5023 306.64 47.3098 277.039 62.8534 271.687 0.543672
1 62.9396 269.082 47.8913 276.421 32.814 245.508 47.8624 238.169 0.557753
1 90.695 302.756 93.7563 318.505 56.5485 325.737 53.4872 309.988 0.571241
1 80.1195 515.154 62.8874 521.087 49.9444 483.498 67.1765 477.565 0.582222
1 31.8696 194.093 19.9042 201.002 3.92932 173.332 15.8947 166.424 0.590933
1 44.0057 228.927 30.0498 236.984 13.9767 209.145 27.9326 201.087 0.602786
1 40.1293 441.889 24.5541 447.868 11.7168 414.426 27.292 408.447 0.623764
1 148.876 456.065 132.617 463.995 115.248 428.383 131.507 420.453 0.631733
