1 96.3055 87.06 81.9912 89.584 76.4828 58.3439 90.797 55.8199 0.255991
1 21.4932 174.045 14.1493 185.798 -13.4479 168.553 -6.10397 156.8 0.26472
1 125.722 177.717 120.715 189.513 90.2482 176.58 95.2553 164.784 0.387788
1 24.7398 218.447 11.696 220.281 7.68891 191.769 20.7327 189.936 0.426937
1 59.9632 508.091 43.7782 510.078 39.6565 476.51 55.8416 474.523 0.467376
1 67.6571 575.633 50.9562 577.094 47.6349 539.132 64.3358 537.671 0.488694
1 166.624 496.157 164.794 513.566 124.047 509.284 125.877 491.875 0.491138
1 92.3505 607.214 74.8884 608.129 72.6399 565.224 90.102 564.309 0.498888
1 149.422 489.72 132.623 490.6 130.844 456.666 147.643 455.786 0.501053
1 72.2563 621.222 55.9933 622.359 53.4247 585.627 69.6877 584.49 0.537211
1 178.26 611.1 164.485 623.503 135.344 591.14 149.12 578.736 0.552705
1 50.235 411.03 33.417 413.996 26.993 377.564 43.811 374.598 0.568977
1 55.9754 452.442 38.8074 454.55 34.1546 416.655 51.3226 414.547 0.57712
1 142.96 406.959 126.148 409.621 120.613 374.674 137.425 372.012 0.604177
1 142.796 367.872 127.49 370.847 120.725 336.039 136.03 333.064 0.610001
1 0.132195 116.272 15.1999 117.59 12.2495 151.314 -2.81822 149.995 0.616296
1 34.5247 261.803 19.1995 264.505 13.1325 230.098 28.4578 227.395 0.625275
1 93.8248 48.4637 78.6475 49.2591 76.9381 16.6431 92.1155 15.8476 0.634637
1 116.803 219.754 100.767 222.294 95.4198 188.533 111.456 185.994 0.643732
1 149.433 453.766 131.779 455.933 127.245 419.004 144.898 416.836 0.653519
