1 324.689 414.453 314.446 426.236 291.001 405.856 301.244 394.072 0.31637
1 534.448 584.281 520.039 594.371 498.537 563.662 512.946 553.573 0.381693
1 373.693 344.483 362.918 356.038 340.673 335.294 351.448 323.74 0.394307
1 465.81 400.699 465.81 418.43 425.882 418.43 425.882 400.699 0.447746
1 468.036 520.619 455.824 532.831 429.87 506.877 442.082 494.664 0.470772
1 182.725 192.372 172.213 206.322 145.295 186.038 155.807 172.088 0.478807
1 610.838 535.607 627.571 541.044 615.883 577.016 599.15 571.579 0.484225
1 408.538 455.428 397.794 467.36 369.317 441.718 380.06 429.786 0.506293
1 403.917 476.648 393.041 488.727 366.949 465.234 377.826 453.155 0.517648
1 85.0978 224.431 87.8627 237.438 54.7742 244.472 52.0093 231.464 0.531606
1 25.7238 73.6815 16.4976 84.295 -6.40748 64.3839 2.81869 53.7704 0.53672
1 287.082 381.136 276.94 393.661 247.79 370.055 257.932 357.531 0.566276
1 388.403 337.896 397.913 350.516 367.945 373.099 358.435 360.479 0.576253
1 502.613 440.59 492.44 454.09 463.573 432.337 473.746 418.838 0.58693
1 352.628 321.927 342.918 334.814 315.385 314.067 325.096 301.181 0.594891
1 150.855 272.791 142.629 284.986 114.663 266.123 122.889 253.927 0.595478
1 317.912 296.655 308.099 309.215 284.378 290.682 294.191 278.122 0.595545
1 293.523 271.662 285.725 283.222 259.74 265.695 267.538 254.135 0.603053
1 518.245 445.636 522.858 461.723 482.663 473.249 478.05 457.162 0.626613
1 63.2371 214.549 51.7802 224.163 30.7879 199.145 42.2447 189.532 0.628914
1 55.2829 96.1989 45.5715 106.613 22.6065 85.1979 32.3179 74.7837 0.701121
