1 201.791 466.684 201.539 481.139 164.329 480.49 164.582 466.034 0.269244
1 103.022 290.245 89.1402 296.718 76.1869 268.94 90.0688 262.466 0.296229
1 120.07 534.013 108.04 539.622 96.9502 515.839 108.98 510.23 0.339111
1 63.3112 413.784 50.4145 419.798 39.0123 395.346 51.909 389.332 0.404167
1 611.532 9.51083 613.824 21.3042 581.789 27.5311 579.497 15.7377 0.510741
1 104.47 495.279 101.917 508.412 69.9147 502.191 72.4673 489.059 0.537502
1 142.291 571.643 128.811 579.115 112.393 549.496 125.873 542.025 0.551608
1 273.27 635.357 260.85 642.819 243.092 613.266 255.512 605.803 0.552766
1 206.308 509.912 191.588 516.776 177.645 486.876 192.365 480.012 0.559873
1 89.9649 477.705 75.7031 481.261 67.6638 449.017 81.9257 445.461 0.604493
1 118.767 328.718 105.631 334.025 93.7913 304.72 106.927 299.413 0.614756
1 135.797 362.025 122.508 367.394 110.691 338.145 123.979 332.777 0.658967
