1 95.9931 558.259 79.6301 560.269 75.3278 525.229 91.6908 523.22 0.336055
1 328.818 210.658 326.532 225.095 291.641 219.569 293.927 205.132 0.444465
1 58.7434 14.0168 69.4474 19.9501 56.8854 42.6127 46.1814 36.6793 0.447014
1 10.1883 629.606 -5.73984 630.441 -7.68479 593.329 8.24331 592.494 0.476351
1 77.9392 378.682 62.1847 379.508 60.427 345.969 76.1815 345.143 0.503688
1 84.2033 421.048 68.327 423.563 62.7111 388.105 78.5873 385.591 0.547393
1 87.9708 470.193 71.6261 471.623 68.4744 435.6 84.8192 434.17 0.612987
1 93.8156 514.661 77.2338 515.53 75.3651 479.874 91.947 479.005 0.614838
1 38.3262 50.7477 52.3057 54.7562 43.2498 86.3377 29.2704 82.3292 0.623409
1 54.913 120.088 42.0257 125.035 30.9289 96.1264 43.8162 91.1794 0.669366
