1 576.904 254.903 561.491 257.345 556.157 223.669 571.571 221.228 0.308708
1 544.132 18.2783 557.362 19.2034 555.66 43.5355 542.431 42.6104 0.328475
1 607.319 351.51 602.037 364.582 570.807 351.964 576.088 338.892 0.444972
1 499.513 350.013 492.444 360.494 464.995 341.979 472.064 331.499 0.490432
1 503.276 396.669 489.958 398.541 485.582 367.402 498.9 365.53 0.497714
1 559.152 83.6301 544.233 84.412 542.514 51.6115 557.433 50.8297 0.522871
1 483.848 246.044 470.35 247.225 467.599 215.782 481.097 214.601 0.527494
1 633.092 647.139 615.103 649.989 609.124 612.242 627.113 609.393 0.530853
1 467.592 59.3518 452.432 60.1463 450.702 27.1253 465.862 26.3308 0.54475
1 565.228 124.241 549.398 126.749 544.021 92.8046 559.852 90.2972 0.563998
1 568.914 171.189 552.792 172.6 549.739 137.709 565.862 136.299 0.599716
1 528.516 605.081 512.464 607.052 507.736 568.548 523.788 566.577 0.606679
1 625.291 599.371 608.809 601.982 603.099 565.927 619.581 563.317 0.610165
1 574.781 213.172 558.457 214.313 556.073 180.224 572.398 179.082 0.629719
1 598.193 397.468 581.81 400.063 576.208 364.695 592.592 362.1 0.631682
1 477.369 287.302 493.325 288.698 490.18 324.651 474.224 323.255 0.645654
1 513.178 442.942 497.051 445.786 490.729 409.931 506.856 407.088 0.658223
1 625.216 556.553 609.456 559.332 603.224 523.989 618.984 521.21 0.658828
