1 305.026 305.167 317.54 306.262 315.394 330.782 302.881 329.687 0.25063
1 336.179 527.512 321.713 529.803 316.713 498.231 331.179 495.939 0.25888
1 223.353 58.0863 234.546 63.7896 222.131 88.1569 210.937 82.4535 0.322016
1 365.907 617.834 360.826 629.805 330.155 616.786 335.236 604.815 0.379061
1 318.709 367.389 304.79 368.363 302.696 338.428 316.616 337.455 0.39561
1 324.713 405.054 309.811 407.682 304.392 376.945 319.294 374.317 0.430757
1 246.697 518.165 233.361 519.566 230.328 490.706 243.663 489.305 0.475689
1 261.22 614.719 253.921 625.54 227.206 607.52 234.505 596.699 0.485657
1 208.618 84.2255 218.386 92.4222 202.864 110.92 193.096 102.724 0.516185
1 230.701 344.696 216.693 345.675 214.525 314.668 228.532 313.689 0.524888
1 328.312 448.981 313.466 450.279 310.621 417.758 325.466 416.459 0.530408
1 281.707 71.2882 294.958 75.088 286.354 105.095 273.103 101.295 0.536971
1 130.016 143.611 130.016 156.23 97.9134 156.23 97.9134 143.611 0.581002
1 235.745 28.4589 249.076 33.845 237.696 62.0115 224.365 56.6254 0.589525
1 239.944 556.377 255.192 557.711 252.265 591.159 237.017 589.825 0.609031
1 188.576 107.582 197.114 118.125 173.791 137.012 165.253 126.468 0.625463
1 162.238 125.754 169.931 136.74 144.525 154.529 136.833 143.543 0.637372
1 333.825 488.525 318.654 489.32 316.946 456.72 332.117 455.925 0.637467
1 297.871 135.869 285.272 140.706 275.051 114.08 287.651 109.244 0.642153
