1 337.323 164.927 322.842 167.22 317.566 133.912 332.047 131.619 0.261803
1 367.29 258.417 362.268 270.248 331.227 257.072 336.25 245.241 0.361265
1 264.796 300.336 251.707 302.176 247.46 271.954 260.549 270.115 0.451941
1 299.727 600.374 284.237 601.729 281.34 568.619 296.831 567.264 0.471606
1 325.996 37.7611 310.033 40.2894 304.619 6.10925 320.582 3.58098 0.520877
1 260.877 254.779 253.473 265.756 226.705 247.7 234.109 236.724 0.531164
1 391.536 580.61 374.581 581.796 372.186 547.544 389.141 546.359 0.540837
1 408.396 588.226 406.535 605.931 367.407 601.818 369.268 584.113 0.560429
1 290.211 499.812 273.772 502.415 267.852 465.04 284.292 462.436 0.565433
1 246.402 155.576 233.3 156.953 230.155 127.038 243.258 125.66 0.567451
1 274.409 345.055 258.852 347.798 252.711 312.97 268.268 310.227 0.594919
1 296.418 542.294 279.006 544.432 274.315 506.223 291.726 504.085 0.599422
1 384.794 495.093 368.251 497.714 362.695 462.639 379.238 460.018 0.60614
1 358.073 301.487 341.964 304.038 336.45 269.225 352.56 266.674 0.617213
1 329.039 83.3975 314.03 84.7106 311.086 51.0592 326.095 49.7461 0.618209
1 239.318 194.984 255.003 196.356 251.99 230.805 236.304 229.433 0.629644
1 384.292 454.124 368.886 456.84 362.75 422.042 378.156 419.326 0.635408
1 391.35 543.66 374.152 545.771 369.507 507.935 386.704 505.824 0.638978
1 334.651 123.972 319.303 124.776 317.579 91.8873 332.928 91.0829 0.650227
