1 564.59 214.442 554.475 226.078 531.232 205.873 541.347 194.237 0.321322
1 646.73 255.249 635.664 266.315 609.393 240.044 620.459 228.978 0.338664
1 613.697 144.314 603.096 155.682 580.833 134.922 591.434 123.554 0.458625
1 304.102 13.7188 292.224 24.4136 269.013 -1.36511 280.891 -12.0599 0.47076
1 643.57 276.36 632.418 288.318 607.247 264.846 618.399 252.887 0.473919
1 527.139 181.217 517.02 193.712 487.533 169.834 497.652 157.338 0.505786
1 324.454 23.7386 327.848 36.4058 295.4 45.1004 292.005 32.4332 0.533981
1 628.725 137.75 638.208 150.334 608.421 172.781 598.938 160.197 0.591567
1 390.821 72.7886 382.586 84.9977 354.668 66.1666 362.903 53.9575 0.598858
1 533.482 71.6452 525.632 83.2834 499.5 65.6571 507.35 54.0189 0.609007
1 592 122.416 582.566 134.491 555.805 113.583 565.239 101.508 0.614597
1 557.839 96.5748 548.09 109.053 524.527 90.6435 534.276 78.1653 0.616446
