1 578.186 494.408 561.841 501.012 547.62 465.812 563.965 459.208 0.26688
1 356.747 201.728 343.788 212.221 321.862 185.144 334.82 174.651 0.28568
1 205.183 12.3991 191.229 20.1339 175.102 -8.95992 189.056 -16.6947 0.342355
1 446.833 321.633 432.053 330.869 413.89 301.802 428.67 292.566 0.359104
1 410.019 272.617 397.516 281.701 379.231 256.533 391.734 247.449 0.369079
1 552.158 294.006 547.964 310.83 509.927 301.346 514.122 284.523 0.468225
1 473.761 355.064 460.543 364.319 440.119 335.151 453.337 325.896 0.486859
1 222.026 26.6748 222.026 40.1883 188.723 40.1883 188.723 26.6748 0.493042
1 482.978 335.312 469.194 343.925 448.033 310.062 461.817 301.448 0.498601
1 475.019 214.815 461.54 223.237 445.004 196.774 458.483 188.351 0.513812
1 323.282 18.0872 310.604 28.3535 288.701 1.3049 301.379 -8.96146 0.52059
1 594.004 352.51 594.591 369.319 552.876 370.776 552.289 353.966 0.523477
1 380.789 231.019 367.621 240.942 345.568 211.676 358.736 201.754 0.542162
1 526.967 414.613 511.613 423.838 491.935 391.087 507.289 381.862 0.560496
1 459.225 187.006 446.576 197.249 425.012 170.619 437.66 160.376 0.580545
1 273.76 91.075 262.26 100.725 240.828 75.1832 252.328 65.5335 0.583235
1 431.808 153.764 419.297 164.262 398.723 139.744 411.235 129.245 0.58326
1 579.648 343.011 566.914 353.323 543.781 324.756 556.515 314.444 0.584431
1 491.454 211.33 498.085 226.225 463.472 241.635 456.841 226.741 0.602076
1 413.48 122.392 402.938 132.222 381.233 108.946 391.775 99.1158 0.609501
