1 129.823 252.665 117.215 265.273 94.685 242.742 107.293 230.134 0.256998
1 84.5723 214.455 74.2788 226.297 50.963 206.029 61.2566 194.187 0.352307
1 404.912 458.475 395.429 473.078 359.537 449.769 369.02 435.167 0.354414
1 294.231 384.19 280.051 394.119 258.707 363.636 272.886 353.707 0.394423
1 133.741 144.311 123.044 155.782 100.707 134.953 111.404 123.482 0.44974
1 225.717 200.803 225.717 218.357 185.984 218.357 185.984 200.803 0.46037
1 370.685 335.822 387.524 341.293 375.932 376.968 359.094 371.497 0.461712
1 469.631 399.868 471.473 417.399 436.05 421.122 434.208 403.591 0.46806
1 228.129 320.654 215.924 332.859 189.868 306.803 202.073 294.598 0.476585
1 168.413 255.371 157.797 267.161 129.347 241.545 139.963 229.754 0.511649
1 446.954 495.51 436.024 510.014 403.586 485.57 414.516 471.066 0.533819
1 451.752 378.135 451.174 394.702 413.541 393.388 414.12 376.821 0.543117
1 163.73 276.563 153.024 288.454 127.225 265.225 137.932 253.334 0.543904
1 47.2191 181.112 36.8808 193.878 7.10717 169.768 17.4454 157.001 0.567015
1 148.485 137.902 157.973 150.492 128.222 172.912 118.734 160.321 0.580216
1 262.748 240.593 252.584 254.081 223.729 232.337 233.893 218.849 0.585085
1 112.034 122.399 102.556 134.53 75.7457 113.583 85.2238 101.452 0.615547
1 53.4973 71.6375 45.6001 83.3456 19.4011 65.6742 27.2984 53.9661 0.617669
1 77.8274 96.5553 68.0312 109.094 44.4506 90.6706 54.2468 78.1321 0.625491
1 278.02 245.785 282.602 261.763 242.798 273.176 238.216 257.199 0.625813
