1 105.915 101.494 117.656 106.969 105.692 132.626 93.9509 127.151 0.256204
1 74.1133 553.851 61.0286 554.537 59.7666 530.458 72.8514 529.773 0.260812
1 84.483 646.955 67.2586 649.683 60.9718 609.99 78.1962 607.262 0.307384
1 45.0455 75.3175 58.1511 81.9952 42.416 112.877 29.3104 106.199 0.321461
1 56.6782 202.623 68.3488 208.065 56.6961 233.054 45.0255 227.612 0.454967
1 72.1278 169.452 84.088 175.546 70.6523 201.915 58.6922 195.821 0.530554
1 77.3793 599.238 61.6865 600.611 58.4972 564.159 74.1901 562.786 0.545986
1 35.4348 243.371 50.1517 247.591 40.5961 280.916 25.8792 276.696 0.574235
1 53.1518 318.529 38.7722 323.48 28.0715 292.403 42.4511 287.452 0.579929
1 82.1259 1.89967 93.9273 7.91278 79.8464 35.5481 68.045 29.535 0.60483
1 121.891 61.5788 135.132 67.4739 122.052 96.8509 108.812 90.9559 0.606083
1 64.5562 33.7032 76.8029 39.9432 62.3153 68.3768 50.0685 62.1368 0.611116
1 89.324 131.48 102.491 138.189 87.9091 166.806 74.7426 160.098 0.646628
1 22.5755 115.447 35.6601 121.549 21.9919 150.86 8.90725 144.759 0.670448
