1 365.637 177.739 360.669 189.443 330.264 176.537 335.232 164.833 0.393505
1 264.878 217.95 252.004 219.989 247.565 191.961 260.439 189.922 0.410425
1 299.996 508.132 283.75 510.127 279.615 476.452 295.861 474.457 0.460431
1 261.21 174.641 253.849 185.554 227.184 167.568 234.545 156.655 0.466446
1 307.671 575.633 291.065 577.085 287.748 539.168 304.353 537.715 0.48192
1 246.662 78.0924 233.358 79.4907 230.336 50.7411 243.64 49.3427 0.486944
1 406.638 496.181 404.813 513.546 364.116 509.269 365.941 491.903 0.492049
1 332.347 607.211 314.92 608.125 312.675 565.303 330.103 564.389 0.492891
1 389.412 489.696 372.608 490.576 370.83 456.639 387.633 455.759 0.494864
1 312.289 621.271 295.98 622.411 293.406 585.595 309.715 584.455 0.526726
1 418.267 611.097 404.525 623.471 375.464 591.195 389.206 578.822 0.549418
1 290.224 410.997 273.455 413.954 267.041 377.576 283.809 374.619 0.558271
1 295.998 452.464 278.778 454.579 274.122 416.654 291.342 414.539 0.56107
1 382.941 406.917 366.161 409.575 360.635 374.687 377.416 372.029 0.598279
1 239.964 116.434 255.181 117.766 252.249 151.283 237.031 149.952 0.608229
1 382.779 367.855 367.51 370.823 360.752 336.059 376.021 333.091 0.608633
1 274.532 261.777 259.241 264.473 253.184 230.119 268.475 227.423 0.616914
1 333.835 48.4555 318.662 49.2506 316.954 16.645 332.126 15.8499 0.636618
1 356.754 219.743 340.795 222.27 335.455 188.555 351.414 186.027 0.645139
1 389.452 453.806 371.765 455.977 367.224 418.992 384.911 416.82 0.649833
