1 651.265 583.853 645.707 599.124 613.52 587.409 619.078 572.138 0.276541
1 427.567 16.857 412.839 19.4539 407.487 -10.8979 422.215 -13.4948 0.279081
1 458.361 150.3 445.653 153.234 439.569 126.881 452.277 123.947 0.363398
1 650.456 571.51 632.661 575.947 623.161 537.843 640.956 533.406 0.365404
1 645.302 512.781 633.025 526.416 602.5 498.931 614.777 485.296 0.420421
1 553.318 99.7953 549.685 112.467 517.727 103.303 521.36 90.6315 0.420962
1 503.039 334.616 486.663 339.003 476.975 302.848 493.351 298.46 0.430602
1 521.304 426.578 505.793 429.593 499.581 397.637 515.092 394.622 0.489178
1 451.568 108.178 445.951 119.696 416.699 105.429 422.316 93.9112 0.51169
1 511.918 373.195 495.138 376.456 488.132 340.413 504.912 337.152 0.515113
1 535.472 491.264 517.837 494.374 511.359 457.635 528.994 454.525 0.530149
1 607.529 398.567 591.236 401.148 586.114 368.814 602.408 366.233 0.534005
1 563.127 518.921 546.17 521.607 539.723 480.899 556.68 478.214 0.553203
1 548.975 143.139 533.353 146.746 525.682 113.521 541.305 109.914 0.561241
1 593.078 320.695 576.087 324.931 567.968 292.367 584.959 288.131 0.583712
1 544.806 534.156 528.442 536.748 522.757 500.849 539.12 498.257 0.583958
1 569.689 616.491 551.451 618.73 546.532 578.668 564.77 576.428 0.586882
1 441.035 87.0842 425.853 87.8799 424.062 53.702 439.244 52.9064 0.59086
1 624.019 404.063 624.019 421.081 582.925 421.081 582.925 404.063 0.601041
1 588.773 282.544 574.181 287.005 564.235 254.472 578.826 250.011 0.62035
1 603.707 364.348 586.967 368.521 578.402 334.168 595.142 329.994 0.628267
1 473.187 191.179 458.021 195.816 448.097 163.358 463.264 158.721 0.648043
