1 221.985 -0.628131 233.941 3.96136 223.655 30.7566 211.699 26.1671 0.415118
1 253.401 538.226 251.287 551.568 217.193 546.168 219.306 532.826 0.42488
1 178.163 93.8075 190.127 99.3865 178.65 124.001 166.686 118.422 0.450254
1 72.114 311.871 83.9216 317.887 71.2653 342.726 59.4577 336.71 0.478531
1 58.4662 343.449 69.2079 349.403 55.7755 373.636 45.0338 367.681 0.487249
1 65.0187 182.457 76.8516 188.487 62.9956 215.68 51.1627 209.651 0.507949
1 160.458 -6.31665 172.475 -0.712888 159.538 27.0321 147.52 21.4284 0.508948
1 112.375 88.6807 123.021 93.4205 112.485 117.083 101.839 112.344 0.51237
1 36.6128 383.286 51.1639 387.459 41.8995 419.767 27.3484 415.595 0.533185
1 97.2662 120.512 107.822 125.434 97.1395 148.344 86.5833 143.421 0.557061
1 166.634 117.241 178.889 123.485 165.743 149.287 153.488 143.043 0.568212
1 82.6183 151.332 93.9387 157.1 80.3903 183.69 69.0699 177.922 0.568829
1 173.15 63.3727 184.185 68.5181 171.723 95.2428 160.689 90.0973 0.589582
1 89.5129 276.594 102.103 283.009 88.2039 310.288 75.6135 303.873 0.644406
1 121.649 209.801 134.676 215.875 121.426 244.292 108.399 238.217 0.654881
1 24.0637 260.425 37.1425 266.524 23.8548 295.019 10.776 288.921 0.657449
1 53.2641 455.298 40.212 459.793 29.8668 429.748 42.9189 425.254 0.663861
