1 41.8537 317.613 55.4166 322.02 46.9311 348.135 33.3682 343.728 0.321611
1 -0.162041 443.483 14.4898 448.244 3.59689 481.769 -11.0549 477.008 0.349446
1 4.83067 221.332 16.8005 225.221 8.80238 249.837 -3.16741 245.947 0.439075
1 47.4791 20.0284 58.4857 26.1294 44.5634 51.2457 33.5569 45.1447 0.472712
1 54.3424 279.828 68.8836 285.41 56.5055 317.656 41.9643 312.074 0.519922
1 130.117 58.5853 143.16 62.8234 134.485 89.5232 121.441 85.2851 0.575552
1 21.6444 84.8514 34.715 87.869 27.4435 119.365 14.3729 116.348 0.582861
1 27.7568 363.56 41.9705 368.179 31.0838 401.684 16.8702 397.066 0.588561
1 92.2981 168.358 105.934 172.788 96.1352 202.945 82.4995 198.514 0.603288
1 105.85 126.392 118.868 130.124 110.469 159.417 97.4509 155.684 0.61687
1 142.08 18.42 155.285 21.9583 147.655 50.4336 134.45 46.8954 0.62926
1 120.382 89.0379 132.893 93.1029 123.645 121.566 111.134 117.501 0.630497
1 69.7184 241.928 83.7412 247.032 72.265 278.562 58.2422 273.458 0.636254
1 65.1808 45.8481 77.0868 50.4183 66.6945 77.4914 54.7885 72.9211 0.637772
1 43.8093 105.149 56.13 110.127 45.0703 137.5 32.7497 132.522 0.650551
