1 57.3634 409.004 58.9299 423.909 22.9356 427.692 21.3691 412.787 0.254741
1 109.031 120.502 111.571 131.502 84.6962 137.706 82.1567 126.707 0.344087
1 181.821 198.523 195.772 199.744 193.226 228.853 179.274 227.633 0.406776
1 314.93 389.339 316.518 404.451 281.164 408.167 279.576 393.055 0.46571
1 103.403 70.5981 104.97 85.5161 70.1551 89.1753 68.5871 74.2573 0.500957
1 261.231 115.477 246.514 116.506 244.426 86.651 259.143 85.6219 0.526876
1 244.811 122.895 262.434 124.437 258.953 164.231 241.329 162.689 0.539706
1 150.028 75.8727 151.018 90.0344 115.657 92.5071 114.667 78.3454 0.562842
1 197.121 186.899 181.708 187.707 180.034 155.775 195.448 154.967 0.582857
1 237.618 227.407 254.61 228.893 251.315 266.556 234.323 265.07 0.585616
1 243.248 184.979 258.152 187.073 253.467 220.404 238.564 218.309 0.589917
1 162.241 116.32 163.999 128.829 132.905 133.199 131.147 120.69 0.593846
