1 1.99161 327.801 16.1891 333.251 2.44742 369.05 -11.7501 363.6 0.319335
1 190.926 -15.7197 205.092 -11.6578 195.959 20.1923 181.793 16.1303 0.334031
1 78.0903 34.0365 89.1926 40.974 73.1127 66.7072 62.0105 59.7697 0.394132
1 29.11 253.501 41.7207 257.599 32.9606 284.559 20.3499 280.462 0.482452
1 7.52838 540.613 22.9863 545.936 10.2536 582.915 -5.20435 577.592 0.560239
1 66.6629 360.404 81.6964 365.288 70.8175 398.77 55.7839 393.885 0.563281
1 72.1562 124.578 85.2842 129.882 72.8104 160.756 59.6824 155.452 0.574419
1 163.956 76.5152 177.14 81.5763 166.704 108.763 153.52 103.702 0.577142
1 21.709 498.866 36.316 503.613 25.5501 536.747 10.9431 532 0.59061
1 49.3698 104.944 63.376 108.96 54.0224 141.58 40.0163 137.564 0.595842
1 51.1223 410.213 66.3362 415.156 54.6225 451.207 39.4086 446.264 0.600558
1 95.635 60.6057 108.327 65.4775 96.9946 94.9986 84.3029 90.1267 0.606246
1 29.0643 186.774 40.5723 196.093 18.7426 223.05 7.23456 213.731 0.609837
1 121.972 195.225 136.529 199.955 125.753 233.12 111.196 228.39 0.61365
1 79.7468 319.233 94.6372 324.071 83.818 357.369 68.9276 352.531 0.622469
1 176.129 32.365 190.206 36.4013 181.519 66.6962 167.442 62.6599 0.632064
1 153.318 108.678 166.678 113.806 155.185 143.746 141.825 138.617 0.633219
1 136.661 150.962 150.494 154.929 141.379 186.718 127.546 182.751 0.638558
1 96.0943 277.677 111.441 282.664 100.296 316.965 84.949 311.979 0.639904
1 14.575 288.534 29.1283 293.263 17.9393 327.699 3.38599 322.97 0.643999
