1 316.568 306.556 328.252 311.041 318.127 337.418 306.443 332.933 0.274259
1 181.787 450.703 194.454 455.565 183.338 484.523 170.671 479.661 0.435907
1 168.21 47.1175 182.634 54.4673 164.75 89.567 150.325 82.2173 0.500226
1 231.614 325 245.157 330.199 233.22 361.295 219.677 356.097 0.503632
1 250.635 282.823 263.618 287.806 251.636 319.02 238.653 314.036 0.505638
1 252.077 465.698 267.36 469.508 258.618 504.57 243.335 500.76 0.538716
1 384.975 124.829 398.155 129.889 387.742 157.015 374.562 151.956 0.556954
1 271.72 417.166 284.552 422.092 273.14 451.821 260.308 446.895 0.557608
1 256.026 613.074 256.026 629.282 218.447 629.282 218.447 613.074 0.567327
1 359.325 14.2685 371.964 19.1201 361.282 46.9464 348.643 42.0948 0.567862
1 374.568 153.415 387.826 159.318 375.284 187.487 362.026 181.584 0.571607
1 82.2133 569.917 82.7497 585.278 45.3979 586.583 44.8614 571.221 0.582558
1 286.433 196.177 299.252 201.884 285.586 232.578 272.767 226.87 0.583818
1 427.53 16.2294 440.804 21.325 429.592 50.5354 416.317 45.4398 0.584885
1 285.846 380.695 298.906 386.509 286.115 415.238 273.055 409.424 0.585531
1 301.863 337.793 316.279 343.913 302.233 377.005 287.816 370.885 0.589859
1 300.54 159.773 312.097 164.209 302.061 190.356 290.503 185.919 0.590064
1 378.026 91.2119 390.185 95.8792 378.983 125.06 366.825 120.393 0.5909
1 314.804 123.503 326.49 127.989 316.416 154.23 304.73 149.744 0.595479
1 270.09 233.289 283.227 239.138 269.651 269.631 256.514 263.782 0.598606
1 195.712 409.199 211.001 414.166 199.536 449.449 184.248 444.482 0.614511
1 330.866 260.81 345.29 266.347 333.423 297.26 319 291.724 0.615923
1 117.838 543.708 127.84 555.628 99.5411 579.374 89.539 567.454 0.619015
1 273.891 543.682 259.304 549.874 245.796 518.051 260.383 511.859 0.624302
1 168.249 483.705 179.73 490.88 163.52 516.821 152.039 509.647 0.626193
1 147.495 517.583 158.03 528.879 131.154 553.942 120.619 542.645 0.636051
