1 235.545 294.718 221.686 301.181 208.592 273.1 222.451 266.637 0.286178
1 317.714 234.397 328.724 241.276 312.919 266.568 301.91 259.689 0.31817
1 269.092 453.823 281.698 457.919 273.088 484.418 260.482 480.322 0.456245
1 290.774 610.121 306.566 615.252 294.963 650.965 279.17 645.834 0.491089
1 224.083 573.896 237.035 578.104 227.498 607.458 214.546 603.249 0.539438
1 390.306 93.608 403.332 98.6083 392.062 127.969 379.036 122.969 0.549804
1 402.323 57.8892 414.845 62.6957 403.854 91.3264 391.333 86.5199 0.550287
1 446.693 147.868 458.98 151.861 450.177 178.953 437.891 174.96 0.555234
1 312.236 323.949 325.66 329.373 312.875 361.018 299.451 355.594 0.564072
1 306.702 560.721 321.514 565.534 310.743 598.684 295.931 593.871 0.566921
1 289.295 304.923 303.455 308.983 294.088 341.65 279.928 337.59 0.573342
1 403.917 276.442 417.185 281.536 406.698 308.853 393.43 303.76 0.580485
1 491.565 5.09705 504.504 10.0639 494.107 37.1494 481.168 32.1826 0.586908
1 479.888 40.2891 492.973 45.3122 481.838 74.3219 468.752 69.2988 0.590103
1 269.078 386.655 280.687 396.055 258.856 423.014 247.248 413.613 0.593871
1 418.177 17.8721 431.407 22.1709 421.503 52.6543 408.273 48.3555 0.603604
1 335.593 260.606 348.289 265.479 336.963 294.984 324.267 290.111 0.604878
1 378.479 132.468 391.283 138.168 378.148 167.669 365.344 161.969 0.605394
1 241.386 527.798 256.173 533.474 243.141 567.423 228.354 561.747 0.607687
1 361.952 395.148 376.584 399.902 365.801 433.09 351.169 428.335 0.610305
1 319.717 519.255 334.636 524.103 323.804 557.44 308.885 552.592 0.623384
1 393.328 308.638 406.72 313.779 395.181 343.839 381.789 338.698 0.62685
1 375.719 351.011 389.829 354.268 382.37 386.579 368.259 383.321 0.634304
1 416.081 232.378 430.181 236.421 421.478 266.771 407.379 262.728 0.636538
1 254.496 488.492 269.15 493.253 257.87 527.97 243.216 523.208 0.637492
1 336.12 477.698 351.42 482.67 340.312 516.857 325.012 511.885 0.637604
1 431.621 186.401 445.057 190.767 435.484 220.23 422.048 215.864 0.67898
