1 209.665 317.14 197.209 322.948 185.091 296.961 197.547 291.153 0.311165
1 461.143 23.6884 471.116 26.548 465.62 45.7127 455.648 42.8531 0.318392
1 281.858 557.833 295.241 562.181 286.866 587.956 273.483 583.607 0.322408
1 406.443 -12.187 418.693 -8.6745 410.364 20.3707 398.115 16.8582 0.332127
1 238.972 31.9018 250.495 37.275 240.584 58.5304 229.061 53.1572 0.342332
1 287.683 260.497 298.364 266.418 284.599 291.251 273.918 285.33 0.380701
1 195.309 603.516 207.936 607.137 199.21 637.569 186.583 633.948 0.415102
1 244.485 461.258 256.646 465.209 248.47 490.374 236.308 486.422 0.479547
1 409.046 181.426 421.465 185.461 413.333 210.486 400.915 206.451 0.481705
1 294.351 519.883 308.859 525.453 296.504 557.64 281.995 552.071 0.520306
1 381.332 61.9731 394.068 66.1115 384.667 95.0462 371.93 90.9078 0.524869
1 366.778 99.4761 378.637 103.792 368.425 131.849 356.566 127.533 0.525783
1 283.2 19.2419 295.938 23.3807 286.742 51.6837 274.004 47.5449 0.531512
1 203.446 571.644 216.083 575.751 207.314 602.74 194.676 598.634 0.533231
1 344.766 168.587 356.916 173.496 345.492 201.773 333.341 196.864 0.547141
1 261.855 324.516 275.225 327.85 267.36 359.393 253.99 356.059 0.552203
1 219.284 529.184 233.107 534.49 221.238 565.409 207.416 560.103 0.55402
1 231.755 492.299 245.564 496.786 234.851 529.757 221.042 525.27 0.561462
1 243.862 400.796 254.548 409.763 233.972 434.285 223.286 425.318 0.563456
1 267.604 603.592 281.978 608.263 270.717 642.922 256.343 638.252 0.571991
1 355.814 132.306 368.288 137.094 357.308 165.697 344.834 160.908 0.572948
1 370.103 298.571 383.202 302.827 374.534 329.507 361.434 325.25 0.574533
1 450.421 52.2644 462.807 56.289 454.721 81.1734 442.335 77.1488 0.57466
1 393.749 23.9596 405.916 28.8754 394.484 57.1709 382.317 52.2551 0.589191
1 395.974 216.158 408.967 220.38 400.161 247.481 387.168 243.26 0.590164
1 332.283 408.31 345.979 412.76 336.162 442.974 322.466 438.524 0.594397
1 345.811 366.37 358.888 370.119 350.476 399.453 337.4 395.703 0.60912
1 360.377 328.989 372.95 333.074 363.686 361.588 351.113 357.502 0.620437
1 382.043 258.473 395.296 262.024 387.675 290.466 374.422 286.915 0.621601
1 305.167 285.823 317.114 290.409 306.706 317.523 294.759 312.937 0.625581
1 283.744 345.145 296.121 350.145 285.066 377.507 272.689 372.507 0.635832
1 309.731 481.998 323.707 487.085 312.262 518.528 298.286 513.441 0.639382
1 440.344 83.2535 452.588 87.9536 442.284 114.795 430.04 110.095 0.650461
