1 175.435 371.193 188.665 376.271 177.355 405.733 164.125 400.655 0.458048
1 371.283 -4.24999 382.94 0.224895 372.326 27.8771 360.668 23.4022 0.503143
1 378.37 27.574 391.861 31.9576 382.761 59.9641 369.27 55.5805 0.515282
1 243.721 194.125 257.189 199.295 244.607 232.072 231.139 226.902 0.517035
1 262.046 141.502 276.651 147.108 263.618 181.06 249.014 175.453 0.540987
1 161.412 405.559 173.401 413.05 156.371 440.303 144.383 432.812 0.542911
1 246.16 385.798 262.027 389.171 254.277 425.632 238.41 422.259 0.559854
1 178.552 541.645 178.552 557.2 142.656 557.2 142.656 541.645 0.562295
1 296.481 250.594 311.583 256.391 298.167 291.342 283.064 285.545 0.56737
1 293.01 63.7683 305.213 68.2099 295.047 96.1407 282.844 91.6991 0.568306
1 279.482 104.135 292.375 109.875 278.549 140.93 265.655 135.189 0.575307
1 265.66 334.917 278.799 339.186 268.739 370.148 255.6 365.879 0.582353
1 74.8623 497.77 75.4133 513.546 36.7303 514.897 36.1794 499.12 0.584318
1 224.417 238.226 239.401 243.978 226.348 277.982 211.364 272.23 0.605953
1 188.256 327.663 204.119 332.211 193.516 369.189 177.652 364.641 0.613601
1 307.562 26.1196 319.643 30.7569 308.997 58.4908 296.916 53.8535 0.616977
1 269.54 467.2 254.416 473.311 240.935 439.945 256.06 433.834 0.619179
1 111.318 469.518 120.852 482.171 90.5059 505.038 80.9713 492.386 0.626362
1 325.895 169.622 340.754 174.738 329.393 207.735 314.533 202.618 0.639227
1 368.781 57.2743 382.251 62.7167 370.291 92.3194 356.82 86.877 0.64406
1 139.901 441.463 150.897 452.85 123.872 478.947 112.876 467.561 0.647161
1 280.176 296.747 293.798 301.976 282.281 331.979 268.659 326.75 0.651688
