1 283.288 411.28 297.881 416.305 287.565 446.268 272.971 441.242 0.288154
1 356.648 2.05961 369.973 6.9094 357.771 40.4337 344.446 35.5839 0.288933
1 235.556 353.804 248.041 357.861 240.441 381.251 227.956 377.195 0.437103
1 189.262 488.936 201.651 492.961 191.956 522.799 179.567 518.774 0.439635
1 195.814 459.357 208.742 463.064 201.279 489.091 188.351 485.384 0.452591
1 252.102 224.277 264.845 227.219 258.038 256.7 245.296 253.758 0.471542
1 211.933 417.377 225.524 422.594 213.713 453.364 200.122 448.147 0.487409
1 426.848 -8.08776 439.391 -3.27326 428.596 24.8474 416.054 20.0329 0.500621
1 396.916 86.7626 408.535 90.5379 400.639 114.837 389.02 111.062 0.509439
1 345.286 40.4538 357.157 45.25 346.2 72.3684 334.329 67.5722 0.52972
1 234.65 295.251 245.382 303.636 226.407 327.923 215.675 319.538 0.546766
1 147.763 600.745 160.714 604.458 151.588 636.285 138.636 632.571 0.557611
1 219.813 602.248 233.818 606.798 222.794 640.726 208.79 636.175 0.56158
1 295.85 186.938 307.102 191.257 297.002 217.569 285.749 213.25 0.574941
1 370.252 159.754 383.125 163.445 375.547 189.873 362.674 186.181 0.579508
1 333.007 74.6304 344.972 79.2233 334.545 106.388 322.58 101.795 0.58397
1 359.11 198.74 371.612 203.29 362.516 228.282 350.014 223.732 0.58575
1 299.395 373.564 313.013 378.792 301.46 408.889 287.842 403.661 0.587277
1 349.648 227.704 361.746 232.107 351.694 259.724 339.597 255.321 0.59148
1 223.254 385.042 236.75 389.427 226.633 420.564 213.137 416.179 0.598813
1 259.017 490.286 272.566 494.688 262.316 526.234 248.767 521.831 0.609209
1 321.766 302.693 335.103 307.026 325.571 336.361 312.235 332.028 0.612674
1 233.614 566.125 246.755 571.17 235.648 600.105 222.507 595.06 0.618832
1 335.357 263.245 347.876 266.834 339.659 295.489 327.14 291.9 0.62291
1 383.948 120.489 396.113 124.441 387.73 150.245 375.564 146.292 0.635904
1 274.111 243.101 286.025 247.914 275.288 274.488 263.375 269.674 0.638824
