1 392.938 58.8088 407.937 65.8031 390.083 104.09 375.084 97.0956 0.345508
1 222.344 433.106 223.578 447.205 191.667 449.997 190.434 435.898 0.460401
1 413.007 498.623 426.487 503.798 414.729 534.428 401.249 529.253 0.479321
1 485.733 514.161 502.186 517.36 494.815 555.283 478.361 552.085 0.484064
1 483.229 313.248 497.04 318.549 484.231 351.918 470.42 346.617 0.527735
1 533.464 176.796 545.946 180.852 536.343 210.407 523.861 206.351 0.541998
1 505.799 460.102 519.392 464.519 508.681 497.483 495.089 493.066 0.547666
1 622.474 137.458 636.104 142.419 625.483 171.601 611.852 166.64 0.551546
1 613.598 100.858 626.421 105.024 616.226 136.4 603.403 132.233 0.561535
1 398.838 534.946 411.439 541.931 395.496 570.693 382.895 563.708 0.57634
1 216.966 282.475 218.065 298.186 182.216 300.693 181.117 284.982 0.581944
1 378.168 572.953 389.17 584.346 360.856 611.688 349.854 600.296 0.587292
1 502.48 257.474 516.766 262.958 503.467 297.604 489.181 292.12 0.589183
1 519.593 217.109 533.611 222.772 519.883 256.751 505.865 251.087 0.594732
1 520.7 419.823 534.64 425.174 522.625 456.473 508.685 451.122 0.606659
1 426.62 452.524 443.326 457.314 432.179 496.188 415.474 491.398 0.607404
1 510.06 599.901 494.462 605.888 481.095 571.069 496.694 565.081 0.611104
1 547.675 136.731 560.344 140.848 550.885 169.959 538.216 165.843 0.611896
1 463.816 359.207 478.714 364.925 465.432 399.526 450.534 393.808 0.613885
1 536.978 373.52 552.459 379.463 538.987 414.558 523.506 408.615 0.623914
1 567.146 287.395 582.323 292.621 570.613 326.629 555.436 321.403 0.626326
1 611.02 169.01 625.167 174.726 612.754 205.452 598.606 199.736 0.63184
1 346.825 602.229 357.248 614.65 327.434 639.667 317.012 627.246 0.634349
1 593.317 17.2157 606.593 22.0478 595.784 51.7453 582.508 46.9132 0.649024
