1 37.4256 376.557 50.0647 381.409 41.0226 404.964 28.3835 400.113 0.337005
1 86.7953 144.421 98.1971 150.741 83.3943 177.446 71.9925 171.126 0.447099
1 162.27 -5.86923 176.579 -0.376426 163.76 33.0189 149.45 27.526 0.540995
1 218.826 53.3706 231.35 57.44 222.303 85.284 209.779 81.2147 0.548702
1 59.8479 538.71 75.6143 543.231 65.044 580.094 49.2775 575.573 0.561366
1 22.3756 410.283 37.4457 414.604 27.0629 450.813 11.9928 446.492 0.571574
1 58.069 218.596 72.2521 222.663 62.7131 255.929 48.5299 251.862 0.571722
1 187.451 141.469 201.872 145.333 193.604 176.19 179.182 172.326 0.575482
1 76.5402 486.472 91.5602 491.352 80.3699 525.793 65.3499 520.912 0.58119
1 9.61166 452.496 24.5219 458.219 11.0998 493.185 -3.81045 487.461 0.582285
1 89.7002 441.976 105.034 446.958 93.5562 482.282 78.2227 477.3 0.606008
1 163.52 221.882 177.532 226.435 167.403 257.61 153.391 253.058 0.611236
1 38.1024 304.375 49.9941 314.353 27.0033 341.753 15.1116 331.775 0.614666
1 146.769 266.794 160.528 269.97 153.085 302.208 139.327 299.031 0.617595
1 148.872 37.8997 161.75 43.6332 148.564 73.25 135.686 67.5165 0.621314
1 106.315 398.455 122.311 403.652 110.42 440.25 94.4241 435.052 0.628567
1 104.425 171.821 117.803 176.167 107.653 207.404 94.2751 203.058 0.628748
1 80.9965 239.849 94.9077 245.189 82.8625 276.568 68.9514 271.228 0.631031
1 203.532 93.2315 217.411 97.7409 207.641 127.809 193.762 123.299 0.64055
1 133.318 313.24 148.005 318.012 136.97 351.976 122.282 347.204 0.646105
1 175.653 187.899 189.217 192.836 178.92 221.127 165.356 216.19 0.655418
