1 449.62 317.169 437.206 322.958 425.095 296.984 437.509 291.195 0.263772
1 478.948 31.9357 490.468 37.3074 480.57 58.5333 469.05 53.1616 0.324748
1 521.881 557.957 535.188 562.281 526.879 587.854 513.572 583.531 0.327098
1 527.696 260.498 538.375 266.417 524.613 291.244 513.934 285.325 0.38005
1 435.349 603.637 447.858 607.224 439.209 637.386 426.701 633.799 0.409167
1 484.515 461.295 496.623 465.229 488.461 490.35 476.353 486.415 0.481505
1 534.355 519.934 548.827 525.489 536.502 557.597 522.03 552.042 0.516882
1 621.359 61.6872 634.154 65.8446 624.666 95.0459 611.871 90.8886 0.51941
1 443.467 571.771 455.974 575.834 447.281 602.587 434.775 598.523 0.524579
1 523.205 19.2353 535.942 23.3739 526.746 51.677 514.009 47.5383 0.526557
1 606.753 99.4537 618.674 103.793 608.445 131.896 596.524 127.557 0.534581
1 584.764 168.57 596.93 173.485 585.502 201.769 573.337 196.854 0.545775
1 459.296 529.191 473.103 534.491 461.25 565.37 447.442 560.07 0.549547
1 501.876 324.557 515.172 327.872 507.335 359.302 494.04 355.987 0.556829
1 471.782 492.369 485.494 496.824 474.826 529.657 461.114 525.201 0.562841
1 483.854 400.881 494.463 409.783 473.956 434.223 463.347 425.321 0.566503
1 634.263 24.0486 646.349 29.4296 633.883 57.4296 621.797 52.0486 0.567922
1 507.606 603.601 521.977 608.27 510.729 642.89 496.357 638.221 0.570842
1 595.815 132.306 608.306 137.101 597.328 165.699 584.837 160.905 0.574303
1 610.131 298.598 623.184 302.839 614.514 329.523 601.461 325.282 0.584041
1 572.301 408.402 585.927 412.829 576.14 442.951 562.513 438.523 0.604124
1 585.838 366.4 598.875 370.138 590.481 399.41 577.444 395.672 0.616637
1 545.159 285.852 557.091 290.432 546.698 317.507 534.766 312.927 0.629869
1 600.374 329.061 612.903 333.132 603.666 361.559 591.137 357.488 0.631229
1 622.388 258.251 635.734 262.078 627.595 290.459 614.249 286.632 0.639927
1 523.77 345.174 536.122 350.164 525.081 377.491 512.729 372.501 0.641291
1 549.746 482.038 563.687 487.112 552.262 518.5 538.322 513.426 0.642527
