1 283.29 171.231 297.908 176.264 287.565 206.3 272.948 201.267 0.29279
1 347.873 -12.723 360.257 -9.17202 351.989 19.6639 339.605 16.113 0.297863
1 56.3397 619.597 71.1142 623.833 62.0788 655.343 47.3044 651.107 0.336607
1 189.238 248.887 201.685 252.931 191.967 282.838 179.521 278.794 0.436443
1 235.526 113.743 248.069 117.819 240.445 141.282 227.902 137.207 0.437355
1 195.804 219.282 208.779 223.002 201.279 249.156 188.305 245.436 0.452296
1 137.438 609.727 153.671 616.286 139.229 652.032 122.995 645.474 0.474786
1 211.915 177.389 225.537 182.618 213.722 213.398 200.1 208.169 0.490392
1 195.828 383.054 208.271 387.097 199.656 413.609 187.213 409.566 0.496682
1 133.226 404.904 146.014 409.812 134.451 439.935 121.663 435.026 0.529062
1 234.633 55.2267 245.417 63.6518 226.416 87.9712 215.633 79.5462 0.548405
1 141.262 535.776 155.036 540.251 143.477 575.825 129.703 571.35 0.557489
1 148.456 360.703 161.151 364.827 151.022 396 138.327 391.875 0.565101
1 219.893 362.246 233.786 366.76 223.153 399.488 209.259 394.973 0.581972
1 72.5194 575.227 85.8043 580.327 73.8016 611.595 60.5167 606.495 0.588743
1 299.388 133.512 313.033 138.75 301.462 168.893 287.817 163.655 0.59538
1 118.899 443.352 133.306 448.033 122.63 480.89 108.223 476.209 0.598094
1 149.387 576.831 163.633 581.46 153.426 612.872 139.181 608.244 0.601145
1 223.257 145.069 236.737 149.449 226.625 180.57 213.145 176.19 0.601546
1 193.766 442.974 208.866 447.88 197.527 482.78 182.426 477.874 0.604972
1 259.009 250.253 272.589 254.666 262.332 286.232 248.753 281.819 0.608548
1 321.761 62.6889 335.1 67.0231 325.567 96.3616 312.228 92.0274 0.615282
1 207.187 401.223 221.527 405.883 210.815 438.851 196.475 434.191 0.618621
1 233.581 326.019 246.848 331.112 235.69 360.181 222.423 355.089 0.620552
1 335.366 23.1852 347.9 26.7793 339.666 55.4935 327.132 51.8994 0.627632
1 274.156 2.64534 286.258 7.53492 275.353 34.5276 263.25 29.638 0.634216
