1 587.848 -12.6535 600.264 -9.09325 592.015 19.6754 579.599 16.1151 0.302656
1 523.294 171.228 537.943 176.272 527.609 206.286 512.96 201.242 0.3063
1 296.284 619.461 311.29 623.764 302.162 655.595 287.156 651.292 0.314959
1 429.246 248.876 441.701 252.923 431.98 282.841 419.525 278.794 0.43262
1 475.506 113.768 488.05 117.843 480.442 141.257 467.899 137.181 0.433976
1 435.825 219.344 448.739 223.047 441.267 249.103 428.353 245.4 0.448685
1 149.472 494.839 164.228 501.72 146.441 539.866 131.685 532.985 0.450545
1 377.407 609.711 393.697 616.293 379.224 652.114 362.934 645.532 0.466353
1 451.898 177.316 465.571 182.564 453.724 213.426 440.051 208.177 0.484078
1 435.817 383.048 448.269 387.094 439.651 413.616 427.199 409.57 0.497801
1 373.22 404.902 386.012 409.812 374.448 439.938 361.656 435.028 0.52313
1 474.621 55.2398 485.417 63.6745 466.436 87.9693 455.64 79.5345 0.538878
1 381.263 535.938 395.266 540.488 383.681 576.143 369.678 571.593 0.550754
1 388.435 360.69 401.168 364.827 391.025 396.044 378.292 391.907 0.560416
1 312.489 575.181 325.846 580.309 313.823 611.631 300.465 606.504 0.579258
1 459.904 362.223 473.808 366.741 463.169 399.483 449.265 394.966 0.585795
1 389.427 576.349 403.947 581.067 393.574 612.99 379.054 608.272 0.591766
1 539.359 133.476 553.085 138.745 541.497 168.934 527.771 163.665 0.593283
1 463.258 145.06 476.751 149.444 466.637 180.572 453.144 176.187 0.595633
1 358.887 443.322 373.333 448.016 362.647 480.905 348.201 476.212 0.596795
1 433.789 442.993 448.853 447.888 437.521 482.765 422.457 477.871 0.604812
1 499.006 250.231 512.601 254.649 502.337 286.237 488.742 281.82 0.606616
1 447.181 401.195 461.532 405.858 450.807 438.866 436.456 434.203 0.618528
1 561.745 62.6654 575.135 67.016 565.598 96.368 552.208 92.0174 0.619197
1 473.576 326.012 486.883 331.12 475.718 360.205 462.411 355.097 0.621145
1 575.338 23.1685 587.926 26.778 579.685 55.5179 567.097 51.9084 0.628341
1 514.135 2.6078 526.28 7.51459 515.353 34.5583 503.208 29.6515 0.635572
