1 584.176 443.101 595.726 448.487 583.547 474.604 571.997 469.218 0.290224
1 450.238 188.519 464.185 196.25 445.366 230.2 431.42 222.469 0.372965
1 445.944 573.573 458.26 579.316 445.342 607.019 433.026 601.276 0.432271
1 521.351 416.518 534.503 422.933 519.516 453.659 506.364 447.244 0.440924
1 273.906 502.91 274.355 515.768 243.012 516.862 242.563 504.004 0.450868
1 534.177 547.886 546.109 553.45 533.832 579.778 521.9 574.214 0.552385
1 275.352 372.765 275.846 386.922 241.896 388.107 241.402 373.95 0.560937
1 589.947 268.421 601.294 273.473 589.888 299.09 578.541 294.038 0.582421
1 460.794 535.648 475.761 541.393 462.878 574.955 447.91 569.21 0.586686
1 512.554 591.824 527.686 596.163 517.865 630.412 502.733 626.073 0.588943
1 549.998 513.489 562.588 519.904 548.762 547.04 536.172 540.624 0.596126
1 574.895 302.725 586.158 307.739 574.866 333.101 563.603 328.086 0.600125
1 430.716 605.39 441.677 613.354 424.264 637.321 413.303 629.357 0.608947
1 559.956 337.815 571.934 344.455 556.476 372.343 544.497 365.703 0.611492
1 540.848 371.391 553.61 377.343 539.873 406.802 527.111 400.851 0.636652
1 600.058 401.768 613.62 407.806 600.611 437.024 587.049 430.986 0.638931
1 567.827 473.704 581.151 480.493 566.087 510.058 552.763 503.269 0.656795
1 499.229 457.639 512.431 463.517 499.182 493.274 485.98 487.396 0.664723
