1 499.928 338.768 513.281 343.107 505.5 367.054 492.147 362.716 0.33372
1 547.689 127.264 558.942 133.502 544.871 158.887 533.618 152.649 0.361155
1 621.783 -9.53157 635.603 -3.94766 622.159 29.3293 608.338 23.7454 0.419206
1 449.281 485.75 461.929 489.859 451.91 520.696 439.262 516.586 0.425315
1 404.698 607.228 418.052 611.311 407.817 644.787 394.463 640.704 0.46046
1 608.633 31.9514 621.03 37.4707 608.425 65.7813 596.029 60.2619 0.469159
1 479.413 610.353 494.731 615.33 483.459 650.023 468.14 645.046 0.474891
1 621.977 198.699 635.296 203.547 624.783 232.43 611.464 227.582 0.487248
1 456.976 452.137 470.119 456.407 460.838 484.971 447.695 480.701 0.496035
1 542.314 214.676 555.34 219.676 544.292 248.458 531.266 243.458 0.501228
1 538.736 439.968 552.289 445.171 541.148 474.194 527.595 468.991 0.535374
1 633.382 167.19 646.566 172.251 636.178 199.313 622.994 194.252 0.554329
1 520.403 194.994 534.416 198.488 526.35 230.839 512.337 227.345 0.559368
1 473.996 407.799 488.448 413.347 475.874 446.106 461.421 440.558 0.583564
1 565.739 154.028 578.133 158.786 567.305 186.994 554.911 182.236 0.590902
1 551.668 399.923 566.008 405.428 553.536 437.919 539.196 432.414 0.599372
1 494.558 571.564 508.254 576.821 496.294 607.977 482.598 602.719 0.600103
1 606.851 239.581 620.168 243.4 611.342 274.181 598.025 270.362 0.601196
1 501.679 273.656 512.673 282.881 491.377 308.261 480.383 299.035 0.602362
1 522.626 487.545 537.303 492.314 526.234 526.382 511.557 521.613 0.61327
1 487.175 370.426 501.204 374.984 490.371 408.323 476.343 403.765 0.613687
1 567.462 360.943 581.775 366.153 570.129 398.151 555.816 392.941 0.643026
1 591.985 282.399 606.204 287.019 595.885 318.779 581.666 314.159 0.654905
