1 209.641 77.1426 197.203 82.9428 185.098 56.9839 197.536 51.1837 0.289283
1 281.876 317.822 295.237 322.163 286.849 347.977 273.488 343.636 0.308408
1 184.088 607.858 197.642 613.611 184.153 645.391 170.598 639.637 0.352665
1 287.698 20.4613 298.401 26.3939 284.612 51.269 273.909 45.3364 0.405898
1 195.273 363.569 207.759 367.149 198.957 397.848 186.47 394.267 0.441073
1 244.519 221.282 256.623 225.215 248.447 250.38 236.342 246.447 0.485925
1 294.361 279.848 308.873 285.419 296.504 317.642 281.991 312.071 0.518825
1 138.648 526.984 151.593 531.953 139.692 562.955 126.747 557.986 0.523502
1 203.457 331.664 216.067 335.761 207.32 362.682 194.71 358.585 0.525456
1 202.792 503.394 215.139 507.406 206.284 534.658 193.937 530.646 0.548708
1 261.866 84.5209 275.202 87.8459 267.345 119.36 254.009 116.035 0.549137
1 219.307 289.193 233.087 294.482 221.23 325.371 207.45 320.081 0.553081
1 231.778 252.322 245.524 256.788 234.825 289.717 221.078 285.251 0.561982
1 243.849 160.87 254.475 169.786 233.955 194.241 223.329 185.325 0.562354
1 370.12 58.5844 383.18 62.8278 374.508 89.516 361.448 85.2725 0.572817
1 214.218 522.081 228.949 526.867 217.64 561.674 202.909 556.887 0.578825
1 154.188 480.293 167.18 484.514 156.751 516.612 143.759 512.391 0.589529
1 267.799 363.682 281.875 368.255 271.053 401.563 256.977 396.99 0.594781
1 332.299 168.347 345.956 172.784 336.157 202.944 322.5 198.506 0.598077
1 123.198 567.673 138.008 572.485 127.123 605.985 112.314 601.173 0.602696
1 345.827 126.404 358.856 130.14 350.46 159.42 337.431 155.684 0.612308
1 226.62 482.1 241.401 486.903 230.394 520.78 215.613 515.977 0.615433
1 241.267 444.537 254.745 449.71 243.212 479.753 229.735 474.58 0.617448
1 360.38 88.9978 372.937 93.0775 363.674 121.584 351.118 117.504 0.620296
1 382.066 18.436 395.281 21.9768 387.656 50.4343 374.441 46.8934 0.625128
1 305.179 45.8488 317.094 50.4223 306.702 77.4935 294.788 72.92 0.629349
1 309.735 241.996 323.698 247.078 312.245 278.544 298.282 273.462 0.636445
1 283.765 105.13 296.144 110.131 285.078 137.521 272.699 132.519 0.636546
1 200.448 567.828 215.979 572.875 204.488 608.241 188.957 603.195 0.642781
