1 414.848 371.353 428.069 376.428 416.987 405.299 403.766 400.224 0.448813
1 229.977 307.265 231.161 320.799 199.646 323.556 198.462 310.022 0.501063
1 611.236 -4.05158 622.823 0.396494 612.281 27.8586 600.694 23.4106 0.513509
1 483.698 194.058 497.241 199.257 484.621 232.135 471.077 226.936 0.51469
1 401.403 405.526 413.442 413.049 396.402 440.32 384.362 432.797 0.537865
1 618.415 27.6443 631.71 31.964 622.639 59.8803 609.345 55.5606 0.539142
1 502.053 141.498 516.652 147.102 503.618 181.058 489.018 175.454 0.540651
1 486.142 385.788 502.045 389.168 494.295 425.629 478.392 422.248 0.555432
1 418.527 541.655 418.527 557.186 382.639 557.186 382.639 541.655 0.563819
1 536.47 250.544 551.61 256.356 538.164 291.385 523.024 285.573 0.565913
1 533.021 63.7847 545.197 68.2164 535.045 96.1089 522.869 91.6772 0.572352
1 519.48 104.112 532.388 109.859 518.548 140.944 505.64 135.197 0.573476
1 505.633 334.902 518.793 339.178 508.722 370.173 495.562 365.897 0.577044
1 314.928 497.74 315.48 513.551 276.789 514.902 276.237 499.091 0.578411
1 223.443 162.947 225.073 178.463 189.658 182.185 188.027 166.67 0.602916
1 464.425 238.233 479.4 243.981 466.353 277.97 451.378 272.222 0.605003
1 428.221 327.636 444.145 332.202 433.533 369.209 417.609 364.643 0.61206
1 509.526 467.187 494.418 473.291 480.96 439.979 496.067 433.875 0.618789
1 547.565 26.1387 559.636 30.7722 548.995 58.4919 536.924 53.8583 0.619801
1 351.284 469.573 360.799 482.201 330.545 504.999 321.03 492.371 0.621298
1 565.893 169.586 580.811 174.722 569.433 207.765 554.515 202.628 0.639778
1 379.899 441.451 390.918 452.862 363.875 478.977 352.856 467.566 0.6442
1 520.174 296.709 533.824 301.949 522.286 332.006 508.635 326.766 0.647508
1 608.798 57.2853 622.25 62.7204 610.289 92.3243 596.837 86.8892 0.652755
