1 18.5763 452.027 19.7713 465.685 -11.0105 468.378 -12.2055 454.72 0.276972
1 64.4275 319.054 65.431 330.523 36.8696 333.022 35.8661 321.552 0.30894
1 24.7242 321.103 26.241 331.895 -2.42954 335.925 -3.9463 325.132 0.351482
1 184.881 296.754 171.147 297.474 169.677 269.419 183.41 268.699 0.431122
1 217.272 510.89 232.668 512.237 229.649 546.743 214.253 545.396 0.437354
1 239.641 289.548 224.843 290.324 223.26 260.106 238.058 259.33 0.450492
1 135.394 438.507 136.952 453.325 102.752 456.919 101.195 442.102 0.513502
1 156.045 525.107 170.125 526.092 168.002 556.459 153.922 555.475 0.516426
1 75.5701 392.231 76.9527 408.034 39.6581 411.297 38.2755 395.494 0.533918
1 282.854 261.938 265.461 263.46 262.27 226.989 279.663 225.467 0.555195
1 78.7816 443.504 82.3958 455.326 55.1893 463.644 51.5751 451.822 0.560355
1 171.186 512.022 155.341 512.852 153.613 479.893 169.459 479.063 0.56083
1 236.142 437.116 221.215 438.422 218.491 407.286 233.418 405.98 0.566978
1 220.039 445.348 238.304 446.946 234.616 489.104 216.35 487.506 0.570633
1 205.99 265.952 221.824 268.178 217.332 300.137 201.498 297.911 0.576304
1 121.627 396.245 123.138 410.624 88.1343 414.303 86.6231 399.924 0.577208
1 213.799 554.63 231.08 556.142 227.699 594.794 210.417 593.282 0.578232
