1 190.185 -9.85519 201.729 -6.10419 193.01 20.7314 181.465 16.9804 0.338407
1 183.678 214.752 194.02 218.112 187.291 238.822 176.949 235.461 0.365023
1 53.007 35.1164 65.7459 39.2555 57.254 65.3907 44.5152 61.2516 0.396676
1 181.072 19.9303 192.31 25.1705 180.218 51.1008 168.981 45.8606 0.443109
1 111.508 215.613 124.52 220.608 113.083 250.403 100.071 245.408 0.478565
1 135.083 148.817 148.605 154.007 137.998 181.64 124.476 176.449 0.508798
1 70.3229 333.602 83.3324 338.596 72.0455 367.999 59.0359 363.005 0.547721
1 82.3176 297.861 94.853 302.673 83.8514 331.333 71.316 326.521 0.555271
1 126.727 387.882 138.961 391.858 130.165 418.931 117.93 414.956 0.55805
1 220.71 87.4899 233.012 91.4872 224.555 117.517 212.252 113.52 0.570873
1 203.11 142.499 215.327 146.469 206.856 172.539 194.639 168.569 0.579227
1 83.9651 516.546 97.0588 521.572 86.6285 548.744 73.5348 543.718 0.581378
1 35.9452 28.0869 49.3401 31.9278 41.2867 60.0133 27.8918 56.1723 0.58744
1 159.875 280.238 173.003 285.278 161.838 314.363 148.71 309.324 0.588382
1 171.526 245.569 184.288 250.468 174.054 277.129 161.292 272.23 0.594392
1 15.3763 500.603 28.0782 505.226 17.2645 534.936 4.56262 530.313 0.608146
1 98.145 257.964 111.357 262.257 101.456 292.729 88.2439 288.436 0.608509
1 58.5062 372.496 71.2525 378.171 58.1241 407.658 45.3777 401.983 0.614717
1 56.4637 141.076 69.6947 146.155 58.4096 175.554 45.1785 170.475 0.619246
1 73.368 548.703 86.6465 553.8 75.1404 583.774 61.8619 578.677 0.627494
1 96.1185 472.449 110.1 476.458 101.424 506.713 87.443 502.704 0.637578
1 56.3749 591.002 70.2683 594.725 61.6814 626.772 47.7879 623.049 0.640792
1 159.649 75.7635 171.782 80.1795 161.678 107.94 149.545 103.524 0.651505
1 111.637 426.417 125.034 430.77 115.471 460.201 102.074 455.848 0.678113
