1 20.2615 137.767 33.1664 141.96 25.2729 166.254 12.368 162.061 0.34232
1 141.931 -1.77576 155.572 3.18938 144.837 32.6858 131.195 27.7206 0.468955
1 62.3936 14.5622 75.4293 19.5662 64.3419 48.4496 51.3063 43.4457 0.495599
1 40.8488 -7.98742 55.7812 -4.26433 46.8892 31.3998 31.9567 27.6768 0.497177
1 57.9037 239.898 71.7486 244.396 62.0845 274.139 48.2396 269.641 0.522368
1 7.41786 170.207 21.433 175.033 9.92142 208.465 -4.09376 203.639 0.576527
1 14.4589 370.726 28.6546 376.175 16.2298 408.543 2.03406 403.094 0.594934
1 126.816 39.5784 140.161 43.4052 131.322 74.2305 117.977 70.4037 0.598134
1 71.6717 200.04 85.9623 205.526 73.5634 237.826 59.2728 232.341 0.602533
1 42.6276 287.291 57.4709 292.114 46.2789 326.559 31.4355 321.736 0.612423
1 21.6376 73.8997 32.4447 82.968 11.189 108.3 0.381899 99.2313 0.626197
1 87.2584 160.396 101.903 165.438 90.5644 198.367 75.9201 193.324 0.641745
1 112.036 82.4879 126.168 87.0799 115.858 118.811 101.726 114.219 0.659461
