1 449.629 77.1497 437.206 82.9426 425.107 56.9955 437.53 51.2027 0.297157
1 424.083 607.835 437.706 613.618 424.226 645.376 410.602 639.593 0.347951
1 521.881 317.869 535.238 322.209 526.887 347.91 513.53 343.57 0.348514
1 527.435 20.0547 538.405 26.1355 524.51 51.2031 513.54 45.1223 0.429617
1 435.291 363.698 447.695 367.255 438.951 397.748 426.547 394.191 0.452998
1 484.511 221.3 496.639 225.241 488.47 250.383 476.342 246.442 0.492956
1 378.65 527.001 391.59 531.968 379.697 562.952 366.757 557.985 0.522312
1 534.356 279.953 548.81 285.502 536.494 317.588 522.039 312.04 0.52372
1 443.481 331.765 455.977 335.825 447.298 362.538 434.801 358.478 0.533821
1 442.757 503.342 455.172 507.376 446.299 534.684 433.884 530.65 0.550767
1 501.632 84.9051 514.736 87.9303 507.488 119.325 494.384 116.299 0.557469
1 459.316 289.217 473.083 294.502 461.254 325.32 447.486 320.035 0.558153
1 471.793 252.39 485.471 256.835 474.829 289.588 461.151 285.143 0.566977
1 483.846 160.889 494.454 169.79 473.953 194.222 463.345 185.321 0.570127
1 454.203 522.095 468.956 526.889 457.661 561.652 442.907 556.858 0.582774
1 394.196 480.276 407.205 484.503 396.77 516.616 383.762 512.39 0.587943
1 610.14 58.5881 623.17 62.8217 614.494 89.5241 601.464 85.2904 0.589071
1 507.795 363.686 521.884 368.264 511.069 401.55 496.979 396.972 0.597807
1 363.204 567.612 378.063 572.44 367.155 606.011 352.296 601.183 0.599509
1 572.289 168.371 585.954 172.811 576.154 202.972 562.489 198.532 0.605786
1 466.635 482.159 481.393 486.954 470.418 520.733 455.66 515.938 0.618355
1 585.845 126.407 598.871 130.142 590.48 159.404 577.454 155.668 0.619058
1 481.267 444.551 494.742 449.724 483.219 479.743 469.744 474.57 0.622638
1 600.373 89.0674 612.897 93.1366 603.662 121.558 591.139 117.488 0.633269
1 545.177 45.8484 557.089 50.4209 546.701 77.4823 534.789 72.9098 0.635339
1 622.394 18.2057 635.729 22.0296 627.58 50.451 614.244 46.627 0.641807
1 523.778 105.147 536.137 110.141 525.087 137.489 512.729 132.496 0.642376
1 440.438 567.824 455.996 572.879 444.502 608.252 428.945 603.197 0.643766
1 549.74 242.018 563.705 247.101 552.269 278.52 538.304 273.437 0.644165
