1 344.936 1.30527 356.909 6.88848 343.897 34.7932 331.924 29.2099 0.278451
1 322.387 572.234 305.021 574.059 300.811 534.002 318.177 532.176 0.434231
1 205.89 133.468 218.391 139.297 205.339 167.287 192.838 161.458 0.453536
1 34.0006 62.671 34.4548 75.6779 2.79319 76.7836 2.33898 63.7767 0.461774
1 216.701 494.906 200.265 496.056 197.782 460.549 214.218 459.399 0.491797
1 294.111 107.497 306.359 113.208 293.934 139.855 281.686 134.143 0.530824
1 316.71 523.001 300.572 524.129 297.95 486.631 314.088 485.502 0.542276
1 343.534 297.797 342.955 314.392 303.838 313.026 304.417 296.431 0.553003
1 328.393 628.886 310.919 630.415 307.36 589.745 324.835 588.217 0.576571
1 102.885 242.815 102.885 257.52 65.9763 257.52 65.9763 242.815 0.593578
1 220.741 95.5226 235.876 101.332 222.908 135.113 207.773 129.304 0.595698
1 272.604 151.822 287.698 156.15 277.887 190.362 262.794 186.034 0.59732
1 309.984 73.4398 322.649 79.893 308.809 107.056 296.143 100.603 0.603981
1 190.73 165.362 201.648 173.295 184.256 197.233 173.338 189.3 0.619955
1 138.785 220.552 147.374 232.817 118.544 253.004 109.956 240.738 0.624737
1 291.055 227.586 276.548 233.154 264.56 201.924 279.067 196.355 0.629251
1 168.072 196.911 177.464 208.508 150.758 230.134 141.367 218.536 0.650244
1 327.772 33.6991 341.145 40.513 326.038 70.1615 312.665 63.3475 0.654008
1 259.201 17.549 272.51 23.4743 259.236 53.288 245.927 47.3627 0.666739
