1 194.989 -15.8629 210.015 -11.5542 200.752 20.7519 185.725 16.4431 0.257412
1 129.735 516.833 142.235 524.344 124.481 553.891 111.982 546.38 0.325847
1 288.87 164.729 303.298 170.853 289.068 204.377 274.64 198.253 0.393992
1 348.03 211.577 360.299 215.095 353.195 239.868 340.927 236.351 0.40469
1 208.864 609.339 224.955 615.516 211.312 651.058 195.221 644.881 0.472264
1 233.495 307.314 246.965 313.031 232.918 346.125 219.448 340.407 0.486498
1 374.733 125.432 387.936 129.722 378.214 159.643 365.011 155.354 0.550768
1 88.2555 215.926 102.982 222.177 88.7745 255.648 74.048 249.397 0.562715
1 34.7354 589.018 19.9455 594.695 7.19227 561.472 21.9821 555.794 0.563088
1 297.046 131.775 312.25 137.611 300.678 167.757 285.475 161.921 0.567553
1 147.844 548.643 162.78 554.377 148.858 590.645 133.921 584.912 0.5678
1 94.8941 601.554 109.669 605.791 99.362 641.737 84.5868 637.5 0.574324
1 223.296 571.377 237.881 576.976 225.673 608.779 211.088 603.181 0.576381
1 251.711 259.76 266.539 264.579 255.196 299.489 240.368 294.671 0.577202
1 397.585 59.6473 410.997 64.7955 399.332 95.1844 385.92 90.0362 0.595347
1 276.812 418.129 290.992 422.736 280.454 455.169 266.274 450.562 0.595802
1 201.706 397.369 216.384 403.599 201.791 437.977 187.114 431.746 0.600919
1 258.417 464.154 273.819 469.457 262.135 503.391 246.733 498.087 0.604002
1 110.354 235.092 123.54 240.689 111.495 269.067 98.3088 263.47 0.605391
1 268.44 209.716 282.847 215.832 268.728 249.095 254.321 242.98 0.607664
1 328.82 44.2806 342.269 49.443 330.521 80.0478 317.072 74.8855 0.609583
1 211.564 122.037 226.1 127.617 213.556 160.296 199.02 154.716 0.611677
1 334.339 248.99 348.462 254.411 336.734 284.964 322.61 279.543 0.619651
1 217.631 351.635 232.346 357.581 219.058 390.471 204.342 384.526 0.627199
1 319.285 288.877 334.265 294.929 320.395 329.258 305.415 323.206 0.628511
1 143.336 201.076 157.865 206.653 145.043 240.057 130.513 234.48 0.631144
1 239.403 519.231 254.961 524.286 243.785 558.683 228.227 553.628 0.641959
