1 8.60873 615.623 23.8376 621.469 10.7001 655.693 -4.52873 649.847 0.407623
1 16.7628 256.632 29.0156 263.424 12.4672 293.278 0.214389 286.486 0.41652
1 104.63 64.5217 117.496 68.7021 107.4 99.7727 94.5342 95.5923 0.53672
1 19.941 570.355 35.7111 575.479 23.755 612.276 7.98478 607.152 0.559795
1 34.891 286.507 49.1485 291.14 38.3134 324.487 24.0559 319.854 0.587206
1 198.53 5.4511 211.969 9.81778 202.39 39.3007 188.95 34.934 0.592654
1 107.048 303.633 120.826 308.11 111.308 337.402 97.5301 332.925 0.607103
1 92.628 104.569 106.253 109.799 94.4663 140.505 80.841 135.275 0.607698
1 151.872 162.814 164.919 167.053 155.577 195.805 142.53 191.566 0.60855
1 36.7931 525.247 52.9634 529.883 42.1105 567.732 25.9402 563.095 0.612435
1 120.362 255.509 135.267 259.783 126.055 291.908 111.15 287.634 0.613134
1 96.0739 339.328 110.328 343.96 99.6424 376.848 85.3879 372.216 0.614339
1 63.6146 434.804 79.0707 439.236 68.7606 475.191 53.3045 470.76 0.614614
1 10.508 358.52 24.3078 363.003 13.7326 395.55 -0.067112 391.067 0.615256
1 185.863 43.5558 199.951 48.9638 187.99 80.1238 173.902 74.7159 0.617749
1 121.555 20.173 135.129 24.5837 124.813 56.3345 111.238 51.9239 0.620016
1 79.6753 146.535 93.2422 151.743 81.1557 183.23 67.5888 178.022 0.623543
1 135.74 204.646 150.182 208.787 141.211 240.073 126.769 235.932 0.638249
1 78.8777 385.55 93.734 389.254 85.1575 423.653 70.3012 419.949 0.661277
