1 516.605 618.117 531.857 623.368 520.703 655.762 505.451 650.511 0.310999
1 197.834 428.677 213.29 435.884 195.795 473.402 180.339 466.195 0.372102
1 528.776 365.156 543.164 371.264 529.117 404.357 514.729 398.25 0.379645
1 595.918 179.419 607.664 185.404 593.729 212.754 581.983 206.769 0.394406
1 453.516 193.153 467.1 197.567 457.407 227.397 443.824 222.984 0.411489
1 588.102 411.562 600.306 415.062 593.181 439.91 580.977 436.411 0.415187
1 473.537 507.204 487.035 512.934 472.932 546.158 459.434 540.428 0.489549
1 607.672 144.543 620.414 149.434 609.341 178.281 596.599 173.39 0.523845
1 288.357 177.228 283.37 190.22 251.662 178.048 256.649 165.057 0.548472
1 328.274 415.839 343.083 422.125 328.815 455.738 314.006 449.452 0.556186
1 614.77 325.523 627.9 329.789 618.196 359.655 605.065 355.389 0.563121
1 537.099 331.737 552.206 337.536 540.61 367.744 525.503 361.945 0.565708
1 491.759 459.618 506.655 464.458 495.309 499.376 480.413 494.536 0.573488
1 350.037 435.011 363.409 440.413 351.766 469.231 338.394 463.829 0.595825
1 508.079 409.651 522.633 415.531 509.11 449.001 494.556 443.121 0.604971
1 441.575 597.745 456.335 604.01 441.747 638.377 426.987 632.112 0.606693
1 451.584 322.044 466.084 327.609 453.571 360.207 439.071 354.641 0.612231
1 434.806 184.372 449.402 188.557 440.445 219.794 425.849 215.609 0.61334
1 574.35 448.878 588.51 454.313 576.755 484.934 562.596 479.498 0.614319
1 568.816 244.413 582.21 249.554 570.515 280.019 557.121 274.877 0.619909
1 559.308 488.829 574.362 494.911 560.479 529.273 545.425 523.191 0.629395
1 383.329 401.017 397.893 406.607 385.023 440.133 370.46 434.542 0.630209
1 457.608 551.717 472.281 557.645 459.008 590.496 444.335 584.568 0.630861
