1 493.789 418.895 504.751 426.859 485.499 453.357 474.537 445.393 0.387199
1 335.197 409.791 349.237 417.574 332.508 447.753 318.469 439.971 0.536094
1 401.427 582.18 415.962 591.619 396.205 622.042 381.67 612.603 0.541172
1 632.974 147.4 646.542 155.553 629.066 184.639 615.497 176.487 0.545825
1 593.426 381.489 606.863 387.754 593.618 416.159 580.181 409.893 0.556415
1 612.304 190.224 624.923 197.218 609.179 225.621 596.56 218.626 0.578092
1 486.291 590.625 500.526 598.515 483.314 629.566 469.08 621.675 0.582511
1 316.551 395.695 331.539 403.005 315.516 435.858 300.528 428.548 0.592886
1 511.506 380.231 524.9 387.656 508.704 416.874 495.31 409.45 0.593652
1 158.129 360.179 150.163 373.437 117.648 353.9 125.614 340.642 0.600999
1 522.877 518.753 537.414 526.811 519.623 558.907 505.086 550.849 0.6111
1 308.019 559.576 323 568.578 303.686 600.722 288.704 591.72 0.624826
1 450.97 488.388 465.072 496.861 446.43 527.886 432.328 519.413 0.630275
