1 336.621 456.869 348.87 463.659 332.506 493.181 320.257 486.391 0.30707
1 472.38 129.966 486.277 135.3 473.813 167.77 459.916 162.436 0.337709
1 161.169 201.629 175.65 207.775 160.62 243.184 146.139 237.037 0.413273
1 530.297 172.405 541.124 175.105 535.391 198.099 524.564 195.399 0.439979
1 250.73 526.612 236.381 533.303 222.405 503.333 236.754 496.642 0.469597
1 454.276 172.873 468.322 178.265 456.293 209.599 442.248 204.207 0.513888
1 479.041 100.754 493.575 106.043 482.962 135.2 468.429 129.911 0.531918
1 306.231 201.916 319.148 207.134 308.741 232.891 295.824 227.673 0.54433
1 425.179 264.511 437.943 269.157 426.784 299.817 414.02 295.171 0.549388
1 283.841 185.312 298.005 191.034 285.862 221.088 271.699 215.366 0.555865
1 518.412 205.701 531.864 210.071 522.369 239.294 508.917 234.924 0.586921
1 306.565 536.99 321.008 540.591 312.505 574.696 298.062 571.095 0.586992
1 396.248 95.13 410.354 99.7131 400.398 130.352 386.293 125.769 0.591235
1 354.615 487.359 368.632 491.913 358.109 524.299 344.092 519.745 0.592844
1 330.704 557.23 345.234 562.233 333.57 596.11 319.04 591.107 0.598727
1 412.594 304.623 426.275 309.874 414.506 340.533 400.825 335.282 0.60587
1 441.53 220.165 455.166 224.596 444.831 256.404 431.195 251.973 0.614919
1 427.022 503.59 440.838 508.079 431.323 537.365 417.507 532.876 0.615812
1 416.018 539.16 430.468 543.855 419.739 576.874 405.29 572.179 0.617321
1 471.832 362.734 484.911 366.983 475.532 395.849 462.453 391.599 0.617377
1 505.886 243.658 519.909 249.041 507.971 280.139 493.948 274.756 0.620376
1 440.31 455.582 455.198 459.851 446.01 491.894 431.122 487.625 0.622029
1 399.683 346.511 413.236 351.714 401.168 383.149 387.616 377.947 0.622294
1 569.55 32.7759 582.729 37.0581 573.455 65.6001 560.276 61.3179 0.637377
1 455.759 404.699 470.129 408.82 461.156 440.112 446.786 435.991 0.637771
1 335.154 170.087 348.827 174.529 338.91 205.048 325.238 200.606 0.641091
1 505.223 20.4826 518.085 25.4197 506.958 54.4073 494.096 49.4701 0.644818
1 551.725 92.9285 564.31 97.0177 555.322 124.681 542.737 120.592 0.659352
1 398.839 585.591 413.748 589.308 405.198 623.6 390.289 619.883 0.661437
