1 576.989 257.559 588.859 264.139 572.78 293.146 560.91 286.566 0.339962
1 546.576 2.06712 559.569 7.85198 548.41 32.9164 535.417 27.1315 0.351212
1 401.142 1.38279 415.825 7.6154 400.627 43.4192 385.944 37.1865 0.35699
1 525.87 503.259 538.656 507.413 530.764 531.704 517.978 527.549 0.385895
1 568.406 615.409 583.919 621.676 570.066 655.962 554.554 649.694 0.406601
1 490.844 326.744 476.413 333.473 462.297 303.201 476.728 296.471 0.453801
1 579.927 570.457 595.646 575.565 583.752 612.172 568.032 607.065 0.570053
1 546.562 336.94 561.029 340.547 552.523 374.661 538.056 371.054 0.587891
1 594.653 287.274 608.64 291.819 598.113 324.218 584.126 319.674 0.588323
1 510.888 537.412 526.489 541.885 515.807 579.136 500.206 574.663 0.592056
1 497.843 581.319 513.429 587.301 499.379 623.903 483.793 617.92 0.595963
1 526.355 426.046 538.83 435.793 516.483 464.396 504.008 454.649 0.59752
1 570.658 357.367 585.149 362.357 573.52 396.129 559.029 391.14 0.603389
1 596.838 525.389 612.881 529.989 602.081 567.651 586.039 563.051 0.619074
1 623.732 434.718 639.224 439.16 628.867 475.28 613.375 470.838 0.631726
