1 268.869 1.87101 281.582 6.00182 271.054 38.4059 258.34 34.2751 0.285458
1 207.341 198.278 218.934 203.199 206.972 231.381 195.379 226.46 0.314417
1 152.366 370.037 166.257 375.369 153.823 407.758 139.933 402.426 0.346053
1 210.28 412.365 221.147 415.074 215.407 438.098 204.54 435.389 0.430997
1 329.003 -1.5247 342.361 2.05449 334.851 30.0812 321.493 26.502 0.492503
1 74.0421 217.336 86.8433 221.495 77.7014 249.631 64.9002 245.471 0.503281
1 134.277 412.885 148.312 418.272 136.294 449.581 122.259 444.193 0.51523
1 314.555 56.0643 327.626 59.082 321.37 86.1814 308.299 83.1637 0.523047
1 159.005 340.773 173.586 346.08 162.985 375.207 148.404 369.9 0.529387
1 105.192 504.53 117.917 509.161 106.767 539.795 94.0421 535.164 0.553185
1 284.757 156.527 297.394 160.15 290.078 185.664 277.441 182.041 0.563832
1 198.411 445.701 211.857 450.07 202.364 479.285 188.918 474.916 0.584694
1 76.2184 335.108 90.3831 339.711 80.4158 370.387 66.2511 365.784 0.591217
1 92.6157 544.675 106.23 549.901 94.4833 580.503 80.8689 575.277 0.612884
1 121.525 460.167 135.168 464.6 124.833 496.407 111.191 491.975 0.614986
1 185.869 483.612 199.93 489.01 187.973 520.158 173.912 514.761 0.617456
1 216.829 167.922 228.798 171.811 219.954 199.03 207.985 195.141 0.619622
1 151.789 602.782 164.954 607.059 155.512 636.116 142.348 631.839 0.625263
1 79.6941 586.572 93.1891 591.753 81.1467 623.124 67.6517 617.944 0.630536
1 249.544 272.758 262.737 277.044 253.457 305.606 240.264 301.319 0.633538
1 55.8502 210.141 69.6582 214.101 61.1502 243.772 47.3422 239.812 0.642753
1 15.2053 410.15 28.8151 414.573 18.9381 444.971 5.32828 440.549 0.642753
1 185.221 260.493 198.07 265.426 186.969 294.344 174.12 289.412 0.643411
1 231.726 332.915 244.315 337.006 235.323 364.679 222.734 360.588 0.657495
