1 232.378 129.943 246.303 135.289 233.837 167.764 219.912 162.419 0.333545
1 96.9983 458.197 108.357 464.493 92.6081 492.904 81.2496 486.608 0.336371
1 290.291 172.39 301.117 175.09 295.377 198.112 284.551 195.413 0.437387
1 214.274 172.881 228.314 178.271 216.288 209.598 202.248 204.209 0.513874
1 239.035 100.746 253.605 106.049 242.993 135.205 228.423 129.902 0.527659
1 185.188 264.56 197.901 269.187 186.766 299.779 174.053 295.152 0.549548
1 66.2445 201.945 79.1204 207.148 68.7238 232.88 55.8479 227.678 0.553788
1 43.8688 185.299 58.0078 191.011 45.8773 221.035 31.7383 215.323 0.565127
1 278.409 205.704 291.861 210.075 282.37 239.286 268.917 234.915 0.586374
1 156.23 95.1416 170.353 99.7305 160.403 130.354 146.28 125.765 0.589507
1 114.624 487.379 128.609 491.923 118.085 524.313 104.1 519.769 0.59318
1 66.5737 536.981 80.9984 540.578 72.4854 574.721 58.0607 571.125 0.593257
1 90.7317 557.286 105.2 562.268 93.5579 596.079 79.0896 591.098 0.601738
1 172.619 304.612 186.284 309.858 174.514 340.518 160.849 335.272 0.60615
1 231.844 362.758 244.897 366.999 235.522 395.851 222.47 391.61 0.615517
1 201.536 220.169 215.162 224.596 204.831 256.392 191.205 251.965 0.615545
1 265.883 243.63 279.915 249.017 267.965 280.146 253.934 274.759 0.616438
1 187.023 503.605 200.813 508.085 191.3 537.363 177.511 532.882 0.616573
1 176.04 539.187 190.443 543.867 179.729 576.842 165.326 572.162 0.618232
1 200.341 455.588 215.182 459.844 205.999 491.872 191.157 487.616 0.622572
1 159.663 346.502 173.229 351.71 161.151 383.174 147.585 377.967 0.622848
1 329.548 32.7619 342.728 37.0441 333.453 65.5884 320.273 61.3062 0.632819
1 215.75 404.706 230.125 408.828 221.152 440.121 206.777 435.999 0.637933
1 265.23 20.4602 278.103 25.4017 266.976 54.3902 254.103 49.4487 0.64089
1 95.1596 170.093 108.816 174.53 98.9033 205.037 85.2474 200.6 0.642185
1 311.711 92.8867 324.347 96.9924 315.338 124.718 302.702 120.612 0.655501
1 158.819 585.56 173.751 589.283 165.187 623.628 150.256 619.906 0.660037
