1 587.255 -14.3087 602.373 -7.89172 589.174 23.2025 574.057 16.7855 0.25247
1 202.786 617.136 217.058 625.376 200.045 654.844 185.773 646.604 0.282506
1 225.456 268.215 239.578 275.102 224.79 305.42 210.669 298.533 0.414633
1 280.636 467.112 295.327 475.255 277.018 508.285 262.327 500.142 0.454098
1 338.95 526.574 351.693 532.247 339.867 558.81 327.124 553.136 0.478301
1 296.879 607.27 313.334 616.391 292.854 653.337 276.399 644.216 0.482261
1 501.289 9.26937 514.249 15.8728 500.257 43.3327 487.298 36.7293 0.529424
1 62.0467 497.4 76.574 506.129 56.6731 539.25 42.1458 530.521 0.535223
1 528.635 115.741 542.694 122.001 529.448 151.75 515.389 145.491 0.554445
1 554.997 51.3278 568.681 57.709 555.854 85.2165 542.17 78.8352 0.555352
1 296.553 431.335 311.362 439.545 294.301 470.323 279.492 462.114 0.569127
1 379.256 434.961 393.057 441.692 377.905 472.759 364.104 466.027 0.569558
1 318.44 565.32 333.263 572.55 317.416 605.041 302.594 597.811 0.570697
1 473.291 232.563 486.871 238.05 475.524 266.133 461.944 260.647 0.575861
1 569.988 20.7019 583.32 27.495 569.12 55.3653 555.787 48.5722 0.580798
1 412.367 366.172 425.911 373.68 409.363 403.533 395.819 396.025 0.586524
1 340.945 339.119 354.736 346.763 337.625 377.632 323.834 369.988 0.60067
1 484.083 50.1631 496.695 57.1541 481.603 84.3808 468.991 77.3897 0.601022
1 51.4579 229.632 43.7746 243.493 11.5516 225.631 19.2348 211.77 0.60151
1 121.61 488.587 136.632 495.914 119.575 530.885 104.554 523.558 0.605265
1 205.618 411.934 220.249 420.044 202.538 451.996 187.907 443.886 0.608184
1 206.775 256.502 221.691 262.833 207.754 295.665 192.838 289.334 0.615855
1 254.33 514.025 268.835 522.741 249 555.751 234.495 547.036 0.617224
1 83.3212 520.583 97.6138 528.506 80.8642 558.723 66.5716 550.8 0.621089
1 395.599 234.844 408.442 241.963 392.781 270.217 379.938 263.098 0.624997
1 229.7 567.374 244.988 574.831 227.838 609.993 212.55 602.537 0.627798
