1 522.786 617.139 537.047 625.373 520.052 654.809 505.791 646.575 0.280689
1 545.456 268.247 559.557 275.125 544.783 305.417 530.682 298.539 0.406742
1 242.661 493.397 257.862 501.823 236.766 539.882 221.564 531.456 0.439382
1 600.651 467.097 615.334 475.236 597.024 508.268 582.342 500.129 0.457184
1 616.934 607.08 633.441 616.23 612.881 653.322 596.373 644.171 0.494424
1 382.026 497.39 396.601 506.147 376.674 539.312 362.099 530.555 0.523199
1 616.526 431.327 631.347 439.542 614.302 470.293 599.481 462.078 0.57012
1 371.461 229.637 363.789 243.477 331.59 225.629 339.262 211.789 0.602406
1 441.606 488.581 456.64 495.913 439.579 530.894 424.545 523.561 0.603515
1 525.618 411.929 540.254 420.042 522.538 452.004 507.902 443.891 0.606993
1 526.783 256.511 541.687 262.837 527.752 295.666 512.848 289.34 0.614805
1 403.315 520.573 417.623 528.504 400.866 558.736 386.558 550.805 0.617184
1 574.337 514.005 588.853 522.727 569.007 555.756 554.491 547.034 0.617637
1 549.703 567.367 564.997 574.827 547.845 609.993 532.551 602.534 0.627932
