1 372.503 101.767 385.355 105.943 377.096 131.362 364.244 127.186 0.262104
1 329.426 38.8506 341.64 42.8194 332.759 70.1521 320.545 66.1834 0.29358
1 242.549 307.083 254.205 312.519 241.375 340.032 229.719 334.597 0.297323
1 381.817 73.5125 394.805 77.7327 386.053 104.669 373.065 100.449 0.33295
1 181.001 485.356 195.035 490.743 182.268 524.002 168.234 518.615 0.376186
1 188.79 453.601 203.626 459.001 192.669 489.105 177.833 483.705 0.427428
1 240.217 529.926 251.319 532.901 244.93 556.748 233.827 553.773 0.438582
1 319.139 70.1083 331.792 74.2195 322.793 101.915 310.14 97.8036 0.441869
1 104.374 323.258 117.926 327.661 108.494 356.69 94.9418 352.287 0.488021
1 344.348 0.744305 356.889 5.81124 345.476 34.0599 332.935 28.993 0.495769
1 356.898 158.129 369.984 161.635 362.48 189.643 349.393 186.137 0.496107
1 392.812 46.4047 405.68 50.0946 398.578 74.8643 385.71 71.1744 0.518287
1 309.338 107.038 320.94 111.491 310.673 138.238 299.071 133.785 0.521132
1 322.386 263.489 335.23 267.172 327.862 292.868 315.018 289.185 0.53351
1 213.192 603.71 228.28 609.502 215.186 643.613 200.098 637.821 0.547941
1 284.349 384.568 297.772 389.721 286.617 418.781 273.194 413.628 0.596631
1 252.202 274.733 264.856 278.844 255.581 307.388 242.928 303.277 0.596866
1 39.7657 523.098 54.1497 527.772 43.5395 560.427 29.1555 555.753 0.613829
1 147.08 577.898 161.627 582.069 151.844 616.185 137.298 612.013 0.616731
1 9.23492 556.257 22.4972 561.348 11.6925 589.495 -1.56984 584.404 0.617773
1 162.264 529.478 176.697 535.019 164.067 567.92 149.634 562.379 0.620231
1 264.111 447.122 276.893 451.275 267.734 479.465 254.951 475.312 0.621569
1 227 565.547 240.624 570.506 229.782 600.295 216.158 595.336 0.622392
1 105.033 447.429 119.276 452.613 107.939 483.761 93.6956 478.577 0.645016
1 217.65 371.211 230.865 376.284 219.582 405.676 206.367 400.604 0.656884
1 86.4637 315.441 100.253 319.395 91.5523 349.737 77.7632 345.783 0.66578
