1 334.436 480.048 318.775 480.869 316.819 443.54 332.48 442.719 0.287057
1 600.743 208.953 600.743 221.245 572.007 221.245 572.007 208.953 0.336134
1 380.679 279.964 365.381 281.033 363.302 251.301 378.6 250.231 0.426186
1 613.747 274.882 614.395 287.245 582.275 288.928 581.627 276.566 0.435005
1 385.539 314.278 371.617 316.483 366.959 287.074 380.881 284.869 0.49996
1 548.747 123.257 549.857 135.949 515.965 138.914 514.854 126.222 0.510847
1 447.571 198.284 433.132 200.571 428.833 173.43 443.272 171.143 0.532835
1 607.047 244.789 607.047 256.467 577.34 256.467 577.34 244.789 0.542874
1 601.783 196.203 601.783 208.029 571.329 208.029 571.329 196.203 0.54847
1 380.016 247.616 366.161 249.81 361.724 221.8 375.58 219.606 0.570873
1 600.561 223.694 601.79 237.74 574.192 240.154 572.964 226.108 0.579102
1 611.967 260.088 611.967 272.737 580.269 272.737 580.269 260.088 0.588884
1 600.217 178.052 601.43 191.923 570.482 194.631 569.268 180.76 0.592942
1 372.049 419.667 358.412 421.827 353.392 390.131 367.029 387.971 0.618028
1 428.78 201.18 415.355 203.789 409.829 175.36 423.254 172.751 0.636358
1 323.83 612.402 308.467 613.746 305.533 580.214 320.896 578.87 0.648884
1 326.683 164.767 339.507 167.727 333.034 195.765 320.21 192.805 0.652939
