1 371.957 20.0325 371.957 32.7707 340.195 32.7707 340.195 20.0325 0.262305
1 367.373 4.68143 367.373 15.9923 337.31 15.9923 337.31 4.68143 0.284906
1 141.378 39.7152 125.452 41.1086 122.766 10.4084 138.692 9.01501 0.295605
1 175.762 514.511 159.373 516.523 155.138 482.027 171.526 480.014 0.3091
1 94.506 240.074 78.7529 240.899 76.7906 203.456 92.5437 202.63 0.319399
1 145.474 74.059 131.368 76.2932 126.764 47.228 140.87 44.9939 0.480337
1 104.846 630.698 89.1605 632.346 85.4176 596.735 101.103 595.086 0.608342
1 132.067 179.693 118.404 181.857 113.374 150.1 127.037 147.936 0.618425
1 617.917 280.41 629.277 289.942 608.325 314.913 596.964 305.38 0.640757
1 83.8373 372.437 68.4627 373.782 65.5239 340.191 80.8985 338.846 0.64548
