1 595.343 124.111 595.343 135.753 568.261 135.753 568.261 124.111 0.311734
1 609.089 187.023 609.706 198.79 579.11 200.393 578.493 188.626 0.341236
1 338.718 408.955 324.677 409.936 321.975 371.288 336.015 370.306 0.361412
1 597.836 110.876 597.836 123.019 567.336 123.019 567.336 110.876 0.375737
1 381.502 191.922 366.643 193.483 363.579 164.329 378.438 162.767 0.410515
1 546.047 41.0562 547.159 53.7669 513.691 56.695 512.579 43.9844 0.435972
1 595.935 137.883 597.168 151.974 569.583 154.387 568.351 140.296 0.488372
1 446.252 113.28 432.484 115.461 428.336 89.2727 442.105 87.092 0.491532
1 606.404 173.266 606.404 185.377 577.09 185.377 577.09 173.266 0.493733
1 385.784 224.365 372.336 226.495 367.856 198.205 381.303 196.075 0.506846
1 380.809 160.59 367.244 162.738 362.887 135.226 376.451 133.077 0.512417
1 602.464 157.407 602.464 168.949 573.355 168.949 573.355 157.407 0.520051
1 596.362 93.3739 597.594 107.45 566.794 110.145 565.562 96.0685 0.544426
1 328.86 86.2064 341.8 90.9161 332.266 117.11 319.326 112.4 0.587157
1 372.768 324.999 359.027 326.686 355.159 295.184 368.9 293.497 0.605681
1 333.278 596.77 318.044 598.102 315.118 564.66 330.352 563.327 0.634287
1 428.699 115.732 416.144 118.862 409.326 91.518 421.881 88.3876 0.641938
