1 101.796 234.337 88.9895 235.233 87.0733 207.831 99.8794 206.935 0.254885
1 55.8963 653.061 39.5815 654.489 36.7919 622.604 53.1067 621.176 0.271579
1 376.46 532.172 377.595 545.154 346.836 547.845 345.7 534.863 0.479024
1 381.569 585.936 381.569 598.865 351.598 598.865 351.598 585.936 0.496273
1 383.378 567.524 383.378 581.492 350.769 581.492 350.769 567.524 0.534193
1 325.782 481.245 326.575 496.387 289.675 498.32 288.881 483.179 0.538686
1 216.101 570.028 199.847 572.894 194.288 541.368 210.542 538.502 0.554753
1 383.498 603.15 384.801 618.048 353.83 620.758 352.526 605.86 0.59148
1 389.406 624.405 389.406 638.61 356.692 638.61 356.692 624.405 0.607351
1 18.9801 435.984 4.47178 437.765 0.677571 406.864 15.1859 405.083 0.609692
1 142.472 629.562 127.131 631.992 121.993 599.553 137.335 597.124 0.61238
1 196.321 574.565 180.558 577.629 174.031 544.054 189.795 540.99 0.617944
1 85.4333 483.856 72.2292 488.403 62.1314 459.077 75.3355 454.53 0.618703
1 383.186 548.069 384.422 562.202 351.756 565.059 350.52 550.927 0.642122
