1 84.5137 426.666 68.0334 427.818 65.0892 385.714 81.5695 384.562 0.289517
1 34.9141 401.673 14.3571 403.11 10.4454 347.169 31.0023 345.732 0.311948
1 144.996 336.706 127.164 338.266 123.976 301.837 141.809 300.277 0.418847
1 134.935 449.346 117.603 452.402 111.126 415.666 128.458 412.61 0.448895
1 403.923 330.746 403.923 344.789 371.36 344.789 371.36 330.746 0.455991
1 383.581 195.518 384.735 208.705 352.775 211.501 351.621 198.314 0.528904
1 331.909 141.535 332.446 156.919 294.775 158.234 294.238 142.851 0.55959
1 390.514 231.727 390.514 245.797 357.725 245.797 357.725 231.727 0.564946
1 402.123 310.96 403.322 324.664 370.815 327.508 369.616 313.804 0.579416
1 396.858 291.347 396.858 305.535 363.651 305.535 363.651 291.347 0.586323
1 220.285 235.337 202.8 238.42 196.775 204.249 214.26 201.166 0.587708
1 23.6506 190.203 8.49039 192.333 3.974 160.197 19.1342 158.067 0.58897
1 70.8554 531.234 54.8807 532.632 51.6488 495.691 67.6235 494.293 0.596383
1 135.722 512.102 119.622 514.079 114.983 476.298 131.083 474.322 0.602779
1 389.699 251.184 389.699 264.771 358.614 264.771 358.614 251.184 0.612331
1 151.571 379.952 135.075 382.86 128.839 347.498 145.336 344.589 0.614321
1 144.527 296.307 129.005 299.044 123.296 266.666 138.818 263.929 0.624579
1 199.15 240.298 182.887 243.459 175.986 207.961 192.25 204.799 0.636757
1 391.026 211.839 392.287 226.249 358.652 229.191 357.391 214.781 0.641932
1 391.146 269.566 392.381 283.685 361.73 286.367 360.495 272.248 0.647288
1 81.183 129.92 67.2153 134.459 57.111 103.361 71.0786 98.8224 0.650564
1 49.3784 228.546 34.1384 229.879 31.1676 195.923 46.4076 194.59 0.666446
