1 106.495 73.1798 93.0422 74.1204 91.0198 45.1995 104.472 44.2588 0.406124
1 408.008 457.181 408.008 472.675 374.243 472.675 374.243 457.181 0.481685
1 402.72 416.743 403.986 431.205 371.05 434.086 369.785 419.624 0.486929
1 345.721 357.488 346.305 374.196 307.59 375.548 307.007 358.84 0.533115
1 153.167 572.339 134.948 573.933 131.564 535.247 149.783 533.653 0.5561
1 415.193 521.189 415.193 537.251 381.552 537.251 381.552 521.189 0.566472
1 423.75 566.154 423.75 580.86 389.549 580.86 389.549 566.154 0.584488
1 421.539 544.523 422.796 558.899 390.556 561.719 389.299 547.344 0.605754
1 75.307 308.875 59.2258 313.184 50.3748 280.152 66.456 275.843 0.60654
1 159.268 619.913 142.118 622.937 135.527 585.557 152.677 582.533 0.610946
1 230.981 460.025 213.076 463.182 206.419 425.428 224.324 422.271 0.616986
1 410.019 498.716 411.353 513.957 379.42 516.751 378.087 501.509 0.623308
1 409.9 434.616 411.544 450.253 377.012 453.883 375.369 438.245 0.626673
1 151.768 526.889 135.585 529.452 130.038 494.431 146.221 491.868 0.629905
1 41.7115 630.626 24.1672 633.405 18.2181 595.844 35.7624 593.065 0.631856
1 59.9657 580.443 43.4071 581.892 40.1169 544.285 56.6755 542.836 0.63873
1 35.9872 258.233 20.3101 259.604 17.2785 224.953 32.9556 223.582 0.639252
1 208.972 466.066 191.822 469.09 185.06 430.742 202.211 427.718 0.646528
1 409.551 478.331 409.551 492.743 376.76 492.743 376.76 478.331 0.659152
