1 119.809 11.022 120.848 22.898 91.7891 25.4403 90.7501 13.5643 0.254503
1 123.976 57.4791 123.976 69.8851 95.7665 69.8851 95.7665 57.4791 0.41848
1 136.754 110.305 136.754 123.276 106.19 123.276 106.19 110.305 0.440411
1 139.266 125.918 139.719 138.883 107.257 140.017 106.804 127.051 0.44462
1 390.028 381.157 401.506 390.788 379.435 417.091 367.958 407.46 0.48331
1 525.141 455.636 510.919 459.182 503.348 428.813 517.57 425.267 0.489355
1 125.832 44.0126 125.832 56.1492 94.9275 56.1492 94.9275 44.0126 0.50368
1 132.512 93.1234 132.512 105.405 101.633 105.405 101.633 93.1234 0.531155
1 125.987 73.8183 127.176 87.4106 97.5196 90.0052 96.3304 76.4128 0.56202
1 125.658 25.0946 126.877 39.034 95.0573 41.8178 93.8378 27.8785 0.594734
