1 359.801 10.935 360.853 22.9509 331.74 25.498 330.689 13.482 0.254361
1 96.9048 651.779 80.7346 653.194 77.5419 616.701 93.7121 615.286 0.366746
1 90.6439 313.747 75.4204 314.545 73.4527 276.999 88.6762 276.202 0.398643
1 363.91 57.9958 363.91 70.4837 335.547 70.4837 335.547 57.9958 0.421455
1 379.3 125.885 379.756 138.921 347.249 140.056 346.794 127.021 0.421555
1 376.779 110.262 376.779 123.316 346.079 123.316 346.079 110.262 0.428325
1 145.8 166.921 131.219 169.755 125.335 139.48 139.915 136.646 0.454681
1 628.081 381.838 639.632 390.863 619.177 417.045 607.625 408.02 0.468555
1 141.75 131.617 125.148 133.07 122.368 101.3 138.97 99.8477 0.483489
1 208.142 46.3821 193.067 47.9666 190.064 19.4007 205.14 17.8161 0.510868
1 365.857 43.9477 365.857 56.2148 334.832 56.2148 334.832 43.9477 0.5178
1 372.53 93.0773 372.53 105.47 341.538 105.47 341.538 93.0773 0.536188
1 366.012 73.7641 367.209 87.4506 337.467 90.0527 336.27 76.3662 0.566351
1 74.7806 383.783 59.4077 385.67 55.2017 351.415 70.5746 349.527 0.574059
1 365.667 25.0606 366.893 39.0765 335.013 41.8657 333.786 27.8498 0.596589
1 139.978 97.3514 125.933 99.5759 121.35 70.6369 135.394 68.4124 0.609749
1 131.624 277.54 116.974 279.338 112.9 246.158 127.55 244.359 0.610591
1 97.0283 28.6243 82.266 29.3979 80.6439 -1.55407 95.4061 -2.32774 0.619482
1 190.067 49.4136 176.168 52.1153 170.407 22.4737 184.306 19.772 0.625349
