1 488.92 452.449 494.246 468.84 459.418 480.157 454.092 463.765 0.415835
1 151.305 118.813 151.305 132.658 117.904 132.658 117.904 118.813 0.479599
1 555.325 476.221 540.867 479.826 532.608 446.701 547.066 443.096 0.484098
1 412.929 398.071 425.642 407.651 403.999 436.373 391.286 426.792 0.516548
1 143.155 82.0907 143.872 95.7561 111.718 97.4412 111.001 83.7758 0.540081
1 135.447 44.6863 135.447 57.5184 105.77 57.5184 105.77 44.6863 0.573574
1 148.332 101.737 148.332 115.355 116.678 115.355 116.678 101.737 0.575115
1 135.919 28.3696 135.919 40.8888 105.492 40.8888 105.492 28.3696 0.594872
1 136.458 61.6734 137.687 75.7181 108.692 78.2548 107.463 64.2102 0.624943
1 138.03 9.06516 139.236 22.8481 106.734 25.6917 105.528 11.9087 0.638085
