1 73.3455 366.111 87.7643 367.12 86.0538 391.581 71.635 390.573 0.260235
1 365.366 101.926 365.761 113.232 335.938 114.273 335.543 102.967 0.347379
1 141.635 225.357 124.963 227.404 121.021 195.296 137.693 193.249 0.445358
1 371.922 134.265 371.922 146.756 340.119 146.756 340.119 134.265 0.457424
1 146.045 263.504 131.711 266.291 125.653 235.127 139.988 232.341 0.465767
1 639.925 488.2 652.605 498.468 630.838 525.347 618.159 515.08 0.477695
1 316.953 54.8212 317.453 69.1294 281.509 70.3845 281.01 56.0763 0.487248
1 384.011 220.154 384.478 233.515 352.146 234.644 351.679 221.283 0.5079
1 369.116 149.619 369.116 162.026 340.396 162.026 340.396 149.619 0.529951
1 378.198 186.873 378.198 199.697 346.516 199.697 346.516 186.873 0.541979
1 210.255 136.434 195.384 138.789 190.796 109.817 205.666 107.462 0.558521
1 140.593 189.826 126.929 192.482 121.157 162.79 134.821 160.134 0.575783
1 381.819 204.229 381.819 217.058 351.094 217.058 351.094 204.229 0.608581
1 131.522 378.595 116.66 380.42 112.552 346.956 127.413 345.131 0.626232
1 371.554 115.936 372.294 130.061 340.151 131.746 339.411 117.62 0.631347
1 370.685 165.452 371.933 179.718 342.942 182.254 341.694 167.988 0.635903
1 94.7354 97.7009 81.2061 100.331 75.5938 71.4582 89.1231 68.8284 0.654472
1 65.0057 395.266 50.4072 396.286 48.0748 362.931 62.6732 361.91 0.660945
1 191.33 140.244 177.342 142.963 171.317 111.964 185.304 109.245 0.665699
