1 417.436 628.53 400.269 630.943 395.136 594.423 412.304 592.01 0.265273
1 599.803 10.9743 600.852 22.9628 571.773 25.5069 570.724 13.5184 0.273394
1 336.889 651.76 320.732 653.174 317.542 616.705 333.698 615.292 0.368373
1 330.684 313.827 315.404 314.628 313.427 276.907 328.707 276.106 0.385061
1 603.881 58.0233 603.881 70.455 575.593 70.455 575.593 58.0233 0.433539
1 385.873 166.894 370.628 169.582 365.302 139.377 380.547 136.689 0.44896
1 381.751 131.613 365.098 133.07 362.32 101.318 378.973 99.8612 0.479943
1 616.752 110.329 616.752 123.265 586.24 123.265 586.24 110.329 0.49001
1 448.157 46.3754 433.089 47.9591 430.085 19.3793 445.154 17.7955 0.505474
1 619.253 125.968 619.702 138.835 587.32 139.966 586.87 127.099 0.508702
1 605.844 43.9613 605.844 56.2086 574.873 56.2086 574.873 43.9613 0.525478
1 612.493 93.1087 612.493 105.437 581.642 105.437 581.642 93.1087 0.550719
1 314.789 383.8 299.389 385.691 295.178 351.391 310.578 349.5 0.573101
1 605.995 73.793 607.188 87.4185 577.488 90.0168 576.296 76.3913 0.575653
1 371.648 277.581 356.948 279.386 352.866 246.14 367.566 244.335 0.6077
1 605.652 25.064 606.877 39.0653 575.003 41.854 573.778 27.8526 0.609704
1 379.973 97.3471 365.91 99.5745 361.324 70.6222 375.387 68.3948 0.613044
1 337.017 28.6312 322.271 29.4039 320.65 -1.53679 335.395 -2.30958 0.621246
1 430.07 49.4156 416.206 52.1105 410.446 22.4776 424.31 19.7828 0.624603
