1 351.775 19.6413 363.965 27.2587 349.682 50.1167 337.491 42.4993 0.300736
1 360.803 331.148 367.807 343.28 337.658 360.687 330.653 348.555 0.336942
1 210.689 293.84 209.158 308.407 174.589 304.774 176.12 290.207 0.420999
1 251.889 258.3 259.391 271.834 229.105 288.622 221.603 275.088 0.430291
1 31.3537 415.53 18.2649 425.039 -0.918839 398.635 12.17 389.126 0.440196
1 425.316 76.3458 425.082 89.7405 395.841 89.2301 396.075 75.8354 0.482521
1 81.4195 362.017 71.6064 370.252 52.4481 347.42 62.2612 339.185 0.485946
1 334.369 224.642 343.024 237.475 313.145 257.628 304.49 244.796 0.543431
1 412.622 58.8071 409.388 71.7788 380.797 64.6504 384.032 51.6787 0.574695
1 54.8199 386.037 44.0231 396.105 21.8855 372.366 32.6823 362.297 0.59122
1 336.411 315.242 344.168 326.742 316.678 345.284 308.922 333.784 0.591444
1 45.9377 403.426 35.6297 413.038 13.4955 389.302 23.8035 379.69 0.59148
1 73.1733 374.156 61.7687 383.725 40.7153 358.635 52.1199 349.065 0.594734
1 215.653 338.74 224.282 351.533 193.518 372.283 184.889 359.49 0.600209
1 162.912 387.764 169.932 402.157 133.164 420.09 126.144 405.697 0.600862
1 279.07 243.987 278.823 258.141 245.285 257.555 245.532 243.401 0.649321
