1 322.319 181.113 307.074 184.914 299.516 154.601 314.761 150.8 0.405851
1 540.301 136.273 534.791 149.911 503.233 137.161 508.743 123.522 0.421917
1 391.523 150.414 380.3 154.949 369.631 128.543 380.855 124.009 0.450256
1 355.88 161.439 343.072 166.614 332.134 139.543 344.943 134.368 0.500671
1 595.868 121.924 597.107 136.079 563.39 139.028 562.151 124.874 0.501564
1 460.061 204.372 461.09 219.085 424.321 221.656 423.292 206.943 0.52069
1 342.568 173.009 329.314 179.189 316.053 150.75 329.307 144.57 0.547446
1 528.331 179.054 531.492 193.928 495.079 201.668 491.917 186.794 0.556525
1 626.711 117.983 621.114 131.169 590.48 118.166 596.077 104.98 0.578592
1 378.261 158.46 363.408 163.574 353.185 133.885 368.038 128.771 0.637112
