1 530.768 293.755 529.223 308.461 494.41 304.802 495.956 290.096 0.411955
1 352.576 414.948 340.022 424.757 319.519 398.515 332.074 388.706 0.417518
1 571.966 258.22 579.504 271.819 549.028 288.712 541.49 275.113 0.41803
1 401.426 361.998 391.637 370.213 372.48 347.383 382.27 339.169 0.461175
1 374.791 386.071 364.029 396.106 341.867 372.34 352.629 362.305 0.563403
1 365.983 403.466 355.63 413.12 333.481 389.368 343.834 379.714 0.565295
1 393.162 374.165 381.794 383.703 360.729 358.599 372.097 349.06 0.570219
1 535.659 338.719 544.3 351.53 513.482 372.317 504.841 359.505 0.592669
1 482.921 387.728 489.961 402.161 453.09 420.145 446.05 405.711 0.595291
1 599.094 243.972 598.847 258.152 565.232 257.565 565.48 243.385 0.641737
