1 242.326 181.115 227.065 184.92 219.506 154.604 234.767 150.799 0.412843
1 596.458 226.846 598.181 240.874 561.626 245.362 559.904 231.334 0.425866
1 460.282 136.256 454.763 149.915 423.155 137.144 428.674 123.485 0.431351
1 311.535 150.427 300.293 154.969 289.614 128.536 300.855 123.994 0.46438
1 275.858 161.423 263.08 166.585 252.161 139.559 264.938 134.397 0.506578
1 380.072 204.369 381.1 219.074 344.268 221.649 343.24 206.945 0.525125
1 515.833 121.942 517.069 136.072 483.385 139.019 482.149 124.889 0.528023
1 610.965 121.014 613.914 136.185 576.712 143.417 573.763 128.246 0.560157
1 262.557 173.002 249.316 179.176 236.087 150.806 249.328 144.632 0.561763
1 448.312 179.09 451.463 193.912 415.098 201.642 411.947 186.82 0.562696
1 546.515 117.973 540.948 131.087 510.498 118.162 516.065 105.048 0.585812
1 578.204 203.898 580.788 217.194 547.888 223.589 545.304 210.293 0.597536
1 298.263 158.451 283.41 163.565 273.199 133.908 288.051 128.794 0.643518
