1 466.9 207.191 459.709 220.164 431.133 204.324 438.324 191.351 0.309739
1 377.916 253.332 377.099 268.932 337.725 266.869 338.543 251.269 0.408044
1 250.499 215.376 235.935 217.944 231.121 190.639 245.684 188.071 0.436338
1 523.393 202.778 522.665 216.658 489.543 214.923 490.27 201.042 0.485956
1 320.997 199.747 309.184 202.692 302.542 176.05 314.355 173.105 0.506777
1 616.55 215.529 617.075 230.553 579.13 231.878 578.605 216.854 0.516785
1 306.133 202.877 293.125 206.12 286.086 177.892 299.095 174.648 0.55301
1 448.216 243.444 448.726 258.045 412.403 259.313 411.893 244.712 0.56813
1 572.029 283.557 572.534 298.005 537.488 299.229 536.983 284.781 0.571794
1 284.726 204.74 271.878 207.943 264.82 179.633 277.668 176.429 0.598387
1 553.783 204.561 547.248 216.351 518.563 200.451 525.099 188.661 0.603191
1 268.551 211.559 255.717 214.759 248.473 185.704 261.306 182.504 0.605223
