1 529.988 277.993 539.441 288.49 513.966 311.427 504.514 300.93 0.359262
1 378.806 272.553 380.276 286.538 346.137 290.127 344.668 276.141 0.368627
1 396.25 260.221 395.548 273.616 363.443 271.934 364.145 258.538 0.384175
1 524.126 -3.11049 523.343 11.8312 491.442 10.1594 492.225 -4.78237 0.466127
1 267.985 365.678 259.636 376.364 235.65 357.624 243.998 346.938 0.51429
1 352.024 375.088 362.326 387.365 331.324 413.379 321.022 401.102 0.532263
1 539.226 13.1896 541.055 26.208 513.112 30.1351 511.282 17.1168 0.534744
1 242.136 414.014 234.413 425.464 207.737 407.471 215.46 396.021 0.544434
1 392.427 315.908 402.962 326.082 378.143 351.783 367.608 341.609 0.562718
1 247.234 395.409 239.093 407.479 212.02 389.218 220.161 377.149 0.585125
1 483.269 177.818 493.882 188.808 468.117 213.689 457.504 202.699 0.590644
1 410.672 227.713 420.505 239.026 395.235 260.993 385.401 249.681 0.593383
1 230.708 430.172 220.157 441.487 195.868 418.837 206.419 407.523 0.59634
1 434.076 209.292 436.012 223.063 403.152 227.681 401.217 213.91 0.626125
1 503.616 267.633 513.512 277.19 491.013 300.489 481.117 290.932 0.648098
1 261.957 379.419 252.758 391.193 226.732 370.859 235.93 359.085 0.650839
