1 491.861 156.432 496.062 169.36 462.277 180.337 458.077 167.409 0.362507
1 347.28 90.4091 343.799 104.372 311.036 96.2033 314.517 82.2404 0.451361
1 396.33 65.6013 400.531 79.3429 368.92 89.0075 364.719 75.2658 0.482949
1 281.829 173.23 285.794 188.031 246.142 198.656 242.176 183.855 0.492509
1 206.012 131.856 195.16 138.122 180.53 112.782 191.382 106.517 0.502559
1 145.725 174.314 131.291 181.354 116.719 151.476 131.153 144.436 0.562514
1 487.548 48.1185 493.049 62.4469 458.485 75.7148 452.984 61.3864 0.573883
1 344.296 136.135 349.596 149.943 315.075 163.194 309.775 149.387 0.58867
1 162.18 163.995 150.258 172.037 132.222 145.298 144.144 137.257 0.595678
1 471.75 137.154 476.438 150.035 444.869 161.526 440.18 148.644 0.597562
1 173.822 149.694 162.198 156.958 146.001 131.038 157.626 123.774 0.602375
1 194.967 142.203 181.969 150.013 164.896 121.598 177.894 113.788 0.607525
1 426.44 56.8308 423.044 70.4493 390.549 62.3474 393.945 48.7289 0.664828
