1 571.86 156.424 576.067 169.373 542.238 180.365 538.031 167.416 0.363029
1 427.296 90.4018 423.81 104.383 390.896 96.1769 394.382 82.1954 0.452639
1 476.368 65.5979 480.569 79.3375 448.932 89.0099 444.731 75.2703 0.482818
1 361.822 173.242 365.783 188.026 326.088 198.662 322.127 183.878 0.494237
1 286.001 131.858 275.171 138.11 260.538 112.763 271.367 106.511 0.496251
1 225.717 174.339 211.26 181.39 196.66 151.456 211.117 144.405 0.557897
1 567.542 48.1098 573.043 62.4409 538.464 75.7148 532.962 61.3837 0.577196
1 242.204 164.003 230.277 172.047 212.222 145.28 224.149 137.235 0.584059
1 424.297 136.136 429.596 149.94 395.057 163.199 389.758 149.395 0.58856
1 253.843 149.709 242.209 156.978 226.004 131.044 237.637 123.774 0.5982
1 551.75 137.163 556.434 150.032 524.871 161.52 520.187 148.651 0.599457
1 274.994 142.209 261.972 150.034 244.876 121.581 257.898 113.757 0.603385
1 506.435 56.8511 503.047 70.4395 470.551 62.3371 473.938 48.7487 0.667601
