1 582.392 -16.0822 596.945 -10.4961 584.174 22.7718 569.622 17.1856 0.276838
1 530.92 118.89 538.708 131.353 509.736 149.457 501.948 136.994 0.368959
1 543.506 101.057 547.612 114.487 516.157 124.104 512.05 110.674 0.486746
1 555.629 232.1 570.285 238.322 554.541 275.414 539.884 269.193 0.507547
1 564.483 156.615 579.232 161.407 567.796 196.603 553.047 191.81 0.525217
1 540.168 61.1768 554.987 67.1639 541.697 100.058 526.878 94.0707 0.555401
1 474.162 277.005 471.279 291.839 438.057 285.382 440.94 270.547 0.562726
1 473.652 258.821 471.104 271.93 440.225 265.928 442.774 252.819 0.574924
1 552.782 32.3681 560.628 44.0003 533.204 62.4982 525.358 50.866 0.582241
1 469.889 340.729 465.964 356.469 431.789 347.948 435.713 332.208 0.585013
1 472.166 320.014 470.073 334.903 436.971 330.251 439.064 315.362 0.623732
1 468.426 299.495 466.042 314.551 432.216 309.194 434.601 294.137 0.63423
