1 277.307 83.6619 276.121 97.2166 243.644 94.3752 244.829 80.8205 0.34312
1 394.697 293.214 409.525 296.365 402.39 329.931 387.563 326.779 0.347445
1 251.669 9.47669 260.287 20.9132 236.665 38.7143 228.047 27.2777 0.479046
1 253.387 371.421 263.166 383.076 235.172 406.566 225.393 394.911 0.503292
1 172.762 33.3848 158.021 37.3344 150.167 8.0199 164.907 4.07021 0.506862
1 229.553 3.1203 235.377 16.2 205.635 29.4419 199.812 16.3622 0.514127
1 289.882 497.205 305.442 501.666 293.725 542.527 278.165 538.066 0.521393
1 292.574 413.297 307.803 416.258 300.6 453.314 285.371 450.354 0.525187
1 257.774 306.307 273.403 310.788 262.581 348.528 246.952 344.047 0.532714
1 264.844 350.324 270.958 364.728 237.95 378.739 231.836 364.335 0.53981
1 209.068 626.612 207.357 642.895 171.062 639.081 172.774 622.797 0.554106
1 295.187 213.264 311.36 216.702 303.016 255.956 286.843 252.519 0.58535
1 209.816 602.812 209.816 618.965 173.729 618.965 173.729 602.812 0.59381
1 205.569 534.036 204.8 548.705 171.051 546.936 171.82 532.267 0.607329
1 365.713 296.353 380.096 299.149 373.52 332.982 359.136 330.186 0.616232
1 208.74 554.277 206.95 571.313 170.448 567.476 172.239 550.44 0.61933
1 269.526 273.763 278.73 285.978 250.422 307.31 241.217 295.095 0.638905
1 204.035 580.176 203.155 596.968 166.13 595.028 167.01 578.236 0.646845
