1 641.877 592.151 635.901 606.944 600.191 592.516 606.168 577.723 0.254175
1 260.999 355.995 256.57 371.442 227.373 363.069 231.802 347.623 0.284678
1 654.113 502.969 649.494 519.075 616.392 509.583 621.01 493.477 0.328176
1 154.522 405.237 149.075 418.07 120.273 405.845 125.721 393.011 0.375346
1 313.551 471.268 308.419 483.359 280.241 471.398 285.373 459.308 0.443686
1 488.384 442.767 482.466 459.954 450.32 448.885 456.238 431.698 0.456499
1 400.283 500.515 407.302 512.672 377.769 529.723 370.75 517.566 0.537852
1 376.92 499.013 369.33 511.159 340.969 493.438 348.559 481.291 0.555023
1 618.957 488.792 614.685 501.198 585.492 491.146 589.764 478.74 0.5846
1 299.862 373.76 294.335 386.78 264.652 374.18 270.179 361.161 0.618228
1 479.86 528.855 475.376 542.656 443.725 532.372 448.209 518.571 0.629818
1 335.311 387.03 329.02 399.929 300.652 386.093 306.943 373.194 0.686266
