1 20.0613 455.111 16.3032 470.184 -15.8104 462.177 -12.0522 447.104 0.290557
1 223.401 253.364 236.774 259.041 223.979 289.183 210.606 283.506 0.307552
1 20.3882 436.824 16.9771 450.505 -14.6406 442.622 -11.2295 428.941 0.321358
1 140.625 61.2231 138.799 72.7506 108.806 68.0003 110.632 56.4728 0.321554
1 127.123 -7.30796 134.33 5.17527 109.061 19.764 101.854 7.28077 0.37971
1 82.0051 305.089 89.0992 317.376 61.3782 333.381 54.2841 321.094 0.385469
1 96.8501 288.12 100.345 301.164 69.1607 309.52 65.6654 296.476 0.476273
1 141.666 174.81 156.225 180.398 143.262 214.168 128.703 208.58 0.512619
1 101.525 415.573 115.715 422.803 97.722 458.116 83.5319 450.886 0.527402
1 95.7953 249.743 109.573 256.462 94.5882 287.185 80.8107 280.465 0.545678
1 114.638 342.79 128.774 348.216 115.868 381.837 101.732 376.41 0.560798
1 195.215 253.268 208.647 257.632 198.751 288.086 185.32 283.722 0.60034
1 109.367 223.092 116.296 235.094 87.9133 251.481 80.984 239.479 0.659427
