1 272.746 -13.3326 284.475 -3.13673 262.015 22.7009 250.286 12.505 0.26818
1 517.282 83.6595 516.097 97.2048 483.589 94.3607 484.774 80.8154 0.366785
1 271.291 59.0108 269.537 75.6994 235.101 72.08 236.855 55.3913 0.413688
1 493.44 371.342 503.263 383.049 475.167 406.625 465.343 394.918 0.491498
1 491.653 9.49223 500.265 20.9209 476.692 38.6848 468.08 27.2562 0.496776
1 412.766 33.371 398.024 37.3209 390.174 8.02166 404.915 4.0717 0.510738
1 469.58 3.09347 475.416 16.2 445.638 29.4577 439.803 16.3512 0.512925
1 529.891 497.247 545.418 501.7 533.728 542.469 518.201 538.017 0.523225
1 194.65 38.8694 191.875 53.1467 156.86 46.3406 159.635 32.0632 0.524882
1 532.547 413.302 547.805 416.268 540.6 453.334 525.343 450.368 0.525968
1 497.769 306.253 513.427 310.743 502.587 348.546 486.929 344.056 0.530386
1 504.876 350.298 511.001 364.727 477.953 378.755 471.828 364.326 0.533233
1 60.4868 43.2322 58.2761 57.1896 25.5152 52.0008 27.7258 38.0433 0.544157
1 449.049 626.617 447.341 642.86 411.099 639.051 412.806 622.808 0.555988
1 199.859 57.0767 197.663 70.9407 167.208 66.1171 169.404 52.253 0.56452
1 535.203 213.311 551.332 216.739 543.004 255.922 526.875 252.493 0.584395
1 449.806 602.82 449.806 618.951 413.766 618.951 413.766 602.82 0.598635
1 445.564 534.035 444.795 548.71 411.049 546.941 411.818 532.266 0.609284
1 605.685 296.335 620.115 299.14 613.525 333.046 599.094 330.241 0.614475
1 448.745 554.267 446.952 571.327 410.439 567.49 412.232 550.429 0.620836
1 509.499 273.804 518.686 285.995 490.449 307.274 481.262 295.082 0.636805
1 444.039 580.162 443.157 596.987 406.135 595.047 407.017 578.222 0.646421
