1 562.306 64.8982 569.375 77.6511 541.264 93.2332 534.195 80.4803 0.363092
1 576.861 48.1583 580.338 61.1373 549.196 69.4818 545.718 56.5028 0.459981
1 581.522 175.547 595.759 182.801 577.762 218.121 563.526 210.867 0.523629
1 575.869 9.55138 589.682 16.2883 574.607 47.1956 560.795 40.4587 0.539764
1 492.112 275.337 487.7 290.724 455.316 281.438 459.728 266.051 0.544148
1 594.603 102.72 608.842 108.186 595.892 141.922 581.653 136.456 0.555909
1 499.429 214.618 495.811 229.128 463.388 221.044 467.005 206.534 0.604166
1 499.834 196.962 496.592 209.967 466.674 202.508 469.917 189.503 0.611812
1 494.986 255.538 492.694 270.008 460.158 264.855 462.45 250.385 0.61904
1 492.564 235.799 489.68 250.64 456.893 244.267 459.777 229.426 0.651519
