1 592.382 332.642 589.696 346.462 560.341 340.756 563.027 326.936 0.273404
1 542.501 322.668 540.584 338.278 504.899 333.897 506.816 318.287 0.448874
1 603.424 251.082 599.772 265.731 569.671 258.226 573.323 243.577 0.482532
1 358.019 214.887 355.738 231.12 322.815 226.493 325.096 210.26 0.502759
1 153.762 187.26 151.058 201.172 119.013 194.943 121.717 181.031 0.505783
1 283.517 287.959 292.586 298.766 266.345 320.785 257.276 309.978 0.517661
1 367.855 297.866 367.077 312.702 332.853 310.909 333.631 296.072 0.555821
1 613.746 239.633 628.057 246.613 612.828 277.839 598.516 270.858 0.555975
1 498.565 229.973 496.647 243.615 465.49 239.236 467.407 225.594 0.558554
1 187.546 279.416 185.003 292.5 154.573 286.585 157.116 273.501 0.567866
1 574.315 243.762 572.524 258.351 539.395 254.283 541.186 239.695 0.572693
1 532.002 238.094 529.825 253.58 499.191 249.274 501.367 233.789 0.586587
1 258.049 289.868 253.946 304.174 221.981 295.008 226.084 280.702 0.628127
1 192.916 192.07 190.155 206.271 157.965 200.013 160.726 185.813 0.671445
