1 457.152 305.712 463.904 321.618 429.789 336.099 423.037 320.193 0.292355
1 295.984 372.59 294.433 387.346 258.421 383.561 259.972 368.805 0.329517
1 21.488 354.004 17.7675 368.926 -14.5267 360.874 -10.8061 345.952 0.332022
1 511.298 391.156 508.606 408.153 473.578 402.605 476.27 385.609 0.349929
1 352.572 305.112 349.886 318.929 319.895 313.1 322.581 299.282 0.378171
1 517.504 312.906 529.029 324.036 502.194 351.825 490.669 340.695 0.462567
1 361.139 292.485 375.319 298.504 362.344 329.071 348.164 323.052 0.475851
1 433.31 369.785 430.413 384.687 394.536 377.713 397.432 362.811 0.488282
1 114.856 280.214 113.519 295.489 81.5088 292.689 82.8452 277.413 0.490971
1 249.938 288.597 249.253 301.65 219.06 300.068 219.744 287.015 0.513264
1 500.902 317.449 500.127 332.25 467.215 330.525 467.991 315.724 0.527333
1 438.115 388.886 435.823 403.359 404.141 398.341 406.433 383.868 0.552577
1 44.4821 350.844 53.6364 361.375 28.6067 383.133 19.4524 372.602 0.556935
1 280.905 294.301 280.384 309.211 251.757 308.211 252.278 293.301 0.563376
1 323.341 298.612 322.592 312.909 289.956 311.199 290.706 296.902 0.564286
1 126.324 357.56 125.594 371.492 92.4023 369.753 93.1324 355.821 0.616839
