1 352.33 332.625 349.592 346.711 320.212 341 322.95 326.914 0.275418
1 471.856 256.484 478.753 272.732 443.979 287.492 437.082 271.244 0.283862
1 534.802 266.455 546.82 278.06 518.158 307.74 506.141 296.135 0.44664
1 526.403 351.635 522.114 368.837 486.794 360.031 491.083 342.829 0.458753
1 302.512 322.653 300.588 338.324 264.963 333.95 266.887 318.279 0.472568
1 363.441 251.037 359.764 265.783 329.66 258.277 333.336 243.531 0.473286
1 445.755 326.576 441.977 341.728 405.06 332.524 408.838 317.372 0.479463
1 118.04 214.892 115.761 231.108 82.8474 226.482 85.1264 210.266 0.493078
1 43.4666 288.004 52.5008 298.77 26.306 320.75 17.2719 309.984 0.52534
1 450.06 346.163 447.288 360.423 415.329 354.211 418.101 339.951 0.527237
1 373.707 239.533 388.142 246.573 372.844 277.939 358.409 270.898 0.534705
1 127.827 297.872 127.052 312.66 92.8765 310.869 93.6516 296.081 0.554967
1 258.556 229.992 256.637 243.643 225.476 239.264 227.395 225.613 0.564045
1 519.538 270.907 517.561 287.007 482.352 282.684 484.329 266.584 0.56844
1 334.317 243.721 332.515 258.396 299.342 254.323 301.144 239.647 0.577499
1 292.009 238.058 289.821 253.629 259.161 249.32 261.349 233.749 0.588556
