1 100.16 72.036 97.8695 86.4955 69.5298 82.0069 71.82 67.5474 0.320929
1 170.23 306.252 185.773 309.273 179.064 343.79 163.52 340.769 0.379759
1 22.8874 393.004 32.563 404.535 3.12415 429.237 -6.55152 417.706 0.43706
1 46.8973 77.8928 45.2043 94.0005 8.42199 90.1346 10.115 74.0269 0.443214
1 60.2861 529.813 77.4398 534.732 63.7499 582.474 46.5961 577.556 0.493092
1 26.9693 321.119 43.1512 325.759 31.6008 366.04 15.4189 361.4 0.498819
1 19.8164 -3.34631 29.073 8.93758 3.53109 28.1848 -5.72548 15.9009 0.534985
1 139.517 310.334 154.794 313.303 147.785 349.364 132.508 346.395 0.539047
1 32.1593 368.623 39.8524 383.721 5.23064 401.362 -2.46248 386.263 0.566387
1 65.1323 219.36 82.4128 222.719 74.3237 264.334 57.0432 260.975 0.571914
1 62.3812 439.066 78.4518 442.19 70.9141 480.967 54.8436 477.844 0.604158
1 38.54 284.621 49.1716 297.291 18.7989 322.777 8.16733 310.107 0.643735
