1 498.63 276.931 508.722 288.958 479.845 313.188 469.753 301.161 0.386616
1 504.022 209.309 519.843 214.449 507.146 253.524 491.326 248.383 0.425328
1 509.158 255.749 515.252 270.106 483.244 283.692 477.15 269.335 0.502596
1 536.118 408.524 551.806 413.022 539.976 454.277 524.289 449.779 0.530929
1 538.181 321.005 553.635 324.29 545.761 361.332 530.307 358.048 0.551058
1 540.344 112.301 556.64 115.469 548.991 154.817 532.695 151.65 0.572839
1 453.045 543.819 450.995 560.513 414.591 556.043 416.641 539.349 0.577956
1 514.341 175.203 524.33 187.108 495.914 210.952 485.925 199.047 0.582614
1 613.072 198.74 627.797 201.602 621.007 236.536 606.281 233.674 0.588202
1 449.065 446.692 448.536 461.837 413.416 460.611 413.945 445.466 0.59668
1 454.02 518.686 454.02 535.644 417.03 535.644 417.03 518.686 0.619692
1 447.613 495.303 446.707 512.602 409.681 510.661 410.588 493.363 0.620813
1 452.19 468.874 450.395 485.958 413.081 482.036 414.876 464.952 0.632463
