1 172.862 365.214 187.079 369.29 177.767 401.764 163.55 397.687 0.302676
1 69.6438 168.496 67.7038 180.745 37.3239 175.933 39.2639 163.684 0.318709
1 33.4898 432.252 41.3377 444.811 12.2953 462.959 4.44741 450.399 0.374954
1 46.3595 413.212 50.8693 427.092 18.6633 437.556 14.1536 423.676 0.430395
1 49.9379 98.3329 57.4711 109.933 32.8096 125.948 25.2765 114.348 0.438303
1 63.7095 549.519 78.5877 555.23 63.915 593.454 49.0368 587.743 0.474697
1 40.3782 372.022 55.3239 376.879 44.1796 411.177 29.2339 406.321 0.541257
1 28.3356 90.502 33.1501 103.73 4.25471 114.247 -0.559813 101.019 0.572255
1 69.3257 471.502 83.6775 475.08 74.9444 510.107 60.5926 506.529 0.583761
1 80.9514 288.29 96.2858 292.688 85.8706 329.009 70.5363 324.612 0.589997
1 144.936 367.89 158.424 371.004 151.059 402.904 137.572 399.79 0.610968
1 53.1821 342.234 61.4215 354.001 33.4031 373.62 25.1637 361.853 0.645203
