1 329.428 272.43 329.428 286.99 303.959 286.99 303.959 272.43 0.343228
1 595.406 216.733 592.662 230.853 563.249 225.136 565.993 211.016 0.392662
1 494.187 200.508 493.946 214.315 464.382 213.799 464.623 199.992 0.446859
1 603.349 204.828 617.433 210.518 604.858 241.641 590.774 235.951 0.471843
1 567.243 210.979 566.52 224.783 534.313 223.095 535.036 209.291 0.479055
1 540.436 283.216 538.227 297.167 505.517 291.987 507.726 278.036 0.507179
1 363.796 194.486 361.421 209.482 329.149 204.371 331.524 189.374 0.539658
1 525.519 206.293 525.264 220.893 497.929 220.416 498.184 205.816 0.549821
1 166.845 177.941 165.191 191.415 135.564 187.777 137.218 174.303 0.585215
1 293.671 262.074 302.719 272.483 279.08 293.032 270.032 282.623 0.603678
1 374.022 267.122 373.777 281.16 341.716 280.6 341.961 266.563 0.607378
1 271.039 264.879 267.63 278.554 236.363 270.759 239.773 257.083 0.642874
1 205.153 181.304 202.919 195.409 172.129 190.532 174.363 176.427 0.693674
