1 270.269 238.989 269.569 252.346 238.419 250.713 239.119 237.357 0.285969
1 35.6822 144.745 46.9453 155.622 21.9646 181.49 10.7015 170.613 0.333372
1 386.862 440.389 401.139 443.424 393.988 477.065 379.712 474.031 0.333449
1 252.166 453.742 267.881 457.953 258.125 494.366 242.409 490.155 0.459506
1 258.372 495.099 264.407 509.316 233.195 522.565 227.16 508.348 0.477094
1 169.173 192.569 154.059 196.337 146.824 167.321 161.939 163.553 0.479335
1 248.458 515.469 257.911 526.736 230.793 549.491 221.339 538.224 0.519454
1 224.798 161.819 230.361 174.313 201.97 186.953 196.407 174.46 0.552173
1 286.253 554.073 301.606 557.058 294.325 594.519 278.971 591.534 0.554212
1 246.047 167.819 254.864 179.106 231.616 197.269 222.798 185.983 0.558297
1 288.819 363.725 304.352 366.745 297.335 402.848 281.802 399.829 0.559273
1 358.338 442.879 372.529 445.637 366.048 478.978 351.857 476.219 0.612608
1 263.36 421.324 272.517 433.044 245.455 454.187 236.299 442.467 0.653786
