1 597.002 136.716 594.383 150.191 563.727 144.232 566.346 130.757 0.278719
1 337.206 191.458 336.946 206.372 311.707 205.932 311.967 191.017 0.30983
1 573.138 131.351 572.141 145.599 537.632 143.186 538.628 128.938 0.357483
1 605.119 125.252 619.297 130.694 607.644 161.05 593.467 155.607 0.39201
1 544.217 200.58 542.327 214.027 509.868 209.465 511.758 196.018 0.406464
1 499.554 123.325 497.668 136.743 468.283 132.613 470.169 119.195 0.420563
1 369.257 115.512 367.924 130.747 336.089 127.962 337.421 112.727 0.446921
1 529.854 126.746 529.599 141.347 501.727 140.861 501.982 126.26 0.521645
1 176.979 100.69 175.794 114.234 146.863 111.703 148.048 98.1585 0.552788
1 301.71 181.104 310.672 191.415 287.284 211.746 278.321 201.436 0.58295
1 380.891 186.167 380.156 200.195 348.659 198.544 349.394 184.517 0.587
1 215.036 103.881 212.839 117.748 182.401 112.927 184.597 99.0601 0.666583
1 279.359 184.105 276.058 197.346 245.803 189.802 249.104 176.562 0.669304
