1 217.378 366.761 216.817 382.844 183.463 381.679 184.024 365.596 0.261341
1 343.81 372.807 342.862 390.898 308.393 389.091 309.341 371 0.39208
1 273.074 448.066 282.917 458.998 257.7 481.704 247.856 470.772 0.39251
1 587.197 400.699 584.438 414.895 553.584 408.898 556.343 394.702 0.394793
1 596.057 387.79 610.767 394.034 596.608 427.39 581.898 421.146 0.484064
1 529.789 471.862 527.977 486.627 493.476 482.391 495.289 467.626 0.492303
1 558.444 392.868 557.662 407.792 524.122 406.034 524.904 391.11 0.504398
1 178.43 444.307 175.203 457.252 146.024 449.977 149.252 437.032 0.529913
1 482.985 383.514 482.271 397.125 450.416 395.456 451.13 381.844 0.53702
1 515.189 389.383 514.369 405.033 484.602 403.473 485.422 387.823 0.551927
1 356.296 454.351 356.05 468.47 322.558 467.886 322.804 453.767 0.623918
1 248.789 450.789 245.215 465.127 212.626 457.002 216.201 442.664 0.635391
1 180.429 359.798 177.62 374.247 146.084 368.117 148.893 353.668 0.659086
1 140.826 356.475 138.604 370.502 107.559 365.585 109.78 351.558 0.67741
