1 536.013 132.586 534.459 147.373 498.161 143.558 499.715 128.771 0.297131
1 592.504 65.1319 589.832 78.8786 559.942 73.0686 562.614 59.3219 0.357134
1 192.845 108.055 189.162 120.898 161.267 112.899 164.949 100.056 0.426703
1 601.196 52.4551 615.297 58.4406 602.307 89.0417 588.206 83.0562 0.476708
1 354.846 40.1957 353.511 55.456 321.482 52.6539 322.817 37.3935 0.507796
1 489.907 48.6248 489.227 61.5971 459.105 60.0185 459.785 47.0462 0.524949
1 284.514 110.779 293.728 121.378 268.625 143.199 259.412 132.6 0.547906
1 563.252 58.6046 562.505 72.859 529.948 71.1528 530.695 56.8984 0.563631
1 520.861 54.3213 520.343 69.1391 491.818 68.143 492.336 53.3252 0.566523
1 155.214 23.4922 153.205 37.7822 122.541 33.4726 124.549 19.1826 0.614037
1 366.342 117.548 365.611 131.495 332.394 129.754 333.125 115.807 0.621157
1 194.144 26.197 191.97 39.9233 160.508 34.9403 162.682 21.2139 0.634508
1 260.953 114.746 257.06 128.32 225.564 119.288 229.456 105.715 0.638328
