1 342.366 -16.0688 356.945 -10.4724 344.169 22.8094 329.59 17.213 0.282536
1 290.91 118.958 298.653 131.35 269.762 149.404 262.019 137.012 0.361623
1 430.036 59.1765 443.77 63.9056 432.791 95.79 419.057 91.0609 0.362703
1 303.53 101.044 307.634 114.468 276.173 124.087 272.069 110.662 0.487272
1 315.624 232.159 330.24 238.363 314.537 275.357 299.921 269.152 0.503561
1 323.849 156.713 338.649 160.957 328.478 196.429 313.678 192.186 0.525298
1 300.17 61.185 314.996 67.1749 301.713 100.051 286.888 94.061 0.552508
1 234.149 277.018 231.274 291.805 198.098 285.356 200.972 270.569 0.561741
1 233.623 258.841 231.083 271.904 200.262 265.913 202.801 252.85 0.572783
1 312.781 32.3351 320.655 44.0083 293.206 62.5232 285.332 50.85 0.579188
1 229.844 340.761 225.939 356.421 191.806 347.91 195.71 332.25 0.579425
1 401.875 60.3087 415.043 63.8372 406.8 94.6012 393.631 91.0727 0.606302
1 232.135 320.038 230.05 334.87 197.02 330.228 199.105 315.396 0.624582
1 228.406 299.507 226.028 314.521 192.256 309.172 194.634 294.158 0.634612
