1 488.665 596.722 479.816 609.841 451.058 590.443 459.907 577.324 0.25261
1 392.045 131.952 381.043 140.548 362.819 117.223 373.822 108.627 0.256046
1 239.727 412.14 230.696 423.699 207.622 405.672 216.653 394.113 0.333192
1 109.909 309.339 100.785 319.124 78.7757 298.6 87.8998 288.815 0.338416
1 605.766 579.542 595.053 591.031 572.16 569.683 582.874 558.194 0.355358
1 519.296 616.979 509.498 629.981 480.578 608.188 490.376 595.186 0.449053
1 412.457 430.826 402.084 444.591 375.056 424.224 385.43 410.459 0.489928
1 620.893 572.322 630.199 584.671 601.422 606.357 592.116 594.008 0.547142
1 314.77 463.531 318.237 476.467 285.513 485.236 282.047 472.299 0.552442
1 548.635 532.484 539.519 545.032 515.16 527.334 524.276 514.787 0.56062
1 583.771 558.063 574.977 570.166 547.374 550.111 556.167 538.007 0.606031
1 381.185 511.647 373.116 523.61 345.359 504.888 353.428 492.925 0.611207
1 524.011 508.4 516.939 519.716 489.967 502.862 497.039 491.546 0.614176
1 252.538 314.501 243.485 324.915 220.092 304.579 229.144 294.165 0.65629
1 293.536 454.457 282.836 464.435 260.296 440.265 270.997 430.286 0.663774
1 283.239 336.656 273.489 347.112 250.535 325.708 260.286 315.252 0.674927
