1 433.637 223.687 432.233 237.047 396.982 233.342 398.386 219.982 0.297101
1 331.807 46.3692 318.366 54.1295 303.56 28.4854 317.002 20.7251 0.317049
1 623.93 645.797 606.812 653.779 591.244 620.394 608.362 612.412 0.322941
1 352.456 290.487 339.8 296.389 328.556 272.275 341.212 266.374 0.327546
1 226.843 18.2044 212.71 23.6295 200.569 -7.9994 214.702 -13.4244 0.342009
1 293.773 171.505 281.039 177.716 269.077 153.189 281.81 146.978 0.377825
1 433.014 456.186 418.406 463.311 402.625 430.955 417.233 423.83 0.435104
1 608.594 590.129 600.883 605.939 565.015 588.446 572.726 572.635 0.463841
1 335.91 251.998 332.708 264.84 301.564 257.075 304.766 244.233 0.474351
1 471.293 539.262 457.808 544.986 445.698 516.458 459.183 510.734 0.474458
1 498.31 596.429 482.032 603.006 468.509 569.534 484.786 562.957 0.502362
1 530.359 617.322 514.211 622.882 500.92 584.284 517.068 578.723 0.533013
1 547.173 494.382 532.941 499.845 521.75 470.689 535.981 465.226 0.544863
1 516.519 635.41 500.859 641.422 488.047 608.044 503.706 602.032 0.574278
1 437.849 264.596 423.24 271.408 409.418 241.768 424.027 234.956 0.585368
1 451.288 489.844 436.065 497.269 419.985 464.3 435.208 456.875 0.589342
1 505.14 388.646 492.612 395.879 476.157 367.378 488.685 360.145 0.594737
1 348.365 85.0859 335.496 91.0866 322.214 62.6017 335.082 56.6009 0.599377
1 565.474 495.349 568.591 511.385 530.796 518.732 527.679 502.696 0.604976
1 517.672 422.649 503.725 430.702 487.486 402.574 501.433 394.522 0.608305
1 537.378 462.973 522.352 470.301 506.868 438.556 521.894 431.227 0.627228
1 374.284 326.723 361.39 334.167 344.578 305.049 357.473 297.605 0.643991
1 322.034 234.344 306.82 238.42 298.309 206.656 313.522 202.579 0.654379
1 365.322 118.797 351.914 123.944 340.61 94.4978 354.018 89.351 0.655769
