1 585.967 333.302 597.599 339.229 584.467 365.003 572.834 359.076 0.324623
1 535.767 435.096 547.292 440.471 535.818 465.076 524.293 459.702 0.408141
1 575.526 201.355 586.445 206.216 576.019 229.633 565.1 224.772 0.414075
1 450.014 459.033 461.691 464.982 448.678 490.523 437.001 484.573 0.440571
1 455.931 90.0942 468.906 97.8907 449.786 129.713 436.81 121.916 0.478862
1 281.429 388.976 282.082 401.453 252.15 403.022 251.496 390.545 0.480119
1 590.824 168.645 602.033 173.636 591.132 198.121 579.922 193.13 0.520548
1 434.235 488.21 444.703 495.816 427.865 518.992 417.396 511.386 0.53095
1 514.605 475.75 529.014 479.882 519.556 512.866 505.146 508.735 0.556244
1 601.06 294.653 614.56 300.663 601.56 329.863 588.06 323.852 0.557717
1 550.839 401.788 563.146 408.059 549.6 434.644 537.293 428.373 0.562076
1 348.699 562.208 348.699 576.243 312.305 576.243 312.305 562.208 0.565882
1 283.557 265.763 283.798 279.603 250.748 280.18 250.506 266.34 0.570418
1 561.404 234.96 572.959 241.365 557.908 268.517 546.354 262.112 0.576322
1 463.928 422.288 478.799 427.996 466.23 460.739 451.36 455.03 0.588513
1 531.353 550.262 517.954 554.875 507.397 524.213 520.795 519.6 0.615694
1 543.728 266.257 556.06 272.541 541.613 300.893 529.282 294.61 0.632228
1 383.22 541.151 391.246 552.613 363.56 571.999 355.534 560.537 0.639379
1 568.268 363.959 581.273 370.586 566.905 398.785 553.899 392.158 0.654006
1 501.982 347.671 515.133 353.803 501.487 383.066 488.336 376.934 0.654244
1 412.561 518.635 421.285 529.802 394.796 550.498 386.071 539.331 0.677728
