1 527.601 291.683 528.258 304.21 498.416 305.774 497.759 293.247 0.347124
1 28.5575 280.051 40.9907 281.138 38.7582 306.656 26.325 305.568 0.358962
1 104.566 64.8051 117.703 65.9544 115.415 92.1054 102.278 90.956 0.367029
1 86.7137 69.2303 100.84 71.2155 97.0141 98.4352 82.8883 96.4499 0.439273
1 144.171 449.681 144.698 464.783 109.67 466.006 109.143 450.905 0.446745
1 140.705 37.1536 156.976 37.7218 155.79 71.6834 139.519 71.1152 0.474558
1 106.183 211.051 92.8987 211.747 91.5236 185.508 104.808 184.812 0.483247
1 591.844 458.356 591.844 471.903 557.95 471.903 557.95 458.356 0.509189
1 530.357 173.254 530.835 186.945 498.177 188.085 497.699 174.395 0.523941
1 30.7075 240.723 45.0957 241.982 42.5471 271.113 28.1588 269.854 0.550868
1 91.0288 216.337 106.487 218.509 101.557 253.592 86.0983 251.419 0.568904
1 86.0659 270.253 99.2821 272.822 93.5767 302.174 80.3605 299.605 0.588343
1 629.707 436.383 638.148 448.438 608.777 469.004 600.335 456.949 0.59268
1 79.7651 307.063 94.4288 309.124 89.8061 342.016 75.1424 339.955 0.598253
