1 236.298 497.494 223.838 507.949 206.456 487.234 218.916 476.779 0.254912
1 163.765 269.354 152.151 279.812 132.471 257.955 144.086 247.497 0.331692
1 52.8643 264.969 41.1168 272.893 24.4059 248.118 36.1534 240.194 0.356144
1 351.855 639.333 338.32 650.691 313.629 621.266 327.165 609.908 0.378439
1 152.611 396.222 141.458 404.935 124.426 383.135 135.579 374.421 0.433072
1 314.023 453.963 300.812 464.66 280.182 439.185 293.393 428.487 0.481031
1 265.71 528.617 254.231 538.249 232.579 512.445 244.058 502.813 0.515743
1 212.636 464.388 212.636 477.949 179.504 477.949 179.504 464.388 0.539185
1 423.259 588.202 411.509 597.717 392.127 573.783 403.877 564.268 0.599778
1 452.25 621.725 439.98 632.021 417.178 604.846 429.447 594.55 0.59996
1 405.061 557.559 394.585 567.328 372.481 543.624 382.957 533.855 0.610568
1 187.858 302.554 176.414 310.869 157.987 285.506 169.431 277.191 0.651367
1 211.906 331.019 199.882 339.129 182.539 313.418 194.563 305.307 0.664207
1 194.46 450.217 181.942 457.444 165.536 429.027 178.054 421.8 0.692627
