1 64.7789 92.662 60.9176 106.128 27.7626 96.6211 31.624 83.1549 0.325996
1 38.1912 419.446 23.769 423.042 16.0856 392.226 30.5078 388.63 0.460824
1 17.3273 329.139 1.75259 333.022 -6.91034 298.277 8.66442 294.394 0.465442
1 179.43 579.194 172.627 596.032 133.365 580.169 140.167 563.331 0.494701
1 123.312 392.085 107.382 394.894 101.743 362.914 117.673 360.105 0.499528
1 53.3486 484.215 36.8877 487.415 29.8466 451.191 46.3075 447.992 0.536562
1 164.348 504.683 152.405 518.421 120.271 490.487 132.213 476.749 0.538401
1 27.9058 365.87 11.2578 370.021 2.3837 334.429 19.0318 330.278 0.546385
1 80.897 512.013 63.8381 514.714 57.2889 473.365 74.3478 470.663 0.559091
1 140.704 396.746 140.704 412.71 102.055 412.71 102.055 396.746 0.578831
1 88.6275 609.196 70.7152 611.396 65.774 571.152 83.6862 568.953 0.57913
1 62.673 526.878 46.4254 529.743 40.0641 493.667 56.3117 490.802 0.58143
1 60.9965 136.11 45.7841 139.902 37.818 107.952 53.0304 104.16 0.584422
1 106.812 312.763 90.7878 316.758 82.9603 285.364 98.9843 281.369 0.597133
1 168.805 564.398 151.414 568.734 141.654 529.587 159.044 525.251 0.598662
1 103.48 275.071 89.0774 279.751 78.5676 247.405 92.9703 242.726 0.614873
1 119.304 356.837 102.815 360.948 94.2014 326.403 110.69 322.291 0.653241
