1 364.08 248.322 351.355 261.969 326.223 238.533 338.949 224.886 0.279524
1 317.377 209.94 307.88 220.865 285.184 201.135 294.681 190.211 0.318354
1 529.568 374.912 515.552 385.473 493.591 356.33 507.607 345.768 0.344555
1 365.942 139.678 355.168 151.232 332.275 129.884 343.049 118.33 0.393874
1 279.43 176.943 269.538 190.069 240.179 167.945 250.07 154.819 0.407905
1 458.301 193.894 458.301 211.582 418.402 211.582 418.402 193.894 0.419386
1 397.411 271.629 386.378 283.882 360.081 260.204 371.113 247.951 0.488952
1 402.545 249.791 391.599 261.947 362.657 235.887 373.603 223.731 0.499035
1 605.382 326.469 621.645 331.132 611.42 366.787 595.158 362.124 0.510995
1 462.051 313.796 449.585 326.262 423.582 300.259 436.048 287.793 0.524338
1 380.788 132.284 390.18 144.748 361.314 166.5 351.922 154.036 0.544451
1 74.7063 23.4975 78.1581 36.3801 45.5558 45.1159 42.1039 32.2333 0.564285
1 495.54 233.534 485.48 246.884 456.513 225.056 466.573 211.705 0.572207
1 511.357 238.326 515.931 254.276 476.013 265.722 471.44 249.772 0.573192
1 54.1982 13.732 43.1574 24.7728 18.8001 0.415498 29.8409 -10.6253 0.574195
1 308.724 92.5141 299.575 105.107 275.267 87.4458 284.416 74.853 0.580143
1 284.062 68.3044 276.833 79.8735 249.752 62.9516 256.981 51.3826 0.603464
1 141.09 71.5866 133.044 83.5145 105.356 64.8387 113.402 52.9108 0.607117
1 343.825 118.057 334.949 130.273 307.254 110.152 316.13 97.9352 0.614453
