1 575.868 82.1765 560.692 84.8525 555.004 52.5964 570.181 49.9203 0.319462
1 503.834 212.215 491.014 214.017 487.007 185.503 499.827 183.702 0.348993
1 648.529 490.732 646.714 508.001 604.83 503.599 606.645 486.329 0.374704
1 604.448 172.115 599.443 183.905 569.242 171.086 574.247 159.295 0.389438
1 500.11 168.195 493.377 178.97 465.65 161.644 472.383 150.869 0.408019
1 538.633 501.958 523.483 503.818 519.391 470.492 534.541 468.631 0.422873
1 546.667 568.647 530.491 570.062 527.241 532.916 543.418 531.5 0.452698
1 571.291 600.998 554.294 601.889 552.08 559.655 569.077 558.764 0.485493
1 628.225 484.531 611.812 485.392 610.02 451.202 626.433 450.342 0.500713
1 485.747 73.0808 472.435 74.4799 469.316 44.8033 482.628 43.4042 0.520764
1 528.23 405.811 511.607 407.852 506.995 370.29 523.618 368.249 0.543072
1 551.196 614.418 534.879 615.559 532.324 579.009 548.641 577.868 0.552024
1 534.49 446.065 517.61 448.137 512.99 410.51 529.87 408.438 0.565596
1 621.311 400.99 605.012 403.572 599.626 369.565 615.924 366.983 0.577065
1 595.769 213.677 579.907 216.19 574.507 182.098 590.37 179.585 0.597829
1 627.936 447.857 610.94 449.943 606.35 412.561 623.346 410.474 0.611711
1 479.089 111.324 493.862 112.357 491.492 146.254 476.718 145.221 0.622489
1 512.757 254.807 498.316 257.614 491.896 224.582 506.336 221.775 0.628892
1 620.911 361.535 605.847 364.191 599.898 330.453 614.962 327.797 0.638722
1 572.393 42.9903 557.494 43.7712 555.816 11.756 570.715 10.9751 0.642729
