1 506.149 211.226 491.428 215.17 483.223 184.548 497.944 180.604 0.295158
1 450.911 344.528 438.671 347.579 432.325 322.128 444.565 319.077 0.334758
1 481.738 94.9273 466.693 99.527 457.934 70.8769 472.979 66.2772 0.372955
1 418.138 213.476 405.44 216.408 399.054 188.745 411.751 185.814 0.374126
1 544.754 291.96 541.318 305.742 507.883 297.406 511.319 283.624 0.377422
1 443.556 303.224 437.897 314.828 408.209 300.348 413.869 288.744 0.431182
1 471.465 59.2095 457.566 61.9111 452.022 33.3871 465.92 30.6855 0.456571
1 518.348 619.561 503.782 623.193 496.039 592.134 510.604 588.502 0.465844
1 382.068 46.245 368.778 48.8283 363.179 20.0251 376.469 17.4419 0.490291
1 603.24 591.875 587.517 594.647 581.928 562.951 597.651 560.179 0.505319
1 497.113 528.722 481.163 532.699 472.324 497.247 488.273 493.27 0.511268
1 507.83 565.906 491.201 570.052 482.346 534.537 498.975 530.391 0.54612
1 620.699 596.804 620.699 612.695 582.243 612.695 582.243 596.804 0.579316
1 586.786 512.736 570.755 516.733 562.927 485.335 578.958 481.338 0.595904
1 489.255 136.445 474.852 139.245 468.783 108.021 483.186 105.221 0.601841
1 541.152 336.132 525.707 339.983 517.701 307.873 533.146 304.022 0.611027
1 433.249 282.237 418.36 283.54 415.436 250.122 430.325 248.819 0.613082
1 583.48 475.066 569.01 479.768 558.502 447.43 572.973 442.728 0.623552
1 466.22 385.576 451.047 390.506 440.533 358.15 455.707 353.22 0.626124
1 499.27 173.691 484.871 175.971 479.871 144.405 494.271 142.124 0.63162
1 599.292 556.694 582.74 560.821 574.137 526.319 590.69 522.192 0.660769
