1 268.619 280.026 281.036 281.112 278.801 306.653 266.384 305.567 0.365271
1 344.568 64.8053 357.714 65.9555 355.427 92.0927 342.281 90.9425 0.376695
1 326.714 69.2303 340.852 71.2174 337.026 98.4391 322.888 96.452 0.442605
1 384.218 449.652 384.748 464.808 349.668 466.033 349.138 450.877 0.444239
1 380.67 37.1192 396.999 37.6894 395.81 71.7316 379.481 71.1614 0.46448
1 346.176 211.055 332.879 211.752 331.503 185.499 344.8 184.802 0.48399
1 270.824 240.733 285.061 241.978 282.514 271.096 268.277 269.85 0.56535
1 331.018 216.343 346.475 218.516 341.542 253.616 326.085 251.444 0.569869
1 203.042 165.908 203.763 179.658 170.737 181.389 170.017 167.639 0.578842
1 326.047 270.221 339.307 272.798 333.592 302.204 320.331 299.626 0.58609
1 244.855 171.931 245.292 184.45 212.935 185.58 212.498 173.061 0.586453
1 319.753 307.085 334.432 309.148 329.81 342.039 315.13 339.976 0.600288
