1 96.4127 357.702 81.3323 360.091 76.1672 327.48 91.2476 325.092 0.322492
1 23.7606 493.207 10.7047 495.042 6.523 465.288 19.579 463.453 0.412534
1 78.4549 192.298 64.4639 193.277 62.3125 162.51 76.3035 161.532 0.414303
1 143.088 646.097 127.432 648.858 121.379 614.53 137.035 611.769 0.430224
1 125.687 451.2 120.604 463.175 89.9004 450.142 94.9834 438.168 0.450203
1 84.4592 232.355 69.6235 234.971 63.9696 202.907 78.8053 200.291 0.509445
1 480.887 61.5543 479.077 76.302 443.481 71.9314 445.292 57.1837 0.549147
1 88.2152 277.285 72.9783 278.618 70.0181 244.783 85.255 243.45 0.59852
1 116.353 494.827 100.382 496.788 96.1164 462.045 112.087 460.084 0.603692
1 -1.5322 387.805 14.0053 389.164 10.9648 423.917 -4.57267 422.558 0.604108
1 93.7383 317.338 78.5496 318.134 76.8321 285.364 92.0208 284.568 0.63216
1 33.7961 537.666 18.4386 540.652 11.7798 506.395 27.1373 503.41 0.649068
