1 73.338 432.832 60.7633 433.491 59.4855 409.109 72.0602 408.45 0.263227
1 57.3303 95.3175 68.6898 101.105 56.1952 125.627 44.8357 119.839 0.4384
1 71.0319 64.778 83.0121 70.8822 70.5604 95.3202 58.5801 89.2159 0.440452
1 81.8994 519.495 65.5218 521.506 61.1742 486.098 77.5519 484.087 0.447138
1 256.985 289.29 255.238 303.516 220.521 299.253 222.268 285.027 0.456388
1 76.9015 476.212 60.9213 477.61 57.7997 441.93 73.7799 440.532 0.558706
1 36.0705 135.659 50.2229 139.717 40.9082 172.201 26.7558 168.143 0.56383
1 86.2724 571.438 70.0849 572.854 66.8602 535.996 83.0476 534.58 0.601896
1 92.4115 617.564 75.5744 618.447 73.645 581.631 90.4821 580.749 0.602232
1 88.4034 29.0055 101.292 35.5724 87.1899 63.2485 74.3017 56.6816 0.62698
1 23.3531 13.3434 36.1919 19.3302 22.9629 47.6997 10.1242 41.7129 0.632267
1 52.8258 207.19 40.2026 212.035 28.9696 182.772 41.5928 177.927 0.667752
