1 259.935 496.553 246.431 498.451 242.007 466.974 255.512 465.076 0.446163
1 223.161 145.955 208.784 146.708 207.051 113.645 221.428 112.891 0.454892
1 335.293 350.199 319.352 352.156 315.026 316.928 330.968 314.971 0.460266
1 366.519 451.432 361.004 464.425 328.852 450.778 334.368 437.784 0.467957
1 256.406 447.988 248.749 459.339 221.204 440.759 228.86 429.408 0.5155
1 316.775 170.718 301.349 171.527 299.597 138.092 315.023 137.284 0.525898
1 322.807 213.1 307.59 215.51 302.201 181.488 317.418 179.078 0.532993
1 572.197 5.01655 570.04 18.6369 536.32 13.2963 538.477 -0.324141 0.542308
1 240.413 340.001 226.198 341.244 223.365 308.854 237.579 307.61 0.552643
1 326.586 261.922 310.777 263.305 307.664 227.728 323.474 226.345 0.600714
1 356.188 497.873 340.322 499.821 335.896 463.779 351.763 461.831 0.602451
1 332.66 306.362 316.491 307.21 314.642 271.933 330.812 271.086 0.611575
1 234.204 383.76 249.968 385.139 246.777 421.612 231.013 420.233 0.62507
1 270.317 544.519 254.004 547.395 247.481 510.401 263.793 507.524 0.625315
