1 287.18 -15.3664 301.52 -9.57258 289.139 21.072 274.799 15.2782 0.253118
1 336.321 597.656 321.397 600.02 316.261 567.596 331.185 565.232 0.276292
1 221.248 114.654 232.563 120.42 220.302 144.482 208.987 138.717 0.294979
1 66.522 51.9332 66.522 63.6391 38.3271 63.6391 38.3271 51.9332 0.367321
1 318.4 432.249 304.571 433.216 302.433 402.641 316.262 401.674 0.437846
1 245.071 588.936 232.268 590.056 229.597 559.521 242.399 558.401 0.499709
1 324.316 472.287 309.665 474.87 304.049 443.02 318.699 440.437 0.511747
1 126.285 202.2 126.725 214.779 94.5321 215.903 94.0928 203.324 0.521585
1 228.823 409.249 214.74 410.234 212.486 378 226.569 377.015 0.529754
1 207.833 140.605 217.486 148.704 200.88 168.495 191.227 160.395 0.537372
1 280.908 127.306 294.411 131.178 285.356 162.759 271.852 158.887 0.581938
1 331.524 35.12 343.149 41.5634 329.022 67.0485 317.398 60.6051 0.592581
1 233.738 83.9756 247.35 89.2007 236.068 118.591 222.456 113.366 0.598529
1 328.165 517.194 313.011 518.52 310.064 484.836 325.218 483.51 0.607574
1 333.745 557.343 318.549 558.139 316.833 525.387 332.029 524.591 0.632565
1 159.329 184.055 167.068 195.107 141.58 212.954 133.841 201.902 0.637507
1 297.074 194.15 284.821 198.853 274.361 171.603 286.613 166.9 0.646318
1 269.358 20.5383 281.737 26.3107 269.144 53.3162 256.766 47.5438 0.653337
1 187.342 165.582 195.44 176.329 170.538 195.094 162.439 184.347 0.673196
