1 479.691 412.184 470.738 423.643 447.717 405.656 456.669 394.197 0.348738
1 349.862 309.322 340.767 319.075 318.801 298.592 327.896 288.838 0.351034
1 166.407 167.64 153.583 168.988 151.25 146.797 164.074 145.449 0.379451
1 631.753 132.487 620.584 140.602 603.244 116.735 614.413 108.62 0.412856
1 152.404 175.081 166.699 177.86 161.335 205.452 147.04 202.674 0.461801
1 130.9 238.357 138.953 248.302 113.44 268.962 105.387 259.017 0.498977
1 158.615 112.797 145.954 117.912 134.859 90.4502 147.52 85.3347 0.546046
1 226.972 110.47 215.261 117.232 200.358 91.4199 212.069 84.6586 0.547191
1 554.718 463.605 558.152 476.421 525.538 485.16 522.104 472.344 0.570369
1 143.562 203.755 157.953 207.077 151.049 236.982 136.658 233.659 0.572145
1 257.502 124.434 252.483 136.258 225.613 124.852 230.632 113.028 0.608743
1 621.23 511.664 613.163 523.624 585.367 504.876 593.435 492.915 0.615992
1 140.464 49.0088 128.337 53.1847 119.287 26.9026 131.414 22.7268 0.637614
1 492.558 314.527 483.522 324.921 460.108 304.568 469.144 294.173 0.662189
1 533.519 454.449 522.84 464.407 500.323 440.26 511.001 430.302 0.668002
1 523.232 336.666 513.511 347.091 490.579 325.707 500.3 315.282 0.680898
