1 293.947 202.805 294.571 214.715 264.97 216.266 264.346 204.357 0.296934
1 456.325 268.491 467.414 274.14 454.498 299.489 443.409 293.839 0.34058
1 538.358 246.271 549.229 252.297 536.361 275.512 525.489 269.486 0.388514
1 551.964 216.68 563.157 222.632 550.868 245.743 539.675 239.792 0.406155
1 296.014 87.8621 296.488 101.424 265.267 102.514 264.794 88.9523 0.44
1 463.126 586.127 448.829 586.877 447.104 553.975 461.402 553.226 0.482891
1 590.743 3.48074 601.395 8.00206 591.552 31.19 580.901 26.6686 0.501983
1 556.743 610.772 541.423 611.575 539.67 578.131 554.991 577.328 0.512952
1 600.816 118.046 613.453 123.939 600.561 151.586 587.924 145.694 0.543554
1 356.94 363.663 356.94 376.199 323.42 376.199 323.42 363.663 0.568593
1 577.013 33.184 587.42 38.0365 577.168 60.0215 566.762 55.169 0.570992
1 568.93 181.818 581.581 188.264 567.61 215.683 554.959 209.237 0.5778
1 440.844 296.103 450.935 303.987 434.494 325.032 424.402 317.147 0.579159
1 517.76 283.381 531.775 287.4 522.657 319.199 508.642 315.18 0.59124
1 505.969 166.643 518.418 172.448 505.404 200.356 492.956 194.551 0.596963
1 563.029 63.2381 573.969 69.3025 560.074 94.3704 549.133 88.306 0.598716
1 468.635 235.992 482.158 241.183 470.741 270.924 457.219 265.733 0.608081
1 544.947 93.1235 556.713 99.1184 543.495 125.06 531.729 119.065 0.636607
1 391.413 343.748 399.301 355.012 372.95 373.464 365.062 362.199 0.640474
1 534.004 353.125 521.574 357.897 510.564 329.217 522.994 324.446 0.653964
1 419.555 323.813 428.145 334.807 402.788 354.619 394.198 343.624 0.681558
