1 571.862 286.355 558.344 294.159 543.501 268.45 557.018 260.645 0.319516
1 445.557 25.723 430.773 27.0164 427.923 -5.55689 442.707 -6.8503 0.351608
1 592.385 530.584 580.644 536.31 568.987 512.411 580.728 506.685 0.358108
1 370.62 -0.474646 382.198 1.35911 377.935 28.2748 366.357 26.4411 0.387359
1 533.63 411.701 520.918 417.628 509.397 392.92 522.109 386.992 0.392676
1 465.905 258.967 453.237 264.085 442.224 236.827 454.892 231.708 0.42504
1 362.676 29.7139 374.71 33.6239 368.052 54.1134 356.019 50.2035 0.444288
1 307.535 105.68 310.973 116.924 280.34 126.289 276.902 115.045 0.463742
1 575.957 491.99 572.746 504.868 541.542 497.088 544.753 484.21 0.471686
1 333.401 79.162 344.018 87.4574 325.509 111.148 314.891 102.853 0.536863
1 352.022 55.3741 363.537 63.1411 347.206 87.3535 335.69 79.5865 0.549113
1 588.389 325.081 575.494 331.094 562.204 302.592 575.098 296.579 0.602264
1 464.661 51.2718 454.725 59.6091 436.432 37.8077 446.368 29.4704 0.635972
1 614.225 566.739 601.45 574.114 584.684 545.075 597.459 537.699 0.654023
1 562.026 474.336 546.845 478.404 538.339 446.659 553.52 442.591 0.654305
1 605.367 358.835 591.902 364.004 580.564 334.468 594.029 329.299 0.65655
