1 480.84 642.35 466.662 648.078 454.02 616.789 468.198 611.06 0.264403
1 564.559 576.683 575.573 582.788 561.269 608.592 550.255 602.487 0.402204
1 535.182 331.2 548.284 336.229 539.043 360.302 525.941 355.273 0.430654
1 514.461 314.979 527.958 320.432 516.269 349.363 502.773 343.91 0.490904
1 621.418 116.714 634.18 120.615 625.685 148.4 612.924 144.498 0.525139
1 563.407 300.332 576.985 304.744 567.224 334.786 553.645 330.374 0.589171
1 603.724 110.473 617.04 114.041 609.45 142.365 596.134 138.797 0.590179
1 583.091 603.496 596.442 607.834 586.279 639.111 572.929 634.773 0.622197
1 627.686 469.404 640.84 475.261 627.361 505.536 614.207 499.68 0.639238
1 624.057 228.744 637.886 233.237 627.96 263.785 614.131 259.292 0.644905
