1 4.95779 505.167 21.1017 508.305 13.8517 545.603 -2.29219 542.464 0.495045
1 140.111 129.307 154.335 133.929 144.88 163.028 130.656 158.406 0.503962
1 56.3364 364.279 71.5951 370.137 58.0957 405.304 42.837 399.446 0.566567
1 132.62 92.7136 145.325 96.8416 135.185 128.048 122.481 123.92 0.57467
1 52.3959 167.713 64.7273 171.719 55.2417 200.913 42.9102 196.906 0.58323
1 24.8285 450.356 38.6471 454.846 27.9175 487.868 14.0989 483.378 0.58792
1 38.7812 208.806 52.5709 214.377 39.0445 247.856 25.2548 242.285 0.591144
1 21.0356 248.725 35.7268 254.365 22.5687 288.643 7.87751 283.003 0.594497
1 85.6504 278.867 100.832 283.8 89.8398 317.63 74.6583 312.698 0.611413
1 28.8294 588.836 13.3606 594.774 0.141709 560.337 15.6105 554.399 0.612851
1 67.7018 128.084 80.095 132.841 69.11 161.458 56.7168 156.701 0.631059
1 39.7934 410.655 53.5829 415.948 41.6661 446.993 27.8765 441.699 0.633427
1 129.54 160.861 143.656 166.279 131.985 196.682 117.87 191.264 0.651961
1 111.682 9.22095 125.148 13.5964 115.384 43.6484 101.917 39.273 0.660576
1 183.402 9.02607 197.135 13.4882 187.12 44.3135 173.386 39.8514 0.664488
