1 378.032 -13.8753 391.323 -8.77312 380.075 20.5303 366.783 15.4281 0.324188
1 259.655 330.619 271.683 335.236 262.926 358.049 250.898 353.431 0.394377
1 206.918 476.788 219.565 480.654 210.277 511.033 197.63 507.167 0.468605
1 297.192 430.646 310.648 435.811 300.053 463.412 286.597 458.247 0.505514
1 259.89 265.165 270.733 274.264 249.818 299.19 238.975 290.091 0.5405
1 163.295 597.66 177.088 602.141 165.856 636.71 152.063 632.229 0.557152
1 309.674 392.06 323.508 397.37 311.533 428.568 297.699 423.258 0.557167
1 365.574 24.4138 378.094 29.2199 367.248 57.4745 354.728 52.6684 0.566721
1 232.883 399.131 247.058 404.573 234.506 437.273 220.33 431.831 0.568206
1 363.977 230.987 377.455 234.598 369.382 264.727 355.904 261.115 0.568485
1 237.857 601.567 252.628 606.367 241.119 641.788 226.348 636.989 0.572037
1 432.314 38.0706 444.87 42.1501 436.477 67.9802 423.921 63.9007 0.575138
1 215.664 443.683 228.522 447.86 219.259 476.37 206.4 472.192 0.590849
1 278.851 187.349 292.277 190.448 284.973 222.082 271.548 218.982 0.594211
1 252.272 562.993 266.046 568.28 254.511 598.331 240.737 593.043 0.595636
1 391.968 159.664 404.547 164.493 394.544 190.55 381.965 185.722 0.597165
1 301.018 206.778 313.702 211.646 302.673 240.378 289.989 235.509 0.605071
1 323.65 146.047 336.045 150.075 326.785 178.576 314.39 174.549 0.611686
1 325.242 351.734 339.823 356.472 328.992 389.807 314.411 385.069 0.612776
1 418.387 75.4739 431.414 79.7066 422.28 107.817 409.253 103.585 0.613925
1 403.091 118.52 416.545 122.125 408.797 151.038 395.344 147.433 0.619789
1 380.458 191.417 393.35 196.109 382.998 224.552 370.105 219.86 0.619929
1 281.245 478.862 295.701 483.559 284.778 517.177 270.322 512.48 0.631126
1 245.477 361.91 259.618 366.505 248.752 399.948 234.611 395.353 0.632429
1 350.565 274.648 364.073 279.037 353.954 310.181 340.446 305.792 0.656692
