1 58.0987 -13.9442 71.332 -8.86437 60.0446 20.5403 46.8113 15.4605 0.343028
1 43.9624 230.936 57.4716 234.556 49.3682 264.799 35.8589 261.179 0.559607
1 3.19049 145.946 15.9674 150.097 6.55061 179.079 -6.22633 174.928 0.569935
1 112.334 38.0694 124.852 42.1365 116.457 67.9727 103.94 63.9056 0.572631
1 45.595 24.4343 58.0697 29.2229 47.2237 57.4778 34.7489 52.6892 0.5791
1 72.0002 159.66 84.5218 164.467 74.5004 190.573 61.9787 185.767 0.584923
1 5.51919 351.817 19.881 356.483 9.03802 389.854 -5.32374 385.188 0.59284
1 98.3928 75.4803 111.396 79.7051 102.265 107.807 89.2619 103.582 0.611435
1 60.4804 191.419 73.3245 196.094 62.9601 224.57 50.116 219.895 0.615445
1 83.1178 118.524 96.4995 122.11 88.7547 151.014 75.373 147.428 0.618533
1 30.5551 274.592 44.0688 278.983 33.9349 310.172 20.4212 305.781 0.653222
