1 392.363 250.577 407.247 257.517 389.487 295.602 374.604 288.661 0.339609
1 221.389 623.163 222.607 637.079 192.437 639.719 191.22 625.802 0.451251
1 518.914 609.248 534.393 615.502 520.152 650.749 504.673 644.495 0.47264
1 620.294 329.281 634.225 333.808 624.825 362.737 610.894 358.211 0.531668
1 606.323 171.327 618.907 176.157 607.352 206.259 594.768 201.429 0.55027
1 482.311 504.038 496.5 509.484 483.677 542.889 469.488 537.443 0.552026
1 532.316 367.693 544.717 371.722 535.223 400.94 522.822 396.911 0.565429
1 536.277 564.703 551.379 570.5 538.059 605.201 522.957 599.404 0.570457
1 216.247 473.265 217.587 488.581 181.959 491.698 180.619 476.382 0.574998
1 518.817 408.829 532.631 414.41 519.047 448.029 505.234 442.448 0.578276
1 620.016 132.957 631.958 136.837 622.514 165.904 610.571 162.023 0.588599
1 612.66 292.921 625.202 296.996 615.141 327.958 602.6 323.883 0.589151
1 500.978 448.809 515.619 454.429 502.449 488.738 487.808 483.118 0.593988
1 463.1 550.336 477.822 555.987 464.658 590.281 449.936 584.63 0.594796
1 565.618 478.699 580.994 483.695 569.902 517.832 554.526 512.836 0.610899
1 547.748 328.164 560.018 332.875 549.081 361.368 536.81 356.658 0.626157
1 591.645 209.381 605.029 213.729 595.355 243.504 581.971 239.155 0.651354
1 609.568 360.707 623.725 366.141 612.017 396.64 597.861 391.206 0.658318
