1 608.816 -12.5091 620.567 -8.69114 611.674 18.6787 599.924 14.8607 0.289684
1 415.66 360.075 428.948 365.444 416.271 396.821 402.983 391.452 0.363047
1 229.411 297.909 230.575 311.207 199.047 313.965 197.884 300.667 0.396261
1 483.185 185.432 496.973 190.725 484.318 223.691 470.53 218.398 0.462687
1 314.008 488.38 314.556 504.087 275.958 505.435 275.41 489.728 0.517601
1 422.554 531.726 422.554 548.035 384.595 548.035 384.595 531.726 0.523685
1 519.419 287.622 533.13 292.885 521.497 323.188 507.786 317.925 0.534699
1 485.688 377.138 501.341 380.465 493.671 416.548 478.018 413.221 0.555524
1 463.577 229.838 478.344 235.507 465.348 269.364 450.58 263.695 0.5576
1 518.314 95.2351 531.877 100.992 518.2 133.213 504.637 127.456 0.559896
1 501.241 132.798 515.129 138.129 502.494 171.043 488.606 165.712 0.560637
1 618.159 19.5769 631.279 24.6131 620.654 52.2925 607.534 47.2563 0.562433
1 535.742 242.211 550.662 248.239 536.859 282.401 521.94 276.373 0.56786
1 504.575 325.206 517.733 329.481 507.609 360.641 494.451 356.366 0.57357
1 399.848 396.645 411.928 403.341 396.789 430.653 384.709 423.957 0.57938
1 223.032 154.732 224.358 169.889 189.09 172.974 187.764 157.818 0.58528
1 427.353 318.67 443.48 323.294 432.979 359.914 416.853 355.29 0.597775
1 531.606 56.2411 543.822 60.2104 534.738 88.1682 522.522 84.1989 0.604037
1 607.595 49.3796 620.99 54.5213 609.641 84.0874 596.246 78.9457 0.605822
1 546.662 18.1724 558.878 22.8617 548.382 50.203 536.166 45.5137 0.610495
1 349.512 460.047 359.443 471.882 330.863 495.864 320.932 484.028 0.62586
1 564.669 161.37 579.442 166.17 568.832 198.824 554.059 194.025 0.637197
1 509.15 457.379 494.57 463.87 480.056 431.271 494.636 424.779 0.645518
1 379.239 432.097 390.256 443.505 363.421 469.419 352.405 458.011 0.651212
