1 531.147 510.644 545.752 516.251 533.846 547.269 519.24 541.662 0.345967
1 602.272 91.5824 614.826 95.6617 605.877 123.205 593.322 119.126 0.389709
1 433.653 595.183 446.085 599.222 436.51 628.691 424.078 624.651 0.432672
1 440.055 562.804 453.362 566.369 445.657 595.127 432.35 591.561 0.465257
1 481.434 452.837 494.078 456.945 485.981 481.866 473.336 477.757 0.469042
1 520.234 12.2243 532.563 16.2303 523.607 43.7919 511.278 39.7859 0.543045
1 596.832 321.014 609.43 325.107 600.432 352.801 587.834 348.708 0.543561
1 607.073 290.424 619.525 294.47 611.105 320.387 598.652 316.341 0.544624
1 632.713 208.279 645.742 212.512 636.78 240.095 623.751 235.862 0.552942
1 498.363 316.842 511.271 319.822 504.226 350.338 491.318 347.358 0.572667
1 617.991 54.324 630.407 58.3582 620.872 87.7033 608.456 83.6691 0.58145
1 580.108 161.186 592.569 165.969 581.981 193.551 569.52 188.768 0.589209
1 629.373 17.0774 641.903 21.8874 630.998 50.295 618.468 45.485 0.593073
1 592.457 124.803 604.943 129.595 594.139 157.741 581.653 152.948 0.59411
1 456.913 520.165 470.661 525.443 458.771 556.415 445.023 551.138 0.594252
1 468.04 484.44 481.947 488.692 472.125 520.821 458.217 516.57 0.594325
1 541.57 277.535 553.307 281.348 544.249 309.225 532.513 305.411 0.598532
1 618.699 250.102 631.888 253.884 623.898 281.745 610.71 277.964 0.609761
1 505.291 594.689 519.441 599.286 508.737 632.229 494.587 627.632 0.621468
1 545.736 473.534 560.049 478.184 549.841 509.601 535.528 504.951 0.62172
1 520.917 335.595 533.037 340.247 522.433 367.874 510.312 363.221 0.624258
1 582.711 357.733 595.799 361.24 587.866 390.848 574.777 387.341 0.629755
1 569.415 399.278 583.063 403.713 573.163 434.182 559.515 429.747 0.633147
1 480.296 392.536 491.271 401.111 471.963 425.825 460.987 417.251 0.638439
