1 392.323 50.6843 407.227 57.6339 389.483 95.686 374.579 88.7365 0.353003
1 220.913 422.516 222.808 436.005 192.08 440.323 190.185 426.835 0.444457
1 412.243 488.751 426.229 494.12 414.509 524.652 400.523 519.284 0.495879
1 620.214 129.272 634.294 133.847 624.834 162.962 610.754 158.387 0.521179
1 485.086 505.238 501.203 508.371 493.943 545.72 477.826 542.587 0.533237
1 482.324 303.856 496.625 309.345 483.79 342.779 469.49 337.29 0.549901
1 536.335 364.232 551.618 370.099 538.098 405.319 522.815 399.453 0.562917
1 397.757 524.848 410.169 531.728 394.299 560.357 381.887 553.477 0.566026
1 216.393 273.584 217.47 288.982 181.695 291.484 180.618 276.086 0.570334
1 532.383 167.703 544.744 171.719 535.244 200.956 522.883 196.94 0.572654
1 612.64 92.803 625.244 96.8982 615.145 127.979 602.542 123.884 0.577397
1 504.795 450.279 518.676 454.789 507.92 487.892 494.039 483.382 0.579182
1 518.774 208.763 532.614 214.355 519.063 247.893 505.224 242.302 0.583897
1 501.03 248.694 515.731 254.337 502.542 288.695 487.841 283.052 0.587757
1 463.166 350.137 477.981 355.824 464.77 390.242 449.954 384.555 0.589003
1 425.784 443.244 442.281 447.974 431.397 485.932 414.899 481.202 0.600498
1 508.818 588.93 493.369 594.86 480.175 560.487 495.624 554.557 0.61113
1 565.611 278.819 580.921 283.794 569.9 317.713 554.59 312.739 0.612054
1 310.759 621.452 311.325 637.663 270.374 639.093 269.807 622.882 0.622407
1 346.028 592.643 356.357 604.954 327.07 629.529 316.74 617.218 0.624062
1 547.698 128.071 560.109 132.835 549.123 161.454 536.713 156.69 0.624439
1 519.79 410.636 533.59 415.933 521.663 447.004 507.863 441.707 0.628283
1 376.805 562.847 387.748 574.179 360.337 600.65 349.394 589.318 0.640911
1 609.546 160.838 623.695 166.269 612.008 196.714 597.859 191.283 0.655461
1 591.678 9.20205 605.169 13.5855 595.398 43.6579 581.907 39.2744 0.658226
