1 414.76 560.925 427.608 565.857 416.046 595.977 403.198 591.045 0.36234
1 229.364 497.9 230.539 511.324 199.004 514.083 197.83 500.659 0.386632
1 395.727 142.41 410.129 149.434 392.334 185.919 377.933 178.895 0.387498
1 483.157 385.408 496.981 390.714 484.398 423.495 470.574 418.189 0.464721
1 603.327 68.4155 615.924 73.2508 604.736 102.396 592.139 97.5604 0.480121
1 590.079 104.744 603.07 109.731 592.157 138.16 579.166 133.174 0.539431
1 519.413 487.827 533.047 493.06 521.496 523.15 507.862 517.917 0.546552
1 463.621 429.644 478.508 435.358 465.435 469.415 450.548 463.701 0.551885
1 485.749 577.178 501.225 580.467 493.561 616.523 478.085 613.233 0.555298
1 518.286 295.244 531.918 301.031 518.24 333.254 504.608 327.467 0.557522
1 501.29 333.389 515.614 338.887 502.771 372.346 488.447 366.847 0.560894
1 618.175 219.6 631.292 224.635 620.786 252.005 607.669 246.97 0.561674
1 504.596 525.079 517.822 529.377 507.687 560.57 494.461 556.272 0.570529
1 535.44 442.084 550.493 447.862 537.208 482.472 522.154 476.694 0.570809
1 399.908 596.684 411.822 603.287 396.659 630.642 384.745 624.038 0.579619
1 223.026 354.769 224.354 369.948 189.028 373.039 187.7 357.86 0.586131
1 427.397 518.693 443.442 523.293 432.928 559.961 416.883 555.36 0.59409
1 531.741 256.87 544.058 260.872 534.999 288.752 522.683 284.75 0.600148
1 617.451 32.7881 629.091 36.5702 619.772 65.2499 608.133 61.4678 0.603081
1 610.028 183.92 622.217 187.881 612.547 217.642 600.358 213.681 0.605641
1 607.546 249.207 621.068 254.397 609.673 284.08 596.152 278.89 0.610683
1 546.66 218.217 558.849 222.896 548.358 250.225 536.169 245.547 0.614466
1 564.644 361.348 579.491 366.172 568.888 398.804 554.041 393.98 0.632138
