1 104.488 -14.1628 117.114 -9.31603 106.669 17.8947 94.0425 13.0479 0.267746
1 0.0261197 294.496 13.4802 298.354 4.65704 329.124 -8.79707 325.266 0.420874
1 74.7871 80.5983 86.4011 84.3719 78.6706 108.164 67.0566 104.39 0.443431
1 12.1828 257.077 25.1861 260.079 18.5842 288.675 5.58095 285.673 0.459121
1 32.3325 1.32636 44.9911 5.4394 35.9569 33.2438 23.2983 29.1307 0.468124
1 62.7375 113.746 75.0315 117.741 66.4489 144.155 54.1549 140.161 0.490757
1 23.9401 33.5121 35.688 38.0218 25.1191 65.5548 13.3711 61.0452 0.502434
1 37.0532 191.75 49.6171 195.832 41.8138 219.848 29.25 215.766 0.534051
1 27.2885 220.228 39.4357 224.175 30.5018 251.671 18.3546 247.724 0.578182
1 48.9354 152.522 61.3921 156.33 53.4061 182.451 40.9495 178.643 0.586741
1 12.1292 67.501 23.9728 72.2861 13.0999 99.1975 1.25635 94.4124 0.617071
