1 145.962 -12.4409 158.53 -8.35733 149.618 19.0725 137.05 14.9889 0.250761
1 108.749 98.8236 121.005 103.528 112.198 126.471 99.9421 121.767 0.432071
1 6.41878 120.924 18.5944 124.187 10.6487 153.841 -1.52692 150.578 0.541779
1 86.2348 159.117 98.5976 162.662 90.6482 190.385 78.2854 186.84 0.546753
1 50.5907 265.325 63.7159 270.628 52.2209 299.079 39.0957 293.776 0.553242
1 100.111 125.532 111.795 130.017 101.852 155.921 90.1677 151.436 0.559783
1 72.9008 196.877 85.9683 201.633 75.5085 230.371 62.441 225.615 0.585451
1 120.821 61.1373 133.103 65.1279 124.784 90.7322 112.502 86.7417 0.588242
1 133.917 23.5207 145.935 27.4257 137.68 52.8307 125.662 48.9257 0.599945
1 11.0737 374.863 24.6935 379.289 14.7174 409.992 1.0975 405.567 0.622072
1 47.1887 86.7574 58.1467 90.7458 49.0724 115.677 38.1144 111.689 0.623142
1 26.4501 139.967 38.1943 144.712 27.8968 170.199 16.1526 165.454 0.623314
