1 521.836 168.695 534.851 175.327 519.18 206.084 506.165 199.452 0.350404
1 273.657 253.456 274.746 265.904 243.982 268.596 242.893 256.147 0.360006
1 445.809 325.233 458.268 331.043 445.22 359.025 432.76 353.215 0.410176
1 587.164 489.702 586.588 506.19 548.09 504.846 548.665 488.357 0.456304
1 533.815 299.784 545.972 305.453 533.853 331.443 521.696 325.774 0.511809
1 276.326 124.532 276.815 138.523 242.956 139.706 242.467 125.714 0.518889
1 574.729 55.7585 585.925 60.7433 575.031 85.2123 563.835 80.2276 0.569277
1 512.501 343.694 527.621 348.029 517.82 382.21 502.7 377.875 0.576217
1 549.897 265.298 562.716 271.829 548.89 298.965 536.071 292.433 0.586449
1 342.526 433.363 342.526 447.623 306.092 447.623 306.092 433.363 0.589587
1 461.21 287.444 476.057 293.143 463.17 326.715 448.323 321.015 0.591154
1 559.532 90.5824 571.543 96.7025 557.172 124.908 545.16 118.788 0.600212
1 430.921 356.34 441.983 364.377 424.177 388.885 413.115 380.848 0.609646
1 378.86 411.697 387.51 424.049 358.724 444.205 350.075 431.853 0.624163
1 590.385 21.1492 601.736 26.2029 590.403 51.6575 579.052 46.6037 0.624367
1 541.273 123.657 554.034 129.607 540.267 159.132 527.506 153.181 0.628285
1 530.028 419.864 515.625 424.543 505.364 392.964 519.767 388.284 0.629768
1 600.64 153.915 614.043 159.883 601.183 188.766 587.781 182.799 0.636788
1 567.804 225.783 581.084 232.549 566.126 261.907 552.845 255.14 0.654413
1 499.458 209.58 512.88 215.556 499.54 245.517 486.119 239.542 0.656536
1 407.211 388.139 416.962 399.357 391.351 421.62 381.6 410.402 0.663367
