1 181.853 52.0633 192.509 56.1536 183.921 78.5271 173.265 74.4368 0.372698
1 217.95 4.01173 229.095 9.69063 216.744 33.9309 205.599 28.252 0.439666
1 123.338 68.4082 135.913 73.2351 124.718 102.397 112.144 97.5702 0.499711
1 5.5449 577.221 21.0046 580.507 13.375 616.401 -2.08472 613.115 0.534917
1 110.09 104.748 123.061 109.727 112.146 138.161 99.175 133.182 0.544968
1 138.171 219.566 151.395 224.642 140.85 252.112 127.626 247.036 0.546968
1 39.4207 487.841 53.0386 493.068 41.4984 523.131 27.8805 517.904 0.552761
1 38.5211 296.036 51.604 301.861 37.7873 332.894 24.7044 327.069 0.56761
1 21.28 333.471 35.5519 338.95 22.7744 372.236 8.50247 366.758 0.568267
1 55.4633 442.152 70.4466 447.903 57.2017 482.407 42.2184 476.656 0.572246
1 24.634 525.175 37.78 529.446 27.6829 560.522 14.5369 556.251 0.584713
1 127.861 249.263 141.233 254.666 129.356 284.064 115.984 278.661 0.597711
1 180.254 105.04 193.691 110.198 182.362 139.71 168.925 134.552 0.603335
1 203.38 35.0545 216.156 39.2058 207.095 67.0914 194.319 62.9402 0.604199
1 129.998 183.91 142.24 187.888 132.555 217.696 120.313 213.718 0.604458
1 137.467 32.6951 149.164 36.4956 139.823 65.2438 128.126 61.4434 0.607803
1 51.7753 256.928 64.0089 260.903 54.9777 288.698 42.7441 284.723 0.609359
1 192.344 67.5359 205.502 72.3249 194.76 101.837 181.602 97.0475 0.620126
1 66.6755 218.254 78.8121 222.913 68.3337 250.21 56.1971 245.551 0.621199
1 84.6748 361.414 99.4153 366.204 88.8415 398.747 74.1011 393.957 0.634632
