1 128.794 -12.5833 140.62 -8.74076 131.685 18.7577 119.859 14.9152 0.293949
1 39.4123 287.608 53.1473 292.88 41.5034 323.213 27.7684 317.941 0.538166
1 5.42664 377.091 21.1502 380.434 13.4765 416.536 -2.2471 413.194 0.539827
1 138.135 19.5406 151.406 24.6345 140.739 52.4218 127.469 47.3278 0.548443
1 38.3152 95.2375 51.8806 100.996 38.2069 133.209 24.6415 127.451 0.568486
1 55.7434 242.209 70.6509 248.232 56.8484 282.395 41.9409 276.372 0.570734
1 20.9879 133.398 34.7765 138.691 22.4896 170.7 8.7009 165.407 0.573038
1 24.5943 325.214 37.7346 329.484 27.613 360.635 14.4727 356.365 0.584613
1 127.558 49.3382 141.017 54.5048 129.648 84.1229 116.189 78.9563 0.597592
1 51.6054 56.2241 63.8311 60.1964 54.7465 88.156 42.5208 84.1836 0.612633
1 66.652 18.1681 78.8782 22.8613 68.3722 50.2305 56.1459 45.5373 0.61925
1 84.665 161.379 99.4252 166.175 88.8171 198.823 74.0569 194.027 0.638258
1 29.1464 457.332 14.5368 463.837 -0.00496101 431.175 14.6046 424.671 0.64522
