1 31.0716 438.655 44.512 443.022 36.5696 467.466 23.1292 463.099 0.25257
1 41.365 403.929 56.0008 408.684 46.2882 438.576 31.6524 433.821 0.265659
1 184.502 -14.18 197.13 -9.33248 186.679 17.8934 174.051 13.0459 0.269274
1 154.802 80.6228 166.389 84.3876 158.677 108.123 147.09 104.358 0.450871
1 92.2946 257.127 105.162 260.098 98.5965 288.537 85.7288 285.566 0.457002
1 112.382 1.39023 124.93 5.46736 115.925 33.18 103.377 29.1029 0.462617
1 142.748 113.736 155.037 117.729 146.456 144.139 134.166 140.146 0.49219
1 103.927 33.5187 115.679 38.0299 105.111 65.5619 93.3585 61.0506 0.495269
1 117.095 191.834 129.565 195.886 121.801 219.779 109.331 215.727 0.541964
1 57.5311 366.062 71.0185 371.239 59.7122 400.693 46.2249 395.516 0.550103
1 107.302 220.226 119.447 224.172 110.517 251.657 98.3713 247.711 0.571563
1 53.7381 179.522 65.0951 183.882 55.1569 209.772 43.7998 205.412 0.585763
1 128.954 152.586 141.349 156.375 133.387 182.418 120.992 178.628 0.586516
1 11.1021 216.746 23.7539 219.667 16.9003 249.353 4.24844 246.432 0.598561
1 91.9848 67.5324 103.948 72.366 93.069 99.2935 81.1054 94.4599 0.608017
1 80.5267 294.759 93.5647 298.995 84.177 327.887 71.139 323.651 0.631433
1 16.7171 482.308 30.7344 486.327 21.7401 517.694 7.7228 513.675 0.644573
1 33.0783 235.605 44.5969 240.259 33.9324 266.654 22.4137 262 0.658792
