1 341.851 8.97881 353.483 12.7582 345.972 35.8751 334.34 32.0957 0.405562
1 224.404 149.488 236.014 153.945 227.31 176.619 215.7 172.162 0.436675
1 283.847 168.328 296.114 173.284 284.872 201.108 272.605 196.151 0.444118
1 179.081 272.196 191.148 276.116 181.704 305.183 169.637 301.262 0.480434
1 186.177 393.441 197.063 397.619 188.034 421.139 177.149 416.96 0.495373
1 202.353 206.657 215.144 212.352 202.177 241.475 189.386 235.78 0.508182
1 140.256 569.361 154.229 573.901 144.882 602.666 130.91 598.126 0.519334
1 211.695 178.023 224.539 182.196 215.22 210.876 202.376 206.703 0.523287
1 332.803 35.8294 343.93 40.1005 334.203 65.4407 323.076 61.1696 0.531448
1 52.5124 608.477 65.3236 612.64 55.4318 643.084 42.6206 638.921 0.54455
1 220.561 342.445 233.194 347.294 223.157 373.442 210.524 368.592 0.553575
1 126.318 411.293 138.928 416.133 127.36 446.268 114.75 441.428 0.554113
1 305.566 103.638 318.045 107.692 309.053 135.366 296.575 131.311 0.568961
1 240.713 30.5264 252.997 33.8178 245.229 62.8084 232.945 59.517 0.576655
1 132.624 532.786 145.28 536.899 135.155 568.058 122.5 563.946 0.583803
1 261.199 49.2747 272.42 54.2704 261.818 78.0827 250.597 73.0869 0.586346
1 195.919 410.376 209.447 414.772 199.555 445.216 186.027 440.82 0.595235
1 280.957 -1.46303 291.816 2.7056 282.428 27.1643 271.568 22.9957 0.597364
1 140.094 372.874 152.14 376.788 142.632 406.051 130.586 402.137 0.602083
1 246.462 273.994 259.023 278.075 249.493 307.406 236.932 303.324 0.602115
1 208.196 375.973 221.066 380.155 211.478 409.663 198.608 405.481 0.605884
1 223.301 96.4844 233.571 104.508 215.383 127.788 205.113 119.765 0.613508
1 67.7495 568.179 80.0179 572.888 69.0677 601.415 56.7993 596.705 0.633016
1 318.624 69.0383 330.392 72.1914 323.283 98.7209 311.516 95.5679 0.636404
1 129.495 600.696 143.748 606.167 131.939 636.932 117.686 631.46 0.644539
1 111.647 449.371 125.027 453.718 115.352 483.493 101.973 479.146 0.65166
1 183.335 449.264 197.032 453.714 187.028 484.503 173.332 480.052 0.661757
