1 36.9763 365.221 49.457 369.763 39.6668 396.661 27.1861 392.119 0.382533
1 84.659 136.497 95.8571 142.704 81.4176 168.753 70.2196 162.546 0.430435
1 160.704 -13.86 174.698 -8.48819 162.043 24.4785 148.049 19.1068 0.438056
1 8.21165 442.292 23.276 448.074 9.71311 483.407 -5.35122 477.624 0.516055
1 35.9965 296.283 47.3784 305.833 25.3537 332.081 13.9718 322.531 0.558694
1 79.6829 231.213 93.263 236.155 81.7378 267.821 68.1577 262.878 0.565172
1 75.2745 476.354 89.9802 481.132 78.6219 516.089 63.9162 511.311 0.573873
1 216.774 44.8013 229.659 48.988 220.538 77.0592 207.653 72.8726 0.590636
1 58.1114 529.149 73.8359 533.658 63.1607 570.887 47.4362 566.378 0.608943
1 56.1033 210.29 70.1692 213.797 61.8322 247.235 47.7663 243.728 0.610372
1 130.49 304.553 145.471 308.849 135.628 343.176 120.647 338.88 0.610801
1 161.973 213.27 175.915 217.8 165.674 249.318 151.732 244.789 0.611559
1 185.889 133.272 200.032 137.062 191.746 167.984 177.603 164.195 0.612306
1 173.46 179.592 186.904 183.96 177.603 212.587 164.159 208.218 0.616948
1 145.846 257.391 160.245 261.52 150.906 294.087 136.508 289.958 0.618423
1 88.17 433.388 103.406 438.338 92.1723 472.912 76.9363 467.961 0.618683
1 20.71 401.519 35.7115 405.82 25.4333 441.665 10.4318 437.363 0.619187
1 147.488 29.5212 160.457 35.2953 147.166 65.1479 134.197 59.3737 0.621514
1 201.422 85.4676 215.096 89.3886 206.392 119.742 192.718 115.821 0.625365
1 103.175 163.485 116.374 167.774 106.307 198.756 93.1084 194.467 0.636507
1 104.679 389.903 120.423 395.018 108.908 430.459 93.1641 425.343 0.638876
