1 207.27 163.663 222.471 164.726 220.279 196.073 205.078 195.01 0.34008
1 124.148 223.124 124.789 235.338 92.3337 237.039 91.6935 224.825 0.357639
1 164.663 201.667 152.004 202.33 150.545 174.474 163.203 173.81 0.38066
1 166.626 171.391 182.672 172.513 180.571 202.559 164.525 201.437 0.421775
1 136.504 440.432 151.35 441.731 148.538 473.88 133.692 472.581 0.487009
1 44.269 226.27 46.011 238.665 14.067 243.155 12.325 230.76 0.497496
1 217.961 349.56 203.05 350.602 200.821 318.727 215.732 317.684 0.557131
1 264.997 166.883 248.036 167.772 246.085 130.546 263.046 129.657 0.558176
1 53.8973 301.502 55.6047 317.746 18.1879 321.679 16.4805 305.434 0.560199
1 202.327 358.641 220.614 360.24 216.832 403.472 198.545 401.872 0.565819
1 101.45 306.909 102.993 321.587 66.3632 325.437 64.8205 310.759 0.569179
1 57.4267 357.054 61.2558 369.578 31.003 378.827 27.1739 366.303 0.579172
1 199.458 426.136 215.304 427.522 212.176 463.284 196.329 461.898 0.588247
1 152.233 427.371 136.324 428.204 134.54 394.175 150.449 393.342 0.611127
1 188.21 171.403 203.664 173.575 199.109 205.983 183.656 203.811 0.614422
1 116.919 351.923 118.549 367.438 82.505 371.227 80.8744 355.712 0.619561
1 195.759 472.254 213.542 473.81 210.005 514.247 192.222 512.691 0.620144
