1 190.007 60.8074 201.669 64.5965 193.476 89.812 181.814 86.0229 0.43363
1 143.834 40.0071 155.901 43.9278 146.141 73.9646 134.075 70.0438 0.54928
1 128.792 81.2207 141.588 86.1326 130.166 115.888 117.37 110.976 0.552892
1 53.3119 285.786 66.4587 290.058 56.7147 320.047 43.5679 315.775 0.560716
1 21.5005 370.784 36.3711 376.492 23.0332 411.238 8.16265 405.53 0.565597
1 25.6153 583.14 40.0397 587.826 28.7215 622.66 14.2971 617.973 0.586537
1 136.616 206.173 149.533 210.37 139.193 242.194 126.275 237.997 0.587436
1 40.1504 539.817 54.6104 544.515 43.6896 578.126 29.2296 573.428 0.596373
1 132.542 278.452 147 284.002 134.847 315.662 120.389 310.112 0.599628
1 187.587 119.43 201.978 124.106 191.48 156.413 177.09 151.738 0.601282
1 225.912 7.32644 238.899 12.3118 228.348 39.7984 215.361 34.813 0.604395
1 56.4996 491.999 72.5972 497.23 60.5863 534.196 44.4887 528.965 0.604867
1 39.288 328.569 53.5836 334.056 40.1566 369.035 25.861 363.547 0.605795
1 68.9347 243.828 81.5611 248.675 70.2443 278.156 57.6179 273.309 0.607364
1 143.553 245.097 157.522 249.636 147.861 279.37 133.892 274.831 0.611197
1 114.147 118.662 127.941 123.144 117.874 154.127 104.08 149.645 0.621781
1 200.188 79.2975 214.087 83.8134 203.962 114.974 190.063 110.458 0.622243
1 213.563 42.0007 226.459 46.1907 216.584 76.5801 203.689 72.3901 0.622751
1 87.9275 401.349 103.497 406.408 91.9593 441.918 76.3897 436.859 0.643344
