1 19.6052 11.5523 32.7972 12.7065 30.5303 38.6173 17.3382 37.4632 0.293788
1 643.277 391.476 653.069 402.74 631.026 421.901 621.234 410.637 0.296366
1 52.4738 322.953 70.1518 326.389 62.2304 367.141 44.5523 363.705 0.299829
1 513.734 253.458 514.822 265.895 483.939 268.597 482.851 256.16 0.320416
1 32.7801 11.0398 47.2261 12.3037 44.9235 38.6224 30.4775 37.3586 0.35004
1 70.6603 5.28244 84.9444 6.53214 82.4995 34.4765 68.2155 33.2268 0.425097
1 73.2384 165.747 59.2897 166.722 57.2808 137.993 71.2294 137.017 0.473442
1 112.464 427.229 112.74 443.056 76.7412 443.684 76.465 427.857 0.490257
1 51.4934 230.286 65.4262 232.995 59.3509 264.249 45.4181 261.541 0.495489
1 56.4557 172.179 72.7085 174.463 67.5561 211.125 51.3032 208.841 0.513762
1 516.346 124.542 516.834 138.526 482.937 139.71 482.448 125.726 0.524185
1 52.9447 10.9771 66.9382 13.1935 62.3532 42.1424 48.3596 39.926 0.583366
1 582.492 433.397 582.492 447.607 546.114 447.607 546.114 433.397 0.587791
1 43.5644 270.778 60.0527 272.221 56.8453 308.881 40.357 307.438 0.599412
1 618.997 411.618 627.628 423.945 598.751 444.165 590.119 431.838 0.619449
