1 177.589 606.176 195.209 606.484 194.482 648.141 176.862 647.833 0.378528
1 20.827 347.284 23.1744 362.105 -11.6323 367.617 -13.9797 352.797 0.379772
1 187.552 283.212 203.203 284.032 201.499 316.544 185.848 315.724 0.422789
1 146.848 290.392 162.947 291.236 161.308 322.525 145.208 321.681 0.423023
1 132.492 291.97 146.507 292.95 144.382 323.336 130.368 322.356 0.426828
1 104.274 344.795 105.51 358.927 70.5583 361.985 69.3219 347.853 0.482652
1 32.5914 429.112 33.3924 444.397 -1.95969 446.249 -2.76073 430.965 0.487493
1 183.648 487.401 202.051 489.011 198.331 531.533 179.928 529.923 0.48876
1 248.649 286.277 230.455 287.55 227.723 248.484 245.917 247.212 0.520796
1 116.306 572.979 130.908 574 128.598 607.034 113.996 606.013 0.54198
1 199.99 477.448 184.089 478.282 182.33 444.719 198.231 443.886 0.546454
1 35.5599 485.56 39.6872 499.059 7.32143 508.954 3.19419 495.455 0.551653
1 80.5277 432.795 82.1199 447.945 44.5401 451.895 42.9478 436.745 0.581332
1 181.225 557.66 197.527 559.086 194.178 597.363 177.876 595.937 0.588228
1 132.335 558.229 115.796 559.096 113.962 524.103 130.501 523.237 0.606393
1 96.2759 480.203 98.0006 496.611 60.5346 500.549 58.81 484.14 0.623483
1 168.32 290.79 184.659 292.22 181.666 326.419 165.328 324.989 0.632997
