1 410.13 279.91 424.1 287.027 406.528 321.513 392.559 314.395 0.43136
1 491.682 514.806 504.703 519.804 492.788 550.842 479.767 545.843 0.471684
1 614.434 214.091 626.075 218.56 615.493 246.128 603.852 241.66 0.478926
1 526.377 611.617 540.212 618.068 525.432 649.765 511.596 643.313 0.486499
1 238.491 480.401 239.725 494.507 205.693 497.485 204.459 483.378 0.548634
1 242.674 615.91 244.467 628.674 212.853 633.117 211.059 620.353 0.558424
1 541.956 391.843 553.615 396.319 543.615 422.369 531.956 417.894 0.561978
1 527.715 428.608 540.543 434.319 527.195 464.3 514.367 458.588 0.576061
1 626.504 357.838 639.218 362.719 628.852 389.724 616.138 384.844 0.578734
1 619.635 324.208 631.608 328.805 620.402 357.999 608.428 353.402 0.585203
1 629.114 179.727 640.589 184.132 630.181 211.244 618.707 206.839 0.589673
1 472.396 556.424 486.181 561.716 474.07 593.265 460.285 587.973 0.590045
1 571.962 492.944 586.228 498.42 574.433 529.147 560.167 523.671 0.607096
1 616.394 386.255 629.295 391.999 616.881 419.883 603.98 414.138 0.607442
1 510.204 465.267 523.823 470.495 511.724 502.015 498.105 496.788 0.610271
1 555.818 356.072 567.695 360.631 557.702 386.664 545.825 382.105 0.610377
1 543.047 569.847 557.079 575.804 543.244 608.398 529.211 602.442 0.616343
1 601.187 248.022 613.244 252.65 602.895 279.609 590.838 274.981 0.627347
