1 20.8209 604.421 20.8209 619.158 -13.2128 619.158 -13.2128 604.421 0.259167
1 11.4844 274.665 24.7836 279.77 12.839 310.887 -0.46024 305.782 0.506674
1 146.335 117.887 159.17 122.814 148.878 149.623 136.044 144.696 0.533437
1 189.34 9.00942 202.471 14.0498 191.236 43.3172 178.106 38.2768 0.550414
1 12.7689 456.955 28.057 460.767 19.2596 496.051 3.97146 492.239 0.566457
1 61.9655 151.87 73.5817 156.329 63.5866 182.367 51.9705 177.908 0.567285
1 32.1153 409.025 44.8145 413.9 33.5856 443.152 20.8864 438.278 0.570724
1 47.7309 188.611 60.5355 194.312 47.1916 224.283 34.3869 218.582 0.586409
1 139.595 84.2838 151.537 88.8678 140.345 118.022 128.403 113.438 0.58999
1 136.404 146.188 149.336 151.945 136.883 179.915 123.951 174.157 0.599931
1 91.9859 252.987 106.171 258.432 94.3919 289.118 80.2067 283.673 0.608686
1 75.8317 116.006 87.7425 120.578 77.7158 146.698 65.805 142.126 0.611125
1 62.6901 329.774 76.8906 335.511 63.5781 368.461 49.3776 362.723 0.616213
1 46.9695 372.262 59.6083 377.889 46.8506 406.543 34.2118 400.916 0.617598
1 30.2097 225.275 43.8143 230.497 31.7202 262.004 18.1155 256.781 0.619642
1 121.205 7.88588 133.32 12.5363 122.932 39.599 110.817 34.9485 0.632705
1 33.7979 534.979 19.0418 540.644 6.81863 508.801 21.5746 503.137 0.641673
