1 519.037 108.878 532.821 113.356 524.761 138.163 510.977 133.684 0.257926
1 364.331 579.221 378.198 583.198 367.587 620.204 353.719 616.227 0.264746
1 147.118 413.512 162.126 420.195 144.923 458.833 129.915 452.151 0.358302
1 531.21 70.6462 545.653 76.1905 533.72 107.278 519.276 101.734 0.36944
1 433.573 155.15 446.081 159.214 436.385 189.055 423.878 184.99 0.438583
1 481.669 12.5804 494.064 16.6077 485.887 41.7727 473.493 37.7455 0.4717
1 440.932 293.461 453.476 297.536 444.553 324.997 432.009 320.921 0.517088
1 440.339 122.809 453.446 126.567 445.315 154.923 432.208 151.164 0.517229
1 377.129 315.87 390.331 320.937 378.017 353.015 364.815 347.948 0.523874
1 392.1 269.393 405.148 273.135 395.551 306.604 382.502 302.862 0.558197
1 384.668 454.975 398.989 459.628 387.335 495.494 373.014 490.841 0.575018
1 380.992 533.336 396.54 539.305 383.076 574.381 367.527 568.412 0.584541
1 313.437 494.799 327.357 499.322 316.547 532.589 302.628 528.066 0.589917
1 297.236 541.394 311.23 545.407 301.431 579.579 287.438 575.566 0.590108
1 468.048 44.4473 481.88 48.6761 472.061 80.7947 458.229 76.5659 0.593745
1 451.815 312.592 466.841 317.475 455.531 352.286 440.504 347.403 0.594847
1 456.86 80.2296 470.663 85.5283 458.787 116.467 444.983 111.169 0.595576
1 361.578 357.15 376.092 361.866 365.111 395.661 350.597 390.946 0.605828
1 392.292 497.414 407.139 502.238 396.838 533.939 381.991 529.115 0.608682
1 282.28 589.441 297.789 595.394 283.011 633.892 267.502 627.938 0.613176
1 439.191 358.113 454 362.925 442.768 397.493 427.959 392.681 0.616887
1 505.081 155.256 519.032 159.789 508.568 191.993 494.617 187.46 0.623447
1 545.728 33.7226 559.925 38.3356 549.764 69.6094 535.567 64.9964 0.625698
1 464.022 272.816 478.824 277.06 469.166 310.741 454.365 306.497 0.644474
1 479.033 235.319 492.368 240.172 481.588 269.789 468.253 264.936 0.653494
