1 51.8834 563.319 68.7292 565.987 62.9806 602.282 46.1349 599.614 0.261841
1 19.5897 251.58 32.8185 252.738 30.5452 278.722 17.3163 277.565 0.275724
1 32.7131 250.92 47.2893 252.196 44.9656 278.756 30.3893 277.481 0.330179
1 513.697 493.528 514.776 505.861 483.978 508.555 482.899 496.222 0.344422
1 70.5549 245.411 84.8614 246.663 82.4217 274.55 68.1151 273.298 0.396959
1 73.2792 405.796 59.269 406.775 57.2544 377.966 71.2646 376.986 0.470861
1 51.4958 470.259 65.4391 472.97 59.3583 504.253 45.4151 501.542 0.495432
1 56.457 412.187 72.7083 414.471 67.5599 451.103 51.3086 448.819 0.519653
1 516.317 364.587 516.803 378.509 482.948 379.691 482.462 365.769 0.535256
1 125.64 251.91 108.855 252.496 107.634 217.534 124.419 216.948 0.541267
1 52.903 250.834 67.0047 253.068 62.3892 282.209 48.2875 279.975 0.563573
1 43.562 510.801 59.9874 512.238 56.7869 548.82 40.3614 547.383 0.600429
