1 124.107 423.122 124.756 435.507 92.3364 437.206 91.6874 424.821 0.325624
1 152.208 373.596 164.911 374.484 162.963 402.33 150.261 401.441 0.379736
1 207.267 363.583 222.496 364.648 220.299 396.077 205.069 395.012 0.386136
1 166.696 371.259 182.687 372.377 180.592 402.346 164.6 401.228 0.423296
1 44.2465 426.252 45.9763 438.56 14.1844 443.028 12.4546 430.72 0.493011
1 53.9588 501.511 55.6689 517.781 18.0911 521.731 16.381 505.46 0.544091
1 202.334 558.676 220.51 560.266 216.742 603.335 198.566 601.745 0.555524
1 217.947 549.553 203.093 550.592 200.864 518.716 215.718 517.677 0.567898
1 265.03 367.015 248 367.907 246.043 330.574 263.073 329.681 0.573175
1 57.4013 557.02 61.2479 569.602 30.9476 578.866 27.101 566.284 0.577043
1 101.493 506.929 103.034 521.587 66.277 525.45 64.7364 510.792 0.57823
1 152.285 627.456 136.28 628.294 134.486 594.058 150.491 593.219 0.610413
1 187.917 371.261 203.782 373.49 199.233 405.856 183.368 403.626 0.620114
1 116.93 551.93 118.555 567.395 82.6051 571.174 80.9797 555.709 0.622917
