1 516.905 365.525 529.347 370.054 519.689 396.589 507.247 392.06 0.371334
1 564.609 136.568 575.752 142.745 561.371 168.689 550.228 162.512 0.399831
1 461.353 528.044 474.464 531.803 465.026 564.718 451.915 560.958 0.40812
1 480.57 200.884 466.568 206.541 454.384 176.382 468.385 170.725 0.453382
1 488.341 442.347 503.274 448.079 489.807 483.162 474.874 477.43 0.535239
1 516.013 296.284 527.383 305.825 505.438 331.978 494.068 322.437 0.53985
1 559.687 231.227 573.26 236.167 561.739 267.822 548.166 262.882 0.563551
1 555.275 476.417 569.95 481.185 558.621 516.051 543.947 511.283 0.576719
1 470.554 491.319 483.574 495.549 473.957 525.147 460.937 520.917 0.590167
1 536.101 210.298 550.177 213.807 541.843 247.233 527.767 243.723 0.591693
1 538.124 529.205 553.812 533.703 543.155 570.869 527.467 566.37 0.610184
1 500.699 401.524 515.725 405.832 505.447 441.674 490.422 437.366 0.614118
1 610.497 304.634 625.454 308.923 615.636 343.16 600.68 338.872 0.617486
1 568.184 433.429 583.396 438.372 572.188 472.866 556.976 467.923 0.61978
1 627.645 29.2954 640.918 35.2048 627.418 65.5255 614.145 59.6161 0.633844
1 583.166 163.518 596.358 167.805 586.307 198.739 573.115 194.452 0.636299
1 625.905 257.447 640.359 261.592 631.008 294.201 616.554 290.056 0.636908
1 584.7 389.945 600.408 395.049 588.915 430.419 573.207 425.315 0.640663
