1 301.015 609.8 315.605 618.566 296.838 649.799 282.248 641.033 0.269787
1 410.416 409.428 421.731 417.954 402.358 443.664 391.043 435.137 0.41774
1 620.727 -4.12636 633.74 3.69262 615.695 33.7245 602.682 25.9055 0.465379
1 252.032 401.14 266.031 408.273 251.1 437.578 237.1 430.445 0.498277
1 571.114 252.517 585.718 259.019 572.488 288.735 557.884 282.233 0.53088
1 567.315 103.194 579.448 109.646 565.125 136.585 552.991 130.133 0.53877
1 403.988 579.925 417.588 587.463 400.589 618.13 386.989 610.591 0.541739
1 509.638 372.189 523.365 378.59 510.373 406.452 496.646 400.051 0.553438
1 528.528 181.182 541.219 188.217 525.679 216.25 512.989 209.216 0.556071
1 440.014 507.653 454.454 515.658 436.935 547.265 422.494 539.26 0.556868
1 318.083 572.128 332.899 581.03 314.654 611.394 299.839 602.492 0.560927
1 548.45 139.726 561.675 147.057 546.227 174.925 533.002 167.595 0.570906
1 226.553 549.586 241.3 558.447 222.007 590.556 207.26 581.695 0.574205
1 234.544 386.024 249.661 393.397 233.524 426.483 218.407 419.11 0.577973
1 619.344 154.646 632.927 162.176 617.367 190.248 603.783 182.719 0.588216
1 368.539 478.615 382.574 487.049 364.082 517.825 350.047 509.391 0.588711
1 428.7 371.314 441.868 378.613 425.937 407.353 412.769 400.054 0.593605
1 75.4933 351.701 66.9924 364.791 35.2803 344.197 43.7812 331.107 0.597331
1 602.703 185.576 616.59 192.652 602.133 221.025 588.246 213.949 0.603765
1 591.475 60.9538 604.666 69.1967 587.39 96.8442 574.199 88.6013 0.604485
