1 498.074 462.167 509.393 466.512 501.066 488.204 489.747 483.859 0.280524
1 395.635 539.641 407.708 545.792 393.61 573.462 381.537 567.31 0.420269
1 249.4 548.578 263.461 553.975 252.049 583.703 237.989 578.306 0.471936
1 547.774 319.606 560.841 324.362 550.949 351.539 537.882 346.783 0.473794
1 507.07 250.159 519.158 255.043 508.427 281.605 496.338 276.722 0.491097
1 493.201 283.595 506.148 288.826 494.819 316.867 481.872 311.636 0.534549
1 626.804 114.48 640.653 120.646 627.594 149.977 613.745 143.811 0.542152
1 559.288 290.645 572.36 295.663 561.826 323.105 548.754 318.088 0.547008
1 365.883 606.153 379.702 612.305 366.055 642.957 352.236 636.805 0.550004
1 601.682 181.154 614.017 185.162 605.59 211.098 593.255 207.09 0.553424
1 541.43 151.777 553.835 157.3 542.027 183.82 529.622 178.297 0.561525
1 527.043 382.298 540.715 386.74 531.435 415.3 517.764 410.858 0.563625
1 480.249 323.584 492.519 329.047 480.192 356.735 467.921 351.272 0.567832
1 483.595 495.753 496.783 500.038 487.973 527.151 474.785 522.866 0.570077
1 572.505 261.03 586.094 264.927 578.359 291.9 564.77 288.003 0.575624
1 409.918 503.368 422.488 508.964 410.143 536.69 397.573 531.094 0.591184
1 80.5827 525.099 74.1881 538.813 42.1655 523.88 48.5601 510.167 0.592315
1 523.726 210.092 536.568 215.81 524.585 242.723 511.744 237.005 0.592489
1 614.014 148.548 626.955 153.515 616.846 179.85 603.905 174.882 0.620528
1 231.769 538.702 246.127 544.213 234.151 575.413 219.793 569.901 0.622402
