1 238.435 58.9721 249.929 64.3317 237.259 91.5026 225.765 86.1429 0.366356
1 177.452 237.079 191.517 242.478 179.197 274.573 165.132 269.174 0.402865
1 32.8275 575.42 45.3536 582.947 27.9021 611.991 15.376 604.464 0.404819
1 126.736 374.539 140.08 379.661 127.892 411.411 114.549 406.289 0.439823
1 100.833 74.8971 114.291 79.2696 104.972 107.949 91.5147 103.577 0.440534
1 237.152 280.55 248.328 283.545 241.964 307.299 230.787 304.304 0.445114
1 6.92338 307.496 19.2686 312.484 8.4034 339.377 -3.94182 334.389 0.524372
1 100.687 197.901 115.14 202.598 104.985 233.852 90.5319 229.156 0.528225
1 185.702 204.969 200.404 210.612 188.992 240.343 174.29 234.699 0.538654
1 49.6319 605.569 64.7427 610.479 52.8272 647.151 37.7165 642.241 0.540574
1 172.072 478.427 185.607 482.825 176.012 512.357 162.476 507.959 0.553379
1 138.193 575.261 153.439 579.632 143.899 612.905 128.652 608.533 0.593857
1 98.2898 460.597 112.469 466.04 100.128 498.189 85.9491 492.746 0.595303
1 259.981 198.484 272.75 202.633 263.559 230.919 250.79 226.77 0.607097
1 36.117 275.307 50.1366 279.862 39.9048 311.353 25.8852 306.797 0.608358
1 318.399 15.0043 330.986 18.377 324.049 44.2656 311.462 40.893 0.609964
1 209.873 355.461 224.365 361.024 212.161 392.818 197.668 387.255 0.612869
1 248.285 26.7692 260.898 30.8673 251.873 58.642 239.261 54.5439 0.613665
1 144.51 329.107 159.049 333.831 148.255 367.05 133.716 362.327 0.616027
1 281.093 134.86 294.057 139.836 283.04 168.536 270.077 163.559 0.617736
1 82.4492 66.7875 96.5673 70.5705 88.3413 101.27 74.2232 97.4873 0.619414
1 155.528 522.927 170.151 527.679 159.847 559.39 145.224 554.639 0.621131
1 159.749 280.503 174.11 286.305 160.947 318.884 146.587 313.082 0.621613
1 214.606 122.211 227.575 127.189 216.213 156.789 203.244 151.811 0.634206
1 224.189 316.158 237.786 321.108 227.032 350.656 213.434 345.707 0.643387
1 113.101 417.139 127.274 422.579 115.357 453.624 101.184 448.184 0.645497
