1 284.431 492.528 297.666 496.828 289.336 522.468 276.1 518.167 0.271119
1 325.056 605.66 341.157 610.892 328.709 649.204 312.608 643.972 0.460619
1 249.042 317.652 234.849 324.27 220.905 294.366 235.097 287.748 0.505005
1 422.826 56.2526 436.008 60.5357 425.848 91.8035 412.666 87.5203 0.526857
1 256.8 571.318 272.266 577.254 258.171 613.974 242.705 608.037 0.538546
1 469.736 153.973 482.814 157.723 474.327 187.321 461.249 183.571 0.56674
1 516.297 -2.61293 530.073 1.86303 520.479 31.3902 506.703 26.9142 0.569892
1 438.383 247.31 452.818 251.178 444.28 283.043 429.845 279.175 0.585499
1 355.669 515.434 371.901 520.708 359.709 558.232 343.477 552.958 0.587296
1 353.526 277.186 367.235 281.64 356.372 315.073 342.663 310.619 0.591874
1 337.837 561.203 353.584 566.319 341.763 602.699 326.017 597.583 0.596095
1 305.206 328.517 319.914 332.184 311.446 366.148 296.738 362.481 0.596156
1 439.666 11.0836 453.756 15.1238 444.232 48.3358 430.142 44.2956 0.603717
1 284.653 417.051 297.02 426.714 274.781 455.178 262.414 445.516 0.605251
1 328.926 347.734 343.21 352.375 332.282 386.005 317.998 381.364 0.605628
1 382.318 425.503 397.804 429.943 387.484 465.931 371.999 461.49 0.616198
1 504.688 35.61 518.523 40.921 506.563 72.0779 492.728 66.767 0.617197
1 397.567 138.732 411.131 143.938 399.288 174.788 385.725 169.582 0.618427
1 410.987 96.235 424.929 101.587 413.16 132.246 399.218 126.894 0.620914
1 425.255 295.351 439.291 299.911 429.695 329.444 415.659 324.883 0.625695
1 414.251 330.16 428.855 334.905 418.007 368.29 403.404 363.546 0.630257
1 269.411 528.491 284.808 532.906 274.325 569.464 258.928 565.049 0.632604
1 454.519 196.419 468.323 200.377 459.418 231.434 445.613 227.476 0.635489
1 397.218 377.07 411.73 380.689 403.292 414.529 388.781 410.911 0.646385
