1 15.1555 449.562 26.763 455.996 11.2568 483.97 -0.350663 477.536 0.33045
1 149.537 122.692 163.078 127.354 151.922 159.754 138.381 155.092 0.351042
1 208.593 163.835 219.129 166.658 213.012 189.49 202.475 186.666 0.396033
1 156.879 92.5186 171.4 97.2367 161.597 127.406 147.077 122.688 0.482066
1 102.956 255.494 116.493 259.893 106.01 292.156 92.4724 287.758 0.515284
1 149.708 354.044 162.809 357.801 154.354 387.288 141.253 383.531 0.552257
1 119.03 446.057 133.309 450.151 124.161 482.053 109.883 477.958 0.57326
1 33.4752 476.992 47.2782 481.477 36.3931 514.978 22.59 510.493 0.587549
1 196.159 198.18 209.607 202.549 200.301 231.191 186.853 226.821 0.595685
1 132.494 165.655 146.28 170.672 135.044 201.541 121.259 196.523 0.606142
1 119.667 211.209 133.722 215.239 124.245 248.288 110.191 244.258 0.61118
1 229.823 85.5296 242.394 89.6141 233.419 117.237 220.848 113.153 0.614536
1 184.652 235.483 198.582 240.831 186.585 272.084 172.655 266.736 0.61505
1 9.05402 548.813 22.6539 553.232 12.1403 585.589 -1.45956 581.17 0.61649
1 183.754 12.7788 196.43 17.3923 185.746 46.7449 173.071 42.1315 0.620515
1 105.227 494.854 119.142 499.375 109.57 528.835 95.655 524.314 0.621252
1 91.0151 296.194 104.883 301.518 93.0784 332.27 79.2102 326.947 0.626526
1 94.3173 530.443 108.645 535.099 97.9027 568.161 83.5748 563.505 0.628305
1 134.491 396.354 148.353 400.329 139.445 431.395 125.583 427.42 0.630122
1 77.5613 338.849 91.0697 344.034 79.2619 374.795 65.7535 369.609 0.630314
1 13.4545 162.418 26.6375 166.198 17.7658 197.137 4.5828 193.357 0.631685
1 247.878 25.3949 260.505 29.4978 251.357 57.6536 238.73 53.5507 0.631821
1 75.2102 87.3796 88.9577 91.8464 78.9821 122.548 65.2346 118.082 0.63394
1 77.2389 577.117 91.6598 580.712 83.2328 614.511 68.8119 610.916 0.653777
