1 373.977 259.632 386.196 267.567 368.43 294.925 356.211 286.99 0.304731
1 200.424 605.084 215.004 613.166 196.932 645.768 182.352 637.687 0.406366
1 497.552 -6.15818 511.275 0.535109 495.413 33.0574 481.69 26.3641 0.433285
1 335.587 515.088 348.337 519.983 338.058 546.76 325.308 541.866 0.437479
1 80.6819 508.94 94.5098 516.605 77.9035 546.564 64.0755 538.899 0.47484
1 277.211 455.583 292.466 463.356 275.154 497.332 259.899 489.559 0.507306
1 549.73 40.1018 563.388 46.4705 550.498 74.1129 536.84 67.7442 0.507688
1 220.799 258.677 234.785 265.199 221.014 294.732 207.027 288.21 0.510518
1 468.34 221.38 481.722 226.787 470.854 253.687 457.472 248.281 0.547276
1 564.199 9.9711 577.678 16.8392 563.731 44.2124 550.251 37.3443 0.557358
1 60.1057 486.863 74.6389 495.595 54.856 528.519 40.3228 519.787 0.557696
1 478.343 38.9958 490.501 45.1907 476.532 72.6073 464.374 66.4125 0.563491
1 227.476 554.891 242.549 561.92 225.94 597.538 210.867 590.509 0.573229
1 376.08 423.741 389.633 430.351 374.483 461.415 360.93 454.804 0.577598
1 293.052 419.459 307.827 427.649 291.011 457.988 276.235 449.797 0.580519
1 389.776 222.737 403.318 229.052 389.597 258.477 376.055 252.162 0.584126
1 522.383 105.628 536.398 111.291 524.799 140 510.783 134.337 0.584951
1 295.227 595.961 310.702 604.539 291.425 639.316 275.95 630.738 0.595682
1 202.74 247.248 217.39 253.771 203.594 284.757 188.944 278.234 0.602392
1 315.589 552.981 330.54 560.274 314.786 592.575 299.835 585.283 0.60581
1 337.768 328.214 351.5 335.826 334.406 366.665 320.674 359.053 0.616075
1 407.963 353.202 422.182 360.137 406.681 391.919 392.462 384.984 0.618993
1 118.531 477.837 133.977 485.04 117.727 519.887 102.282 512.685 0.62098
1 202.878 401.037 217.468 409.125 199.623 441.317 185.033 433.229 0.622883
1 47.7801 219.996 40.4371 233.244 8.77314 215.692 16.1161 202.445 0.623724
1 251.883 503.145 266.317 511.818 246.861 544.199 232.426 535.526 0.631148
