1 49.1323 507.283 61.8694 515.554 42.7842 544.943 30.0471 536.671 0.376748
1 36.6938 616.23 51.7013 621.991 38.856 655.454 23.8485 649.693 0.424617
1 205.326 155.816 219.467 161.244 206.886 194.017 192.745 188.588 0.429812
1 118.864 387.798 133.528 394.022 119.264 427.626 104.6 421.401 0.47967
1 265.923 202.048 277.527 205.157 270.734 230.507 259.13 227.397 0.486517
1 6.96037 207.828 21.0475 214.397 6.48769 245.621 -7.59943 239.052 0.496346
1 150.669 297.93 164.739 303.902 150.708 336.958 136.638 330.986 0.516578
1 156.971 509.356 172.772 514.49 161.427 549.407 145.625 544.273 0.524553
1 214.954 123.024 229.882 128.755 218.439 158.563 203.511 152.833 0.54793
1 66.2335 538.444 80.8683 544.062 67.1307 579.849 52.4959 574.232 0.556247
1 194.315 409.471 208.457 414.065 198.295 445.34 184.153 440.746 0.574515
1 135.967 342.445 150.44 348.292 137.016 381.519 122.543 375.671 0.588128
1 141.394 562.551 155.503 567.966 143.725 598.65 129.616 593.234 0.595351
1 12.997 592.053 27.7567 596.286 17.2422 632.954 2.48252 628.722 0.598191
1 169.731 250.893 184.328 255.636 173.15 290.039 158.553 285.296 0.599547
1 28.9166 226.429 42.0651 232.283 29.4332 260.655 16.2846 254.801 0.600983
1 291.559 117.26 304.76 121.549 295.218 150.914 282.018 146.625 0.603604
1 126.552 600.147 142.303 605.265 130.386 641.942 114.634 636.824 0.604322
1 236.272 280.154 251.31 285.927 238.372 319.631 223.334 313.859 0.606501
1 251.767 240.086 265.864 245.497 254.215 275.845 240.118 270.434 0.606824
1 60.0969 192.981 74.6194 197.982 63.2608 230.969 48.7383 225.969 0.616294
1 176.471 454.844 191.717 460.094 180.16 493.657 164.914 488.408 0.617575
1 185.94 201.062 200.577 206.975 187.127 240.265 172.49 234.352 0.619941
1 246.477 35.6528 259.748 40.7469 247.97 71.4287 234.699 66.3346 0.624226
1 314.357 51.6219 327.836 56.7963 316.509 86.3054 303.029 81.131 0.625919
1 129.233 113.79 143.997 119.458 131.548 151.887 116.784 146.22 0.640714
