1 417.975 22.2166 429.385 26.5967 421.058 48.2908 409.647 43.9108 0.269809
1 315.576 99.8428 327.582 105.96 313.524 133.551 301.518 127.434 0.406108
1 238.27 290.75 252.836 296.933 238.643 330.37 224.077 324.187 0.422305
1 169.386 108.567 183.471 113.974 172.041 143.752 157.956 138.345 0.448543
1 298.749 342.687 310.807 346.605 302.418 372.422 290.36 368.504 0.456472
1 87.9265 322.688 102.806 328.399 89.2785 363.639 74.3993 357.927 0.48642
1 175.934 438.784 189.854 445.275 174.726 477.716 160.806 471.225 0.501051
1 216.35 555.237 230.72 560.753 218.118 593.584 203.748 588.068 0.550424
1 250.23 257.172 265.046 263.768 251.562 294.054 236.746 287.457 0.551085
1 197.712 389.781 212.807 395.575 199.438 430.404 184.342 424.61 0.562254
1 403.655 55.7626 416.75 60.0174 407.912 87.2179 394.817 82.9631 0.571939
1 194.831 602.776 210.652 608.849 197.02 644.361 181.199 638.288 0.574107
1 31.0589 336.633 45.723 343.785 29.5011 377.045 14.8369 369.893 0.576973
1 285.759 166.232 299.295 172.259 285.833 202.496 272.297 196.469 0.582347
1 329.944 63.2727 342.554 68.887 330.11 96.8374 317.5 91.223 0.582964
1 158.156 483.236 172.958 490.139 157.46 523.374 142.658 516.471 0.58585
1 139.85 530.787 154.178 537.776 137.722 571.516 123.394 564.528 0.59314
1 329.772 253.888 343.074 258.994 331.69 288.652 318.387 283.545 0.595176
1 355.157 186.161 368.919 191.721 356.74 221.866 342.977 216.305 0.5997
1 161.81 244.003 176.572 249.967 163.274 282.881 148.512 276.916 0.6045
1 281.997 381.148 296.185 386.595 284.275 417.623 270.086 412.176 0.614604
1 52.9583 357.541 66.3777 363.516 53.2041 393.104 39.7847 387.13 0.618473
1 217.182 337.16 231.924 344.034 216.043 378.091 201.301 371.217 0.621154
1 265.269 422.831 280.508 429.3 265.669 464.259 250.43 457.79 0.623941
1 151.824 98.7099 166.147 104.208 154.151 135.458 139.828 129.96 0.626452
