1 498.067 222.151 509.388 226.496 501.047 248.224 489.727 243.878 0.272924
1 318.157 490.564 332.925 496.832 318.569 530.652 303.801 524.383 0.386037
1 395.636 299.56 407.768 305.742 393.635 333.479 381.504 327.297 0.389367
1 506.925 9.78049 519.12 14.4616 508.742 41.4971 496.547 36.816 0.450035
1 378.738 542.886 390.746 546.788 382.422 572.406 370.414 568.504 0.458477
1 249.413 308.553 263.459 313.945 252.035 343.706 237.989 338.314 0.468534
1 547.775 79.5808 560.863 84.3445 550.959 111.556 537.871 106.792 0.472718
1 167.9 522.599 182.875 528.348 169.319 563.662 154.344 557.913 0.490062
1 494.103 43.3752 506.748 48.7427 494.683 77.1643 482.038 71.7968 0.516997
1 559.242 50.5692 572.425 55.6296 561.818 83.2623 548.635 78.2018 0.544855
1 330.288 457.138 344.983 463.681 331.492 493.982 316.797 487.439 0.546904
1 110.909 536.624 125.729 543.852 109.42 577.29 94.6008 570.062 0.54811
1 277.755 589.461 293.02 595.321 279.372 630.875 264.107 625.016 0.558434
1 527.014 142.246 540.763 146.713 531.466 175.326 517.717 170.859 0.559959
1 480.241 83.5874 492.513 89.0513 480.18 116.75 467.908 111.287 0.561412
1 572.45 21.0529 586.109 24.9697 578.375 51.943 564.716 48.0263 0.561959
1 483.588 255.762 496.776 260.047 487.974 287.136 474.786 282.851 0.563351
1 365.773 366.11 379.452 372.2 365.952 402.521 352.273 396.431 0.570197
1 409.902 263.337 422.523 268.956 410.162 296.718 397.541 291.099 0.580791
1 409.752 453.816 423.121 458.948 411.666 488.791 398.297 483.659 0.587585
1 80.5922 285.102 74.2008 298.808 42.1885 283.881 48.5799 270.174 0.592883
1 132.969 557.536 146.438 563.532 133.251 593.15 119.782 587.154 0.59898
1 435.146 386.051 449.013 391.654 436.775 421.944 422.908 416.341 0.601151
1 241.759 443.992 256.534 449.962 243.275 482.78 228.5 476.81 0.601655
1 361.979 581.195 376.168 586.642 364.239 617.717 350.05 612.27 0.615794
1 297.214 537.132 311.927 543.993 296.062 578.016 281.349 571.155 0.622259
1 231.775 298.684 246.129 304.194 234.145 335.414 219.791 329.904 0.623186
