1 13.5636 515.187 -3.97831 516.722 -6.85944 483.791 10.6824 482.256 0.32041
1 200.052 309.72 201.607 324.515 165.619 328.298 164.064 313.502 0.32431
1 99.1767 463.498 100.549 479.182 53.3444 483.311 51.9723 467.628 0.339353
1 199.835 439.105 202.1 453.408 166.964 458.973 164.699 444.67 0.407791
1 179.353 62.1597 179.353 76.6847 141.671 76.6847 141.671 62.1597 0.449856
1 79.6216 321.097 80.3965 335.883 46.4156 337.664 45.6407 322.878 0.547357
1 131.805 309.672 135.626 323.933 101.317 333.126 97.496 318.865 0.565607
1 156.596 38.7773 157.753 52.0064 124.864 54.8838 123.707 41.6547 0.590898
1 75.1842 444.189 76.2811 459.875 40.2076 462.397 39.1108 446.711 0.60329
1 155.776 438.677 158.661 453.52 123.325 460.389 120.44 445.545 0.608839
