1 440.017 549.721 441.572 564.512 405.694 568.283 404.14 553.492 0.357272
1 419.471 302.125 419.471 316.742 381.617 316.742 381.617 302.125 0.457123
1 205.855 610.309 190.608 611.108 188.984 580.111 204.231 579.312 0.471768
1 201.697 437.316 217.92 438.736 214.934 472.861 198.711 471.442 0.496987
1 187.57 529.5 206.634 531.167 203.131 571.205 184.067 569.537 0.528448
1 189.394 322.852 189.394 337.374 152.531 337.374 152.531 322.852 0.537834
1 319.671 561.053 320.449 575.9 286.398 577.684 285.619 562.838 0.547575
1 371.78 549.701 375.588 563.913 341.369 573.082 337.561 558.87 0.578837
1 396.653 278.743 397.815 292.035 364.9 294.914 363.737 281.623 0.58491
1 197.388 479.366 212.496 481.489 208.041 513.193 192.933 511.069 0.586018
