1 339.002 262.986 340.669 278.852 293.275 283.833 291.608 267.967 0.332729
1 135.33 319.619 153.098 320.24 151.826 356.67 134.058 356.05 0.419296
1 440.032 109.645 441.593 124.494 405.729 128.263 404.168 113.414 0.420713
1 440.15 239.802 441.893 254 406.717 258.319 404.974 244.121 0.433605
1 234.263 313.237 220.076 313.981 218.53 284.479 232.717 283.736 0.44793
1 201.241 -3.94609 218.153 -2.46645 215.028 33.2481 198.116 31.7685 0.458108
1 205.937 170.302 190.586 171.106 188.955 139.995 204.307 139.19 0.488958
1 253.704 314.518 237.75 315.914 234.992 284.383 250.945 282.987 0.491387
1 187.622 89.5476 206.618 91.2095 203.131 131.068 184.135 129.406 0.515453
1 319.667 121.001 320.448 135.909 286.368 137.695 285.587 122.787 0.543163
1 199.032 279.914 215.055 280.753 213.278 314.651 197.256 313.812 0.564877
1 371.86 109.716 375.662 123.903 341.358 133.094 337.557 118.908 0.579764
1 196.463 39.7803 211.599 41.1045 208.823 72.837 193.687 71.5127 0.579885
1 315.35 243.965 316.468 259.953 280.055 262.499 278.937 246.512 0.59338
1 395.719 238.771 398.592 253.549 363.262 260.417 360.39 245.639 0.618381
