1 326.254 582.538 327.717 599.251 277.35 603.658 275.888 586.945 0.30025
1 324.928 476.875 326.243 489.388 288.848 493.318 287.533 480.806 0.372742
1 349.096 163.084 351.345 177.285 315.056 183.033 312.806 168.831 0.373794
1 428.899 421.534 430.523 436.978 392.796 440.943 391.173 425.499 0.424945
1 407.491 161.2 408.016 176.228 369.098 177.587 368.573 162.559 0.456435
1 189.24 483.821 173.358 484.654 171.684 452.722 187.566 451.89 0.490965
1 218.757 634.832 203.55 635.629 201.872 603.615 217.079 602.818 0.494771
1 357.697 421.007 362.291 435.146 328.282 446.197 323.687 432.057 0.513064
1 238.784 636.196 221.977 637.666 219.04 604.1 235.847 602.63 0.555065
1 382.393 556.734 385.313 571.752 349.941 578.627 347.022 563.61 0.559905
1 170.743 399.037 190.206 400.74 186.483 443.293 167.02 441.591 0.567586
1 472.379 132.043 473.089 145.583 439.135 147.362 438.426 133.823 0.568323
1 306.27 433.083 307.07 448.343 272.388 450.161 271.589 434.9 0.5732
1 429.017 556.95 430.847 571.855 394.731 576.289 392.901 561.385 0.582419
1 172.533 182.166 172.533 197.032 135.228 197.032 135.228 182.166 0.588755
1 300.838 562.453 301.971 578.648 264.693 581.254 263.561 565.06 0.593384
1 185.105 303.84 201.479 305.272 198.364 340.877 181.99 339.444 0.598862
1 181.832 599.548 198.582 600.133 197.352 635.364 180.601 634.779 0.60504
1 180.832 347.706 196.293 349.879 191.776 382.017 176.315 379.844 0.618357
