1 23.0781 648.049 6.81352 649.471 4.11283 618.603 20.3774 617.18 0.255101
1 126.185 215.771 128.311 229.196 93.503 234.709 91.3769 221.285 0.255467
1 205.342 449.748 207.01 465.62 170.227 469.486 168.559 453.614 0.304832
1 496.867 87.0337 499.818 102.214 465.827 108.821 462.876 93.6408 0.355552
1 155.262 303.164 156.133 313.117 131.643 315.26 130.772 305.306 0.403424
1 106.81 597.411 108.216 613.473 61.4728 617.563 60.0675 601.5 0.404892
1 78.3796 201.259 79.6488 215.766 46.4985 218.667 45.2293 204.16 0.4702
1 205.917 573.966 208.089 587.677 174.675 592.969 172.504 579.258 0.494992
1 182.411 214.016 182.917 228.5 145.986 229.79 145.48 215.305 0.522612
1 138.014 450.241 142.001 464.142 109.093 473.578 105.107 459.677 0.536214
1 83.9891 579.9 85.0848 595.57 49.7884 598.038 48.6927 582.368 0.592337
1 87.1006 460.849 88.4273 476.013 55.1812 478.922 53.8545 463.758 0.59376
1 162.917 574.315 165.716 588.711 131.352 595.391 128.553 580.995 0.616024
