1 538.348 301.897 517.553 310.299 494.37 252.918 515.165 244.516 0.364484
1 606.819 634.886 594.996 639.663 584.346 613.303 596.169 608.526 0.45141
1 646.487 504.294 631.573 509.14 620.772 475.897 635.686 471.052 0.478814
1 367.545 232.49 358.859 244.894 330.259 224.868 338.945 212.463 0.492535
1 536.422 131.898 523.146 137.262 512.911 111.929 526.187 106.565 0.572996
1 404.558 29.7587 391.114 34.3878 381.386 6.1348 394.83 1.50566 0.579692
1 601.104 482.915 586.675 487.603 576.575 456.519 591.004 451.83 0.586055
1 541.303 502.003 528.85 506.783 517.536 477.307 529.988 472.527 0.59594
1 574.708 316.338 561.344 320.681 551.946 291.757 565.31 287.414 0.61429
1 561.258 391.33 546.656 396.358 535.54 364.075 550.142 359.047 0.614716
1 493.06 97.1633 479.978 102.185 469.349 74.4933 482.43 69.4717 0.618126
1 219.528 167.704 219.286 181.549 186.8 180.982 187.042 167.137 0.682542
