1 524.067 177.741 512.066 182.59 501.534 156.522 513.535 151.673 0.326111
1 645.908 504.41 631.911 509.23 621.738 479.685 635.735 474.866 0.457767
1 424.423 103.837 410.83 108.517 400.661 78.9829 414.254 74.3025 0.481733
1 435.43 73.4728 420.816 79.0827 409.368 49.26 423.982 43.6501 0.482058
1 455.128 44.0082 442.312 49.1863 432.59 25.1228 445.406 19.9447 0.578561
1 408.902 518.731 399.875 532.114 369.951 511.929 378.978 498.546 0.604386
1 577.217 635.901 561.196 641.417 549.628 607.821 565.649 602.305 0.613387
1 623.844 379.431 608.649 385.57 596.343 355.11 611.537 348.971 0.622654
1 563.385 522.855 547.298 528.082 536.821 495.838 552.908 490.611 0.64053
1 513.752 385.659 497.654 390.89 486.581 356.809 502.679 351.579 0.649651
1 635.019 610.932 618.679 616.558 607.229 583.306 623.569 577.68 0.65228
1 631.68 336.182 617.962 342.579 604.525 313.761 618.243 307.365 0.65403
