1 315.389 91.7626 318.842 104.648 284.805 113.768 281.353 100.883 0.280522
1 229.507 498.509 215.99 500.65 211.929 475.012 225.447 472.871 0.288141
1 369.413 86.5644 371.066 100.028 335.998 104.334 334.345 90.8701 0.328607
1 191.855 376.73 177.513 379.518 171.777 350.012 186.12 347.224 0.407
1 420.605 418.011 423.029 430.485 390.369 436.834 387.945 424.359 0.436142
1 109.664 110.626 111.46 123.409 79.0174 127.969 77.2208 115.185 0.483805
1 210.197 501.773 195.447 502.805 193.256 471.481 208.006 470.449 0.505456
1 248.73 499.758 234.225 502.578 228.543 473.348 243.049 470.529 0.524356
1 344.424 308.678 348.486 321.964 317.334 331.488 313.272 318.202 0.538946
1 186.756 290.326 172.305 291.083 170.819 262.731 185.27 261.974 0.553161
1 151.714 124.229 152.473 138.726 118.304 140.516 117.544 126.019 0.554554
1 301.882 431.544 303.748 446.743 269.543 450.942 267.677 435.744 0.562895
1 190.26 255.469 174.175 256.312 172.453 223.467 188.539 222.624 0.58802
1 186.016 341.804 169.112 342.689 167.203 306.271 184.107 305.385 0.588054
1 377.969 420.483 381.14 434.219 348.02 441.865 344.849 428.129 0.600732
1 296.258 322.514 297.543 337.201 265.131 340.037 263.846 325.35 0.601105
