1 229.478 258.509 216 260.644 211.951 235.078 225.429 232.944 0.273089
1 191.875 136.732 177.511 139.524 171.777 110.023 186.14 107.231 0.39269
1 420.594 178.047 423.01 190.476 390.385 196.817 387.969 184.388 0.476953
1 210.19 261.797 195.455 262.827 193.267 231.542 208.003 230.512 0.49168
1 248.701 259.793 234.238 262.604 228.566 233.425 243.029 230.614 0.510521
1 186.806 50.3137 172.283 51.0749 170.797 22.7354 185.321 21.9742 0.535905
1 344.421 68.7281 348.463 81.9496 317.302 91.4766 313.26 78.2551 0.550193
1 301.917 191.534 303.784 206.741 269.525 210.947 267.658 195.74 0.55463
1 186.041 101.8 169.09 102.688 167.179 66.2325 184.13 65.3441 0.581598
1 377.977 180.477 381.147 194.21 348.004 201.861 344.834 188.128 0.603892
1 296.262 82.5213 297.546 97.1926 265.125 100.029 263.842 85.3577 0.610355
