1 96.125 68.443 98.4254 82.967 61.6265 88.7954 59.3261 74.2714 0.293528
1 125.687 169.147 126.771 179.468 100.94 182.183 99.8547 171.862 0.307939
1 154.17 67.0525 154.673 81.4524 114.923 82.8405 114.421 68.4406 0.321869
1 72.585 508.873 73.9603 524.593 27.4721 528.66 26.0968 512.94 0.395773
1 308.434 29.8304 309.451 44.3859 273.976 46.8666 272.958 32.3111 0.492289
1 105.429 339.789 110.131 354.261 74.2794 365.91 69.5773 351.438 0.507443
1 176.115 340.719 177.718 355.972 140.312 359.904 138.709 344.651 0.530241
1 175.368 482.733 177.665 497.232 142.523 502.798 140.226 488.299 0.574414
1 71.7003 398.062 73.0378 413.35 33.7848 416.784 32.4472 401.496 0.57705
1 51.1912 351.671 52.5369 367.052 17.2378 370.141 15.8921 354.759 0.577804
1 45.9976 488.137 47.4028 504.199 9.54957 507.51 8.14439 491.449 0.605467
1 129.615 482.558 132.77 497.404 96.6848 505.074 93.5291 490.228 0.606371
