1 485.072 259.67 469.242 262.747 463.169 231.503 478.999 228.425 0.389566
1 598.8 440.602 580.557 445.15 569.669 401.479 587.912 396.931 0.488289
1 462.259 82.594 447.569 86.2566 440.232 56.8298 454.922 53.1672 0.519122
1 565.709 81.6178 551.919 85.0561 544.311 54.5435 558.101 51.1052 0.521096
1 599.08 612.787 582.446 616.627 573.879 579.518 590.512 575.677 0.544819
1 547.113 230.808 527.37 234.289 520.75 196.745 540.493 193.264 0.599069
1 530.533 373.938 514.022 377.148 507.301 342.572 523.812 339.362 0.607335
1 477.287 68.9987 462.534 72.677 453.968 38.3202 468.721 34.6419 0.61043
1 578.163 472.226 560.706 476.257 551.932 438.252 569.389 434.222 0.635078
1 512.53 149.952 495.789 153.206 489.043 118.5 505.784 115.245 0.645147
1 549.292 340.275 532.217 343.594 525.325 308.134 542.399 304.815 0.646151
