1 547.383 636.666 530.66 640.836 521.912 605.752 538.636 601.582 0.336286
1 585.955 214.49 573.584 217.804 567.05 193.422 579.421 190.107 0.339036
1 508.907 159.319 497.272 162.437 489.879 134.846 501.514 131.729 0.368831
1 569.988 380.229 557.529 384.038 548.414 354.224 560.873 350.415 0.448745
1 407.711 138.073 393.731 140.538 388.841 112.806 402.821 110.341 0.451947
1 499.802 303.589 480.493 306.993 474.146 270.993 493.454 267.588 0.495399
1 550.355 497.241 532.506 500.388 526.254 464.93 544.102 461.782 0.533442
1 560.224 185.594 546.712 189.984 537.609 161.967 551.121 157.577 0.610694
1 438.26 82.2691 424.24 85.7647 416.72 55.6032 430.739 52.1076 0.635121
1 496.633 384.367 480.083 387.584 473.533 353.887 490.083 350.67 0.640683
1 427.71 146.421 413.321 148.958 407.714 117.157 422.102 114.62 0.646076
1 479.244 411.293 463.432 415.236 455.366 382.885 471.178 378.942 0.64775
1 527.146 509.662 510.223 513.881 501.142 477.46 518.065 473.241 0.657775
1 468.927 226.136 452.935 229.245 446.631 196.816 462.624 193.707 0.676436
