1 644.738 321.846 632.184 324.976 624.712 295.005 637.265 291.875 0.375494
1 565.061 499.602 549.256 502.674 543.197 471.504 559.002 468.432 0.404107
1 588.795 112.352 575.34 115.706 568.19 87.03 581.645 83.6754 0.444638
1 486.344 249.068 469.876 253.174 462.311 222.835 478.779 218.729 0.472023
1 542.239 322.584 527.57 326.242 520.24 296.842 534.909 293.184 0.526792
1 645.036 163.705 629.792 167.79 621.645 137.384 636.889 133.299 0.566604
1 557.296 309.015 542.525 312.697 533.951 278.309 548.722 274.627 0.609738
1 627.045 470.877 607.421 474.338 600.795 436.762 620.419 433.302 0.609946
1 610.509 613.923 594.044 617.123 587.33 582.584 603.795 579.383 0.615041
1 568.07 235.294 552.578 239.156 544.733 207.691 560.224 203.829 0.642199
1 592.549 389.973 575.776 393.233 569.019 358.469 585.792 355.209 0.646846
1 501.55 43.9183 485.771 46.9854 479.56 15.036 495.34 11.9688 0.647283
1 629.25 580.175 612.266 583.477 605.393 548.118 622.377 544.816 0.651754
