1 237.46 487.951 237.191 503.338 206.217 502.797 206.486 487.411 0.285764
1 128.155 496.56 127.919 510.133 98.1879 509.614 98.4248 496.041 0.466663
1 286.962 522.892 272.516 523.649 270.755 490.05 285.201 489.293 0.565983
1 357.981 350.42 372.56 351.184 370.767 385.412 356.188 384.648 0.575958
1 129.708 355.792 129.48 368.839 98.1775 368.293 98.4052 355.246 0.576059
1 357.422 393.044 373.376 394.44 370.128 431.562 354.174 430.166 0.578906
1 394.49 317.444 381.025 317.914 379.892 285.452 393.357 284.982 0.605724
1 132.152 459.768 130.923 473.809 97.8168 470.913 99.0452 456.872 0.615925
1 132.605 397.824 131.864 411.98 98.4606 410.23 99.2024 396.074 0.618846
1 372.062 468.802 356.312 469.904 353.944 436.037 369.694 434.935 0.627239
1 385.961 224.795 401.447 225.336 400.192 261.281 384.706 260.74 0.634912
1 128.837 477.384 128.281 493.297 91.8498 492.024 92.4055 476.112 0.642916
1 312.424 523.111 295.271 524.611 291.989 487.095 309.141 485.594 0.645428
1 132.867 440.139 131.657 453.968 99.6967 451.172 100.907 437.342 0.647573
1 127.342 374.499 127.107 388.005 97.3419 387.486 97.5776 373.979 0.669732
1 133.826 418.086 133.572 432.631 101.121 432.065 101.375 417.52 0.686317
