1 609.831 -6.58346 625.433 -6.0386 624.122 31.5168 608.519 30.9719 0.505456
1 351.553 88.1257 351.3 102.595 321.773 102.08 322.025 87.6103 0.518286
1 587.182 110.341 602.24 111.658 599.204 146.363 584.145 145.046 0.530671
1 515.137 244.775 499.308 245.605 497.399 209.175 513.228 208.345 0.532448
1 352.294 215.039 352.294 229.558 320.751 229.558 320.751 215.039 0.540468
1 354.493 70.3314 354.018 83.9484 322.208 82.8375 322.683 69.2206 0.563341
1 601.28 186.856 585.606 187.678 583.756 152.38 599.43 151.558 0.56436
1 540.526 242.792 522.805 244.343 519.475 206.281 537.196 204.73 0.595722
1 356.456 177.369 355.701 191.776 322.179 190.019 322.935 175.612 0.602308
1 586.945 64.5019 601.531 65.2663 599.75 99.257 585.164 98.4925 0.617022
1 357.385 156.277 357.135 170.589 323.578 170.003 323.827 155.691 0.621877
1 358.231 112.406 357.441 127.486 324.587 125.765 325.377 110.685 0.627567
1 352.081 195.442 352.081 211.518 315.574 211.518 315.574 195.442 0.629333
1 357.906 134.097 357.906 149.08 325.174 149.08 325.174 134.097 0.670721
