1 317.982 65.0092 321.178 80.0445 288.151 87.0646 284.955 72.0293 0.440838
1 241.243 90.6093 225.758 91.4208 223.947 56.8659 239.432 56.0543 0.475366
1 601.752 608.56 601.752 622.319 573.18 622.319 573.18 608.56 0.53403
1 608.374 529.784 608.374 543.96 576.625 543.96 576.625 529.784 0.549268
1 604.175 466.798 603.485 479.954 572.271 478.318 572.96 465.162 0.596401
1 366.03 114.368 377.259 126.839 349.747 151.611 338.518 139.14 0.613868
1 602.421 485.403 602.421 498.907 571.944 498.907 571.944 485.403 0.634319
1 606.685 572.082 605.479 585.862 573.016 583.022 574.222 569.242 0.635721
1 606.99 551.615 606.275 565.26 575.202 563.632 575.917 549.987 0.650596
1 603.717 588.944 603.717 604.652 567.344 604.652 567.344 588.944 0.651923
1 607.211 509.122 606.471 523.243 574.334 521.559 575.074 507.438 0.658425
