1 357.946 239.326 357.946 253 330.337 253 330.337 239.326 0.494182
1 519.835 266.175 504.947 266.956 503.167 232.991 518.055 232.211 0.515501
1 545.34 265.164 527.874 266.692 524.603 229.299 542.068 227.771 0.560099
1 358.369 115.141 358.134 128.621 327.847 128.092 328.082 114.613 0.56624
1 363.35 202.459 362.126 216.455 329.734 213.621 330.958 199.625 0.57765
1 591.269 136.758 606.308 137.546 604.541 171.264 589.501 170.476 0.588956
1 361.143 95.9074 360.682 109.109 328.575 107.987 329.036 94.7862 0.607675
1 363.89 181.729 363.161 195.622 330.596 193.916 331.324 180.022 0.6107
1 628.878 56.7491 615.165 57.228 613.983 23.3988 627.697 22.9199 0.612757
1 593.005 90.5113 606.747 91.4722 604.391 125.161 590.649 124.2 0.62543
1 606.111 210.866 590.133 211.984 587.71 177.336 603.688 176.219 0.628248
1 359.837 219.334 359.837 235.379 323.016 235.379 323.016 219.334 0.644811
1 365.172 159.034 365.172 173.402 332.568 173.402 332.568 159.034 0.661717
1 364.751 139.308 363.509 153.506 331.913 150.741 333.155 136.543 0.673696
