1 630.998 153.728 646.331 154.263 645.065 190.502 629.732 189.967 0.40297
1 377.496 384.937 376.777 398.666 344.602 396.98 345.322 383.251 0.526436
1 602.492 278.002 617.196 278.516 615.997 312.846 601.293 312.333 0.547806
1 533.055 448.294 518.74 449.295 516.399 415.822 530.715 414.821 0.562877
1 375.269 283.51 375.04 296.619 344.536 296.086 344.764 282.978 0.572502
1 602.259 321.317 617.931 322.139 616.018 358.627 600.347 357.806 0.584084
1 638.779 245.312 625.859 245.989 624.218 214.669 637.138 213.992 0.584823
1 373.92 422.813 373.92 436.702 343.319 436.702 343.319 422.813 0.588138
1 372.959 301.919 372.721 315.567 343.618 315.059 343.856 301.411 0.614238
1 379.085 367.926 377.118 381.922 345.564 377.487 347.531 363.491 0.616424
1 557.865 448.816 540.351 450.348 537.095 413.131 554.609 411.598 0.628848
1 617.012 395.303 601.482 396.117 599.737 362.828 615.267 362.014 0.632351
1 378.701 325.596 377.468 339.679 345.161 336.852 346.393 322.769 0.638189
1 375.31 403.671 374.743 419.885 338.341 418.614 338.907 402.4 0.650539
1 379.161 345.288 378.909 359.74 347.92 359.199 348.172 344.747 0.701569
