1 361.805 168.507 361.805 182.288 332.776 182.288 332.776 168.507 0.519723
1 593.971 21.0903 608.5 21.5977 607.31 55.6808 592.781 55.1735 0.547906
1 368.368 89.7543 368.368 103.981 336.632 103.981 336.632 89.7543 0.549939
1 523.083 195.732 507.845 196.531 506.044 162.167 521.283 161.368 0.550767
1 594.349 65.6203 609.594 66.9541 606.489 102.45 591.243 101.116 0.576476
1 603.072 603.363 589.518 603.363 589.518 571.101 603.072 571.101 0.579636
1 366.705 132.1 365.504 145.828 333.05 142.989 334.251 129.261 0.62339
1 362.486 45.4473 362.486 58.8681 331.972 58.8681 331.972 45.4473 0.632082
1 364.121 26.57 363.889 39.9001 332.226 39.3474 332.459 26.0174 0.637606
1 367.091 111.55 366.369 125.327 335.057 123.686 335.779 109.909 0.63905
1 607.893 140.757 592.305 141.574 590.499 107.107 606.087 106.29 0.641574
1 548.212 195.721 530.5 196.96 527.859 159.182 545.57 157.944 0.642516
1 363.71 149.005 363.71 164.645 327.284 164.645 327.284 149.005 0.649307
1 367.285 69.2087 366.548 83.2772 334.555 81.6005 335.292 67.5321 0.657558
