1 528.722 396.628 542.912 408.535 513.351 443.763 499.162 431.857 0.410526
1 482.784 345.718 500.669 346.656 498.728 383.7 480.842 382.762 0.426586
1 443.302 161.147 441.438 176.331 406.428 172.032 408.293 156.849 0.510202
1 532.557 335.488 515.626 336.375 513.797 301.476 530.728 300.589 0.526853
1 368.917 231.573 386.153 232.477 384.176 270.194 366.94 269.291 0.573985
1 453.323 14.0293 453.323 29.1362 419.972 29.1362 419.972 14.0293 0.587563
1 554.434 485.5 572.22 486.432 570.069 527.491 552.282 526.559 0.588352
1 484.779 558.902 501.246 559.765 499.202 598.768 482.735 597.905 0.597078
1 347.004 240.657 362.81 242.04 359.743 277.093 343.937 275.71 0.602844
1 533.665 590.464 516.212 591.991 512.621 550.946 530.074 549.419 0.632888
