1 45.0252 148.266 45.0252 160.856 18.3233 160.856 18.3233 148.266 0.258202
1 19.8915 303.007 19.6508 316.798 -12.045 316.245 -11.8043 302.454 0.288213
1 40.901 176.722 41.957 188.793 15.0003 191.151 13.9443 179.081 0.3753
1 22.0178 271.655 22.0178 284.923 -9.9559 284.923 -9.9559 271.655 0.401051
1 42.3618 161.459 44.0489 173.464 16.1727 177.382 14.4856 165.377 0.438088
1 52.8684 102.267 52.6515 114.693 23.0274 114.176 23.2443 101.75 0.450924
1 69.3291 14.7773 69.0746 29.3582 37.7483 28.8114 38.0028 14.2305 0.452217
1 32.787 217.906 32.787 232.538 -2.75365 232.538 -2.75365 217.906 0.471404
1 62.1255 43.3787 62.1255 56.8375 31.5374 56.8375 31.5374 43.3787 0.506826
1 54.1845 87.1182 54.6309 99.8996 23.5825 100.984 23.1362 88.2025 0.525165
1 30.5223 234.67 30.5223 248.875 -3.22591 248.875 -3.22591 234.67 0.532601
1 35.5238 194.428 35.2891 207.869 6.89312 207.374 7.12774 193.932 0.562635
1 48.0286 133.064 47.8002 146.153 19.029 145.65 19.2575 132.562 0.608114
1 216.717 246.941 230.467 248.144 227.76 279.077 214.011 277.874 0.612403
1 52.0049 116.59 51.7679 130.168 20.3728 129.62 20.6098 116.042 0.623459
1 60.6859 60.7065 60.445 74.5067 28.5668 73.9503 28.8077 60.1501 0.63258
