1 288.738 396.548 303.001 408.516 273.364 443.836 259.101 431.867 0.416669
1 242.79 345.705 260.651 346.641 258.709 383.706 240.847 382.77 0.433436
1 203.26 161.175 201.403 176.294 166.447 172.002 168.303 156.883 0.511458
1 292.553 335.495 275.608 336.383 273.778 301.456 290.723 300.568 0.527218
1 128.971 231.617 146.072 232.513 144.1 270.137 126.999 269.24 0.575322
1 213.327 14.0062 213.327 29.1523 179.968 29.1523 179.968 14.0062 0.584689
1 314.441 485.553 332.217 486.484 330.069 527.481 312.292 526.549 0.587917
1 244.743 558.822 261.303 559.689 259.251 598.833 242.692 597.966 0.594275
1 106.999 240.667 122.744 242.044 119.681 277.058 103.936 275.681 0.603095
1 293.672 590.459 276.19 591.989 272.6 550.953 290.082 549.424 0.632178
