1 537.871 44.2911 518.81 45.9587 514.86 0.808602 533.921 -0.859006 0.259273
1 382.469 24.7043 363.813 26.0088 360.97 -14.6543 379.625 -15.9588 0.372142
1 481.567 103.781 498.95 104.388 497.575 143.765 480.192 143.158 0.397169
1 526.532 155.32 540.918 167.392 512.125 201.707 497.738 189.635 0.433464
1 340.978 -6.10983 358.123 -5.2113 356.104 33.3233 338.959 32.4247 0.515255
1 559.892 158.874 576.909 160.363 573.434 200.083 556.417 198.594 0.54953
1 476.65 402.593 460.095 403.461 458.28 368.814 474.834 367.947 0.574165
1 529.072 487.227 513.059 488.066 511.121 451.089 527.134 450.25 0.575503
1 530.66 340.774 514.002 342.231 510.717 304.676 527.374 303.219 0.576906
1 514.589 58.2228 531.457 58.8119 530.245 93.5214 513.377 92.9324 0.583793
1 484.058 311.647 499.479 312.996 496.369 348.545 480.948 347.196 0.608764
