1 289.463 430.89 304.05 443.571 273.475 478.743 258.888 466.062 0.348435
1 261.507 416.877 242.923 418.503 239.63 380.869 258.215 379.243 0.395801
1 203.097 193.484 201.22 208.771 165.842 204.427 167.719 189.14 0.495317
1 329.487 615.085 311.119 615.726 309.633 573.191 328.001 572.549 0.513415
1 275.34 334.922 292.336 335.813 290.513 370.591 273.518 369.7 0.534303
1 243.971 594.04 260.909 594.927 258.76 635.925 241.823 635.037 0.558531
1 213.344 44.894 213.344 60.3916 179.386 60.3916 179.386 44.894 0.565019
1 127.665 265.016 144.89 265.617 143.559 303.749 126.333 303.147 0.565663
1 294.271 627.157 277.427 629.225 272.453 588.716 289.297 586.648 0.573758
1 106.11 273.77 122.002 275.161 118.886 310.778 102.994 309.388 0.593636
