1 517.109 391.302 535.825 391.956 534.424 432.055 515.709 431.402 0.313671
1 527.827 444.494 542.318 456.654 512.942 491.663 498.451 479.503 0.415514
1 484.154 606.754 500.144 607.592 498.138 645.872 482.148 645.034 0.427876
1 500.198 429.777 482.176 430.722 480.218 393.373 498.24 392.429 0.446997
1 367.301 277.629 384.546 278.533 382.614 315.41 365.368 314.506 0.494359
1 344.51 284.494 360.795 285.919 357.634 322.058 341.348 320.634 0.497586
1 442.795 205.71 440.925 220.936 405.37 216.57 407.24 201.345 0.56185
1 514.702 347.312 531.715 347.906 530.482 383.217 513.469 382.623 0.562067
1 452.285 55.0991 452.806 70.0107 419.41 71.1769 418.889 56.2653 0.569749
1 532.748 640.614 515.74 642.102 512.113 600.649 529.121 599.161 0.596473
