1 277.069 355.07 294.468 356.592 291.196 393.996 273.797 392.474 0.253891
1 260.332 392.799 242.634 394.347 239.39 357.265 257.087 355.716 0.385662
1 237.555 651.668 220.511 653.159 217.356 617.1 234.4 615.609 0.418901
1 286.903 407.201 300.848 419.324 272.133 452.357 258.188 440.234 0.449859
1 291.835 347.415 274.909 348.302 273.079 313.38 290.005 312.493 0.519564
1 201.142 166.547 199.198 182.381 162.837 177.916 164.781 162.083 0.531591
1 290.212 588.864 274.235 590.262 270.979 553.053 286.957 551.655 0.545222
1 126.163 241.24 143.68 241.852 142.344 280.096 124.827 279.484 0.570569
1 337.589 546.489 321.35 554.061 304.352 517.611 320.592 510.038 0.594305
1 211.722 3.64567 211.722 20.5256 175.219 20.5256 175.219 3.64567 0.599166
1 102.722 249.578 119.379 250.159 118.073 287.555 101.416 286.974 0.605687
1 243.352 559.899 259.368 560.738 257.453 597.293 241.436 596.453 0.619729
