1 517.529 115.24 535.591 116.821 532.307 154.352 514.246 152.772 0.287566
1 500.695 152.242 482.812 153.807 479.613 117.248 497.496 115.683 0.40987
1 527.389 166.836 541.498 179.1 512.261 212.734 498.152 200.469 0.430882
1 515.267 73.4694 532.052 74.3491 530.26 108.537 513.475 107.658 0.528672
1 530.536 348.613 514.465 350.019 511.186 312.545 527.257 311.139 0.530654
1 366.667 2.13702 383.741 2.73325 382.453 39.6209 365.379 39.0247 0.565223
1 476.914 410.007 460.184 410.884 458.401 376.853 475.13 375.976 0.574932
1 584.2 340.268 565.947 344.819 556.364 306.386 574.617 301.835 0.578392
1 528.858 493.293 512.777 494.136 510.84 457.169 526.921 456.327 0.591987
1 342.993 9.74912 359.9 10.3395 358.596 47.667 341.689 47.0766 0.603192
1 483.666 319.891 499.661 320.729 497.746 357.267 481.751 356.429 0.621534
