1 516.556 393.042 535.205 394.019 533.127 433.668 514.478 432.69 0.271221
1 500.565 431.254 482.352 432.847 479.118 395.88 497.331 394.287 0.404105
1 483.69 609.455 499.483 610.283 497.561 646.963 481.767 646.136 0.429551
1 527.351 446.447 542.055 458.785 513.093 493.302 498.388 480.963 0.431369
1 532.067 641.767 515.376 643.228 511.785 602.188 528.477 600.728 0.494207
1 514.743 349.181 531.304 349.759 530.077 384.896 513.516 384.318 0.538115
1 366.885 278.785 384.13 279.689 382.156 317.356 364.911 316.452 0.55927
1 442.313 208.145 440.16 223.467 404.843 218.504 406.996 203.182 0.559751
1 344.522 287.488 360.706 288.904 357.507 325.471 341.323 324.056 0.577442
1 452.196 58.3193 452.196 72.9692 418.918 72.9692 418.918 58.3193 0.624397
