1 256.728 540.065 240.753 542.027 236.056 503.769 252.031 501.808 0.258756
1 330.152 495.919 325.927 514.219 281.682 504.004 285.907 485.704 0.427276
1 352.32 433.853 360.176 449.959 327.43 465.93 319.575 449.824 0.441842
1 408.498 279.641 414.715 295.835 378.097 309.891 371.881 293.697 0.531261
1 108.987 526.412 114.654 538.565 85.9637 551.943 80.2969 539.791 0.564495
1 505.911 315.316 489.789 320.554 478.45 285.656 494.572 280.418 0.576451
1 190.387 545.291 197.857 559.339 163.438 577.64 155.968 563.592 0.587826
1 389.499 262.693 395.821 276.893 362.113 291.901 355.791 277.701 0.610897
1 407.441 444.723 414.417 459.027 382.921 474.389 375.944 460.085 0.612185
1 171.931 523.422 177.637 538.288 142.131 551.918 136.424 537.052 0.620763
1 58.9235 607.601 65.5731 621.861 31.7774 637.62 25.1279 623.36 0.656079
