1 461.819 339.602 462.348 354.728 424.849 356.038 424.321 340.911 0.389195
1 317.477 347.627 304.949 362.038 271.072 332.588 283.599 318.177 0.449455
1 27.1086 330.468 27.1086 345.804 -8.13725 345.804 -8.13725 330.468 0.458279
1 365.301 338.116 365.301 352.544 330.997 352.544 330.997 338.116 0.51042
1 367.016 302.161 367.016 317.362 332.085 317.362 332.085 302.161 0.511002
1 545.942 226.604 561.031 228.724 556.204 263.069 541.115 260.949 0.574512
1 173.4 331.72 173.674 347.395 134.683 348.075 134.409 332.4 0.603905
1 475.971 166.368 475.447 181.369 439.212 180.103 439.736 165.103 0.610787
1 411.253 337.887 411.253 351.998 377.061 351.998 377.061 337.887 0.614487
1 166.139 302.479 165.595 318.067 127.516 316.737 128.061 301.15 0.621149
1 485.419 189.301 484.847 205.676 445.048 204.286 445.62 187.911 0.628851
1 108.251 278.549 108.02 291.785 75.9025 291.224 76.1336 277.989 0.640078
