1 233.24 111.776 247.084 115.746 237.683 148.528 223.84 144.559 0.260468
1 269.861 56.9801 284.988 59.9205 278.714 92.1976 263.587 89.2572 0.272517
1 462.146 139.745 462.687 155.243 424.486 156.577 423.945 141.079 0.399284
1 26.3722 130.844 26.3722 145.709 -9.95832 145.709 -9.95832 130.844 0.433758
1 317.003 148.058 304.48 162.464 270.651 133.057 283.174 118.651 0.475255
1 367.131 102.67 367.131 117.943 331.915 117.943 331.915 102.67 0.488174
1 365.391 138.92 365.14 153.273 330.638 152.671 330.889 138.318 0.506444
1 545.227 27.4803 560.269 29.5942 555.516 63.4109 540.475 61.297 0.553753
1 173.245 131.944 173.524 147.878 133.812 148.571 133.534 132.637 0.601731
1 411.227 138.272 411.227 152.391 376.892 152.391 376.892 138.272 0.602016
1 165.555 103.004 165.011 118.58 127.217 117.26 127.761 101.684 0.620943
1 108.301 78.9938 108.071 92.2057 75.9812 91.6455 76.2119 78.4337 0.636958
