1 256.777 300.123 240.728 302.094 236.019 263.743 252.068 261.772 0.251211
1 330.169 255.899 325.937 274.23 281.635 264.002 285.867 245.671 0.418701
1 352.334 193.796 360.223 209.971 327.415 225.973 319.526 209.797 0.444318
1 407.989 39.1612 414.715 55.0077 378.625 70.3268 371.899 54.4803 0.532044
1 108.987 286.421 114.652 298.571 85.9369 311.962 80.2711 299.811 0.558244
1 505.927 75.3028 489.829 80.5333 478.482 45.6098 494.58 40.3793 0.58363
1 190.391 305.312 197.842 319.326 163.433 337.622 155.981 323.608 0.587576
1 407.464 204.661 414.476 219.038 382.906 234.436 375.894 220.058 0.613136
1 389.514 22.7327 395.787 36.8217 362.147 51.7991 355.874 37.7101 0.614361
1 171.926 283.427 177.628 298.281 142.129 311.908 136.427 297.054 0.619747
1 58.6869 367.409 65.563 381.507 32.1653 397.796 25.2891 383.698 0.654732
