1 428.799 608.3 443.431 612.221 434.471 645.661 419.839 641.741 0.398031
1 543.799 419.479 555.239 434.659 518.295 462.498 506.856 447.318 0.423308
1 510.986 360.987 528.347 365.965 518.164 401.478 500.802 396.5 0.442102
1 514.132 167.025 508.114 181.92 474.63 168.392 480.648 153.497 0.488757
1 552.415 325.252 568.581 328.689 561.061 364.07 544.894 360.634 0.551892
1 545.534 518.373 534.4 529.508 505.81 500.918 516.944 489.783 0.570397
1 561.303 10.8172 557.282 26.9437 522.952 18.3843 526.973 2.25775 0.596212
1 424.568 221.781 441.809 226.725 431.086 264.12 413.845 259.176 0.607456
1 465.469 558.031 480.701 562.399 470.125 599.283 454.893 594.915 0.629018
1 400.288 224.119 416.092 228.651 405.588 265.284 389.783 260.752 0.635452
1 494.379 557.41 510.604 560.859 502.413 599.396 486.188 595.947 0.644488
