1 188.778 608.264 203.461 612.198 194.467 645.763 179.785 641.828 0.394128
1 303.8 419.461 315.23 434.628 278.262 462.486 266.832 447.318 0.429334
1 270.987 360.952 288.421 365.951 278.224 401.51 260.79 396.511 0.445235
1 274.143 167.02 268.122 181.922 234.634 168.391 240.654 153.49 0.488299
1 312.392 325.253 328.572 328.692 321.047 364.094 304.867 360.655 0.548011
1 305.591 518.381 294.403 529.569 265.731 500.898 276.92 489.709 0.568462
1 321.339 10.803 317.305 26.9848 282.92 18.4116 286.954 2.22989 0.59013
1 184.544 221.728 201.862 226.694 191.115 264.173 173.797 259.207 0.610902
1 225.472 558.053 240.68 562.414 230.111 599.273 214.903 594.913 0.631289
1 160.307 224.126 176.082 228.649 165.589 265.243 149.814 260.72 0.638556
1 254.381 557.399 270.616 560.85 262.418 599.417 246.183 595.966 0.646252
