1 461.975 579.317 462.518 594.877 424.454 596.206 423.911 580.646 0.413978
1 26.5181 570.773 26.5181 585.648 -10.0125 585.648 -10.0125 570.773 0.424797
1 233.645 447.121 249.974 447.977 248.15 482.781 231.821 481.926 0.443579
1 316.915 587.513 304.363 601.953 271.09 573.029 283.642 558.589 0.488755
1 365.841 577.73 365.841 592.964 330.077 592.964 330.077 577.73 0.505428
1 366.959 542.583 366.959 557.568 332.156 557.568 332.156 542.583 0.541376
1 545.136 466.887 560.414 469.034 555.636 503.029 540.358 500.882 0.573624
1 411.496 577.822 411.496 592.094 376.746 592.094 376.746 577.822 0.57575
1 173.158 571.413 173.717 587.409 134.3 588.786 133.741 572.789 0.611936
1 165.639 542.957 165.097 558.479 127.253 557.158 127.795 541.635 0.613619
1 475.646 406.446 475.118 421.564 438.893 420.299 439.421 405.181 0.623159
1 484.977 429.41 484.405 445.796 444.744 444.411 445.316 428.025 0.626148
1 108.354 518.82 108.121 532.175 75.8906 531.612 76.1238 518.257 0.629868
