1 316.856 586.569 303.973 601.389 271.348 573.028 284.231 558.209 0.402583
1 462.305 579.122 462.837 594.344 425.261 595.656 424.729 580.435 0.417984
1 27.6439 570.286 27.6439 586.051 -9.09232 586.051 -9.09232 570.286 0.467136
1 366.079 578.368 365.831 592.584 331.612 591.987 331.86 577.771 0.479454
1 367.112 542.503 367.112 557.054 333.289 557.054 333.289 542.503 0.5355
1 546.205 466.882 561.387 469.016 556.625 502.897 541.443 500.764 0.584774
1 173.808 571.467 174.352 587.057 135.448 588.416 134.904 572.825 0.599732
1 411.614 577.455 411.614 591.736 377.465 591.736 377.465 577.455 0.610221
1 476.323 406.269 475.801 421.231 439.674 419.969 440.197 405.007 0.61454
1 109.044 518.539 108.812 531.828 76.2324 531.259 76.4643 517.97 0.624239
1 485.545 428.999 484.967 445.574 445.114 444.182 445.692 427.607 0.626989
1 166.603 542.471 166.06 558.009 127.917 556.677 128.46 541.139 0.629685
