1 316.672 146.487 303.867 161.216 271.629 133.192 284.433 118.463 0.379488
1 462.547 139.217 463.07 154.194 425.457 155.507 424.934 140.53 0.440944
1 27.5899 130.323 27.5899 146.08 -8.97947 146.08 -8.97947 130.323 0.466852
1 365.975 138.456 365.728 152.565 331.671 151.97 331.917 137.862 0.493424
1 367.209 102.47 367.209 117.125 333.287 117.125 333.287 102.47 0.522417
1 546.276 26.8787 561.289 28.9886 556.529 62.8574 541.516 60.7474 0.587711
1 173.872 131.41 174.42 147.083 135.187 148.453 134.64 132.78 0.599329
1 411.578 137.453 411.578 151.701 377.476 151.701 377.476 137.453 0.619894
1 166.58 102.376 166.031 118.084 127.891 116.752 128.439 101.044 0.628668
1 109.011 78.5465 108.78 91.7669 76.3036 91.2 76.5343 77.9796 0.630092
