1 314.714 147.259 302.615 161.176 270.664 133.402 282.762 119.484 0.419035
1 26.1007 132.317 26.1007 147.439 -11.0207 147.439 -11.0207 132.317 0.467549
1 461.682 140.66 462.213 155.868 424.42 157.187 423.889 141.98 0.476515
1 365.416 139.307 365.416 153.731 330.989 153.731 330.989 139.307 0.486595
1 366.692 103.455 366.692 118.546 331.958 118.546 331.958 103.455 0.514187
1 544.916 27.9116 560.177 30.0564 555.383 64.169 540.122 62.0242 0.539317
1 411.331 138.861 411.331 153.325 376.744 153.325 376.744 138.861 0.592798
1 165.386 103.919 164.845 119.399 127.097 118.081 127.638 102.601 0.598744
1 173.249 132.651 173.805 148.569 134.088 149.956 133.532 134.038 0.620731
1 108.294 79.8545 108.06 93.2983 75.561 92.7311 75.7957 79.2872 0.641038
