1 461.952 339.343 462.493 354.842 424.494 356.169 423.952 340.67 0.414002
1 26.4835 330.797 26.4835 345.632 -9.91287 345.632 -9.91287 330.797 0.427521
1 233.64 207.139 249.969 207.995 248.145 242.786 231.816 241.93 0.443732
1 316.819 347.538 304.348 361.884 271.133 333.01 283.604 318.663 0.469711
1 365.804 337.773 365.804 352.937 330.134 352.937 330.134 337.773 0.509118
1 366.947 302.593 366.947 317.551 332.144 317.551 332.144 302.593 0.542324
1 545.148 226.879 560.395 229.022 555.623 262.977 540.376 260.834 0.572292
1 411.473 337.832 411.473 352.073 376.756 352.073 376.756 337.832 0.580449
1 165.612 302.948 165.069 318.49 127.249 317.169 127.792 301.628 0.61169
1 173.108 331.44 173.665 347.383 134.32 348.757 133.763 332.814 0.61323
1 475.663 166.452 475.135 181.549 438.888 180.283 439.415 165.186 0.622955
1 484.991 189.42 484.42 205.77 444.77 204.385 445.341 188.035 0.627128
1 108.351 278.809 108.118 292.166 75.9169 291.604 76.15 278.247 0.636177
