1 317.111 345.808 304.706 361.126 270.58 333.49 282.984 318.172 0.385647
1 462.342 339.216 462.866 354.223 425.197 355.539 424.673 340.531 0.414633
1 366.256 337.72 366.256 352.746 330.77 352.746 330.77 337.72 0.447527
1 27.5328 330.372 27.5328 345.833 -8.5927 345.833 -8.5927 330.372 0.463092
1 366.942 302.491 366.942 317.196 332.986 317.196 332.986 302.491 0.522915
1 546.21 226.692 561.326 228.816 556.538 262.88 541.422 260.756 0.580918
1 173.851 331.332 174.398 346.998 135.355 348.362 134.807 332.695 0.598856
1 411.696 337.703 411.696 351.844 377.353 351.844 377.353 337.703 0.604545
1 476.287 166.342 475.766 181.261 439.626 179.999 440.147 165.08 0.612148
1 166.401 302.435 165.858 317.983 127.834 316.655 128.377 301.108 0.624132
1 485.339 188.367 485.339 204.882 445.427 204.882 445.427 188.367 0.627648
1 108.718 278.568 108.49 291.669 76.4 291.109 76.6287 278.008 0.637436
