1 -4.41817 324.222 12.0862 325.666 8.77758 363.483 -7.7268 362.039 0.256387
1 75.22 588.075 63.3034 601.783 31.2378 573.909 43.1543 560.201 0.413933
1 221.768 580.93 222.313 596.52 184.723 597.832 184.179 582.243 0.446188
1 127.027 543.704 127.027 559.078 92.2253 559.078 92.2253 543.704 0.496509
1 125.431 580.368 125.179 594.809 91.0694 594.214 91.3215 579.773 0.517967
1 305.066 468.747 320.427 470.906 315.698 504.553 300.337 502.394 0.527462
1 475.087 516.409 458.501 517.278 456.714 483.183 473.3 482.313 0.569159
1 171.539 579.459 171.539 593.987 136.873 593.987 136.873 579.459 0.587406
1 244.878 430.959 244.315 447.1 205.056 445.729 205.62 429.588 0.58857
1 235.895 407.972 235.371 422.994 198.968 421.723 199.492 406.701 0.596699
