1 314.637 346.042 302.007 360.07 271.268 332.392 283.898 318.365 0.365627
1 233.365 239.325 247.869 240.594 245.154 271.628 230.65 270.359 0.389514
1 26.7517 330.406 26.7517 345.91 -10.0298 345.91 -10.0298 330.406 0.453029
1 462.423 339.342 462.948 354.367 424.827 355.698 424.303 340.673 0.462644
1 365.117 338.17 365.117 352.442 330.821 352.442 330.821 338.17 0.491118
1 367.08 302.317 367.08 317.39 332.041 317.39 332.041 302.317 0.54771
1 545.143 226.798 560.494 228.956 555.727 262.871 540.376 260.714 0.572641
1 411.341 337.789 411.341 352.049 376.974 352.049 376.974 337.789 0.599316
1 173.433 331.693 173.71 347.565 134.471 348.25 134.194 332.378 0.612265
1 475.91 166.335 475.386 181.331 439.072 180.062 439.596 165.067 0.617356
1 165.941 302.748 165.393 318.432 127.468 317.107 128.016 301.424 0.61779
1 485.251 189.262 484.68 205.614 444.965 204.227 445.536 187.875 0.63013
1 108.402 278.722 108.171 291.95 76.1172 291.391 76.3481 278.163 0.64105
