1 649.897 338.34 650.153 352.977 617.009 353.556 616.753 338.918 0.418939
1 555.077 347.896 543.22 361.536 511.019 333.545 522.876 319.905 0.449484
1 190.823 383.122 190.823 398.189 153.55 398.189 153.55 383.122 0.477859
1 475.969 112.376 492.062 113.784 488.897 149.955 472.804 148.547 0.488197
1 606.756 304.135 606.5 318.806 572.299 318.209 572.555 303.538 0.500044
1 605.194 339.704 605.194 354.041 571.24 354.041 571.24 339.704 0.543955
1 405.569 304.103 405.031 319.534 367.276 318.215 367.815 302.785 0.599209
1 266.295 331.964 266.295 347.622 229.804 347.622 229.804 331.964 0.619911
1 412.994 332.972 413.544 348.726 374.14 350.102 373.59 334.348 0.622161
1 348.355 280.003 348.118 293.626 315.631 293.059 315.869 279.436 0.628353
