1 315.295 348.562 303.079 362.13 271.318 333.533 283.534 319.965 0.381232
1 461.801 340.891 462.348 356.546 424.706 357.861 424.159 342.205 0.445815
1 237.698 86.2316 252.42 87.5197 249.341 122.719 234.618 121.431 0.455429
1 26.2387 332.457 26.2387 347.388 -10.4027 347.388 -10.4027 332.457 0.493342
1 367.019 303.711 367.019 319.069 332.188 319.069 332.188 303.711 0.497263
1 365.429 340.361 365.177 354.813 331.077 354.218 331.329 339.765 0.516842
1 545.091 228.755 560.38 230.904 555.66 264.489 540.371 262.34 0.530775
1 411.529 339.457 411.529 353.978 376.89 353.978 376.89 339.457 0.588871
1 484.872 190.975 484.31 207.071 445.12 205.703 445.682 189.607 0.593876
1 475.854 168.003 475.332 182.955 439.004 181.687 439.526 166.734 0.598905
1 165.746 304.938 165.203 320.497 127.68 319.187 128.223 303.627 0.603392
1 172.883 333.026 173.44 348.971 134.141 350.343 133.584 334.399 0.624758
1 108.335 280.177 108.099 293.711 75.8869 293.149 76.1231 279.615 0.651435
