1 315.045 587.612 302.946 601.531 270.925 573.695 283.024 559.776 0.43067
1 461.424 581.005 461.96 596.368 424.36 597.681 423.824 582.318 0.46065
1 26.1812 572.358 26.1812 587.248 -10.5669 587.248 -10.5669 572.358 0.478074
1 240.417 156.429 255.343 156.95 254.137 191.49 239.211 190.969 0.480228
1 366.872 544.187 366.62 558.65 332.365 558.052 332.617 543.589 0.535139
1 365.625 579.655 365.369 594.34 331.011 593.741 331.268 579.056 0.543681
1 544.816 468.647 560.098 470.795 555.383 504.346 540.1 502.199 0.546145
1 411.156 579.017 411.156 593.484 376.715 593.484 376.715 579.017 0.582843
1 475.789 407.707 475.266 422.693 438.894 421.423 439.417 406.437 0.602216
1 165.842 543.946 165.293 559.658 127.329 558.332 127.878 542.62 0.61024
1 484.383 430.599 483.817 446.807 444.813 445.445 445.379 429.237 0.615595
1 173.04 572.762 173.593 588.609 134.497 589.975 133.943 574.127 0.6246
1 108.271 519.848 108.035 533.372 75.3743 532.802 75.6104 519.278 0.644631
