1 461.782 140.377 462.315 155.633 424.481 156.954 423.948 141.698 0.400227
1 315.463 146.423 303.654 161.006 270.032 133.78 281.841 119.197 0.438074
1 26.045 131.71 26.045 147.005 -11.1713 147.005 -11.1713 131.71 0.455127
1 366.973 103.194 366.973 118.305 331.79 118.305 331.79 103.194 0.476371
1 366.094 138.64 366.094 153.54 330.336 153.54 330.336 138.64 0.511051
1 544.981 27.7343 560.144 29.8653 555.381 63.7557 540.218 61.6247 0.552556
1 194.774 163.809 201.646 177.296 168.094 194.392 161.222 180.904 0.561592
1 411.362 138.652 411.362 153.094 376.701 153.094 376.701 138.652 0.580555
1 165.369 103.536 164.826 119.08 127.138 117.763 127.68 102.22 0.610671
1 173.227 132.388 173.782 148.291 134.252 149.671 133.697 133.769 0.635768
1 108.207 79.6273 107.975 92.9573 75.4866 92.3903 75.7193 79.0602 0.640835
