1 315.619 348.093 303.493 362.042 271.35 334.101 283.476 320.152 0.387677
1 35.3835 387.314 35.3835 402.418 -3.0376 402.418 -3.0376 387.314 0.417134
1 462.089 341.146 462.629 356.616 424.944 357.932 424.404 342.462 0.439323
1 238.221 58.0404 253.481 59.3754 250.433 94.2106 235.174 92.8756 0.469304
1 26.3799 332.567 26.3799 347.332 -9.74774 347.332 -9.74774 332.567 0.493424
1 367.235 303.702 367.235 318.969 332.257 318.969 332.257 303.702 0.508161
1 365.333 340.423 365.084 354.674 331.34 354.085 331.589 339.834 0.522794
1 545.249 228.778 560.545 230.928 555.827 264.5 540.531 262.35 0.52665
1 412.214 339.265 412.214 354.262 376.715 354.262 376.715 339.265 0.583238
1 485.33 190.984 484.765 207.172 445.256 205.793 445.822 189.604 0.598802
1 476.021 168.034 475.497 183.037 439.109 181.766 439.633 166.763 0.604322
1 165.987 304.811 165.438 320.541 127.744 319.225 128.293 303.494 0.614014
1 173.661 332.956 174.22 348.958 134.408 350.348 133.849 334.346 0.627165
1 108.255 280.206 108.021 293.602 75.9293 293.042 76.1631 279.646 0.648645
