1 316.034 148.288 303.818 162.341 271.196 133.984 283.412 119.93 0.43383
1 462.111 141.392 462.64 156.532 424.943 157.849 424.414 142.709 0.466719
1 68.7626 188.47 68.7626 203.455 34.5501 203.455 34.5501 188.47 0.472747
1 26.5265 132.416 26.5265 147.543 -10.2965 147.543 -10.2965 132.416 0.47655
1 367.441 103.707 367.441 119.1 332.127 119.1 332.127 103.707 0.489067
1 545.25 28.5896 560.416 30.7211 555.677 64.444 540.51 62.3125 0.527928
1 365.34 140.443 365.34 154.24 331.323 154.24 331.323 140.443 0.534453
1 411.741 139.558 411.741 154.02 376.972 154.02 376.972 139.558 0.590127
1 173.068 132.856 173.634 149.04 133.986 150.425 133.42 134.24 0.615429
1 166.124 104.755 165.57 120.612 127.647 119.287 128.201 103.43 0.617669
1 108.264 80.3351 108.033 93.5862 76.0935 93.0287 76.3248 79.7776 0.649046
