1 215.625 129.836 228.186 138.308 208.93 166.855 196.37 158.383 0.403958
1 462.353 140.294 462.897 155.883 424.458 157.225 423.914 141.637 0.409557
1 315.628 146.869 303.049 161.34 270.286 132.86 282.865 118.389 0.437369
1 26.3495 130.993 26.3495 146.741 -10.7516 146.741 -10.7516 130.993 0.477641
1 367.144 103.553 366.889 118.156 332.623 117.558 332.878 102.955 0.524531
1 545.213 27.7987 560.43 29.9374 555.688 63.6786 540.471 61.54 0.545637
1 365.935 139.085 365.685 153.363 331.423 152.765 331.672 138.487 0.553646
1 411.284 138.595 411.284 152.772 376.981 152.772 376.981 138.595 0.601628
1 165.734 103.278 165.187 118.94 127.315 117.618 127.861 101.956 0.616469
1 173.56 132.289 174.114 148.149 134.436 149.535 133.882 133.674 0.628375
1 108.417 79.5017 108.186 92.7683 75.9968 92.2064 76.2284 78.9399 0.643351
