1 221.529 580.527 222.075 596.175 184.395 597.491 183.848 581.843 0.396109
1 75.475 586.329 63.6657 600.913 30.1174 573.746 41.9267 559.162 0.444603
1 126.049 578.737 126.049 593.708 90.1302 593.708 90.1302 578.737 0.498335
1 126.961 543.278 126.961 558.248 92.1861 558.248 92.1861 543.278 0.512556
1 4.72621 21.7944 20.5283 23.1769 17.2987 60.0907 1.49666 58.7082 0.522413
1 305.045 467.931 320.321 470.078 315.571 503.88 300.295 501.733 0.539891
1 171.234 578.962 171.234 593.261 136.781 593.261 136.781 578.962 0.558343
1 474.986 515.697 458.688 516.551 456.905 482.528 473.203 481.674 0.566301
1 235.696 407.295 235.172 422.311 199.026 421.049 199.55 406.032 0.611782
1 244.719 430.247 244.15 446.54 204.663 445.161 205.232 428.868 0.613916
