1 70.4546 628.424 70.4546 645.237 32.5505 645.237 32.5505 628.424 0.267589
1 315.602 588.177 303.565 602.025 271.43 574.09 283.467 560.243 0.42571
1 461.952 581.267 462.492 596.722 424.839 598.036 424.299 582.582 0.451497
1 238.071 259.676 253.587 260.218 252.329 296.239 236.813 295.697 0.461233
1 26.4703 572.474 26.4703 587.399 -10.1302 587.399 -10.1302 572.474 0.482144
1 367.337 543.729 367.337 559.119 332.187 559.119 332.187 543.729 0.511143
1 365.604 580.571 365.359 594.607 331.227 594.011 331.472 579.975 0.523861
1 545.215 468.715 560.467 470.858 555.741 504.487 540.489 502.344 0.529793
1 412.271 579.304 412.271 594.335 376.745 594.335 376.745 579.304 0.580674
1 485.211 431.035 484.648 447.169 445.206 445.791 445.77 429.658 0.593807
1 476.005 408.087 475.481 423.079 439.081 421.808 439.605 406.816 0.598898
1 166.122 544.849 165.572 560.608 127.825 559.29 128.375 543.531 0.615475
1 172.933 572.902 173.496 589.012 134.06 590.389 133.498 574.279 0.619777
1 108.303 520.333 108.071 533.618 76.0478 533.059 76.2797 519.774 0.649159
