1 315.085 347.656 302.997 361.562 270.9 333.66 282.988 319.755 0.409219
1 461.409 341.013 461.946 356.376 424.374 357.688 423.837 342.325 0.458653
1 128.95 389.467 128.95 404.297 94.5451 404.297 94.5451 389.467 0.476462
1 26.1301 332.416 26.1301 347.211 -10.3757 347.211 -10.3757 332.416 0.480063
1 366.88 304.176 366.627 318.652 332.347 318.054 332.6 303.578 0.53296
1 544.824 228.62 560.1 230.767 555.383 264.328 540.107 262.182 0.54358
1 365.627 339.668 365.371 354.329 331.049 353.729 331.305 339.069 0.545623
1 411.142 339.021 411.142 353.475 376.724 353.475 376.724 339.021 0.585293
1 475.786 167.725 475.264 182.67 438.9 181.4 439.422 166.455 0.602636
1 165.819 303.946 165.27 319.666 127.334 318.342 127.883 302.621 0.609302
1 484.378 190.614 483.813 206.779 444.846 205.418 445.411 189.253 0.617016
1 173.154 333.119 173.43 348.938 134.365 349.62 134.089 333.801 0.625127
1 108.258 279.844 108.022 293.36 75.4025 292.791 75.6384 279.274 0.648854
