1 461.579 580.15 462.128 595.868 424.361 597.187 423.812 581.469 0.368814
1 315.316 586.432 303.57 600.937 270.009 573.76 281.755 559.255 0.440024
1 26.0921 571.721 26.0921 586.805 -10.9206 586.805 -10.9206 571.721 0.461239
1 366.947 543.192 366.947 558.224 331.945 558.224 331.945 543.192 0.492823
1 366.209 578.447 366.209 593.599 330.122 593.599 330.122 578.447 0.510284
1 194.86 603.82 201.688 617.221 168.097 634.336 161.269 620.935 0.537968
1 544.943 467.814 560.191 469.957 555.437 503.782 540.189 501.639 0.555384
1 411.343 578.701 411.343 593.124 376.717 593.124 376.717 578.701 0.569858
1 165.331 543.628 164.793 559.017 127.266 557.707 127.804 542.318 0.61068
1 484.464 430.216 483.899 446.422 444.533 445.047 445.099 428.841 0.612208
1 475.571 407.244 475.047 422.249 438.986 420.99 439.51 405.984 0.614223
1 173.101 572.452 173.653 588.256 134.486 589.624 133.934 573.819 0.637688
1 108.209 519.607 107.976 532.966 75.4454 532.398 75.6786 519.04 0.640266
