1 462.456 580.846 462.456 596.785 424.119 596.785 424.119 580.846 0.385972
1 215.623 570.024 228.083 578.428 208.95 606.794 196.49 598.39 0.424316
1 315.454 586.862 302.946 601.25 270.315 572.885 282.823 558.496 0.444871
1 26.3863 571.008 26.3863 586.592 -10.5462 586.592 -10.5462 571.008 0.48723
1 366.053 579.013 365.802 593.426 331.427 592.826 331.678 578.413 0.534474
1 366.943 543.272 366.943 557.798 332.759 557.798 332.759 543.272 0.541544
1 545.178 467.887 560.493 470.04 555.763 503.698 540.448 501.545 0.549567
1 411.312 578.599 411.312 592.832 376.992 592.832 376.992 578.599 0.591179
1 475.9 407.074 475.373 422.154 439.152 420.889 439.678 405.809 0.617797
1 165.632 543.399 165.092 558.857 127.394 557.54 127.934 542.082 0.620213
1 484.955 430.125 484.39 446.314 444.752 444.929 445.317 428.741 0.622355
1 173.45 572.361 174 588.114 134.699 589.486 134.149 573.734 0.631721
1 108.413 519.507 108.181 532.79 75.959 532.228 76.1909 518.945 0.645315
