1 315.5 587.226 303.175 601.403 270.312 572.836 282.637 558.658 0.428267
1 461.738 580.076 462.276 595.484 424.346 596.808 423.808 581.401 0.433887
1 26.2816 571.1 26.2816 586.533 -10.3033 586.533 -10.3033 571.1 0.496116
1 367.063 543.086 367.063 557.853 332.205 557.853 332.205 543.086 0.537096
1 365.613 579.171 365.359 593.726 330.797 593.123 331.051 578.568 0.546675
1 545.084 467.9 560.309 470.039 555.577 503.71 540.352 501.57 0.55708
1 411.384 578.421 411.384 592.844 376.729 592.844 376.729 578.421 0.586943
1 475.818 407.029 475.291 422.133 439.028 420.867 439.556 405.763 0.619658
1 165.571 543.319 165.028 558.863 127.396 557.549 127.939 542.005 0.620385
1 484.883 430.052 484.315 446.295 444.589 444.908 445.156 428.664 0.623351
1 173.316 572.417 173.863 588.071 134.682 589.439 134.135 573.785 0.630286
1 108.367 519.4 108.135 532.706 75.8042 532.141 76.0364 518.836 0.644455
