1 74.9304 587.571 62.8892 601.423 30.9268 573.638 42.968 559.786 0.442189
1 221.382 581.043 221.916 596.341 184.398 597.651 183.863 582.353 0.460195
1 -0.0759854 156.255 15.2177 156.789 14.0199 191.09 -1.2738 190.556 0.483757
1 126.9 544.166 126.647 558.666 92.3545 558.067 92.6076 543.567 0.528715
1 304.804 468.623 320.14 470.778 315.418 504.377 300.082 502.222 0.541108
1 125.624 579.675 125.369 594.32 91.0321 593.721 91.2877 579.076 0.543895
1 474.88 516.075 458.451 516.936 456.673 483.023 473.103 482.162 0.578205
1 171.158 579.013 171.158 593.485 136.708 593.485 136.708 579.013 0.58344
1 235.825 407.695 235.301 422.707 198.863 421.435 199.387 406.423 0.599961
1 244.388 430.603 243.822 446.811 204.783 445.448 205.349 429.24 0.612347
