1 315.66 148.18 303.549 162.112 270.845 133.684 282.957 119.751 0.449608
1 461.727 141.162 462.263 156.488 424.439 157.809 423.904 142.483 0.4653
1 26.1733 132.173 26.1733 147.405 -10.6821 147.405 -10.6821 132.173 0.484593
1 101.404 188.987 100.827 205.493 64.8513 204.237 65.4277 187.731 0.489602
1 367.115 103.887 367.115 118.833 332.2 118.833 332.2 103.887 0.499938
1 543.943 29.029 559.294 30.372 556.341 64.1174 540.991 62.7744 0.527201
1 364.964 140.415 364.721 154.383 330.968 153.793 331.212 139.826 0.551272
1 411.29 139.179 411.29 153.814 376.682 153.814 376.682 139.179 0.587963
1 165.499 104.707 164.949 120.436 127.53 119.13 128.079 103.4 0.600556
1 173.387 132.923 173.946 148.913 134.259 150.299 133.7 134.309 0.621469
1 108.174 80.1367 107.94 93.5381 75.8244 92.9775 76.0584 79.5762 0.65345
