1 -1.3932 175.492 13.9391 177.646 9.10213 212.063 -6.23015 209.908 0.324581
1 220.433 340.409 220.965 355.647 184.314 356.927 183.782 341.689 0.380418
1 75.3333 347.548 63.0886 361.634 30.4069 333.224 42.6516 319.139 0.405556
1 126.754 303.074 126.754 317.751 91.6877 317.751 91.6877 303.074 0.530281
1 125.512 338.376 125.512 353.402 89.4584 353.402 89.4584 338.376 0.533914
1 304.756 227.364 320.074 229.517 315.275 263.668 299.956 261.515 0.545005
1 474.624 275.832 458.512 276.677 456.727 242.629 472.839 241.784 0.561365
1 171.117 338.359 171.117 352.718 136.403 352.718 136.403 338.359 0.563194
1 244.221 190.192 243.663 206.175 204.446 204.805 205.004 188.823 0.61634
1 235.51 167.102 234.986 182.111 198.724 180.844 199.248 165.835 0.623069
