1 315.432 347.667 303.281 361.645 270.746 333.363 282.897 319.384 0.410281
1 461.172 340.389 461.717 355.98 424.072 357.295 423.527 341.704 0.450976
1 25.9846 331.534 25.9846 346.891 -10.6335 346.891 -10.6335 331.534 0.478747
1 365.607 338.706 365.607 353.846 330.056 353.846 330.056 338.706 0.521453
1 544.825 228.159 560.129 230.309 555.354 264.283 540.051 262.132 0.538376
1 366.697 303.413 366.697 318.15 331.519 318.15 331.519 303.413 0.545144
1 475.571 167.592 475.049 182.527 438.65 181.256 439.172 166.321 0.603721
1 411.203 339.658 410.957 353.723 376.83 353.127 377.075 339.063 0.60632
1 165.161 303.677 164.624 319.044 127.137 317.735 127.673 302.368 0.60917
1 484.314 190.475 483.749 206.644 444.612 205.277 445.177 189.108 0.617455
1 172.805 332.66 173.354 348.379 134.189 349.747 133.64 334.027 0.63205
1 107.996 279.587 107.762 292.965 75.3445 292.399 75.578 279.021 0.644702
