1 315.443 586.344 303.617 600.948 269.916 573.657 281.742 559.053 0.429845
1 26.1624 571.213 26.1624 586.674 -10.7578 586.674 -10.7578 571.213 0.481478
1 461.89 579.713 462.441 595.492 424.223 596.826 423.672 581.047 0.506579
1 366.054 578.469 366.054 593.698 330.396 593.698 330.396 578.469 0.519296
1 367.08 543.305 367.08 558.15 332.071 558.15 332.071 543.305 0.533301
1 544.881 467.763 560.095 469.901 555.33 503.809 540.116 501.671 0.54709
1 411.374 578.7 411.374 593.214 376.764 593.214 376.764 578.7 0.604512
1 475.519 407.266 474.995 422.271 438.863 421.009 439.387 406.004 0.611928
1 165.151 543.485 164.613 558.902 127.306 557.599 127.845 542.182 0.612469
1 173.114 572.265 173.675 588.31 134.067 589.693 133.507 573.648 0.613346
1 484.5 430.236 483.934 446.443 444.643 445.071 445.209 428.864 0.61396
1 108.301 519.572 108.068 532.886 75.7282 532.322 75.9607 519.007 0.637828
