1 315.07 586.159 303.378 600.598 270.134 573.678 281.827 559.239 0.424774
1 461.744 580.357 462.29 595.983 424.332 597.308 423.787 581.683 0.458856
1 26.1919 571.12 26.1919 586.455 -10.0363 586.455 -10.0363 571.12 0.494807
1 366.097 578.663 365.83 593.971 330.065 593.347 330.332 578.039 0.504017
1 241.586 395.045 256.027 396.309 253.038 430.482 238.596 429.219 0.521299
1 366.815 543.666 366.815 557.936 332.548 557.936 332.548 543.666 0.528365
1 545.315 468.278 560.621 470.429 555.905 503.988 540.599 501.837 0.539688
1 239.73 71.6283 256.172 73.0668 252.809 111.507 236.367 110.069 0.541312
1 411.399 578.903 411.399 593.272 376.609 593.272 376.609 578.903 0.56531
1 475.98 407.352 475.454 422.429 439.105 421.16 439.631 406.083 0.616385
1 485.082 430.297 484.512 446.626 444.931 445.244 445.501 428.915 0.619361
1 165.926 543.367 165.379 559.051 127.236 557.719 127.784 542.035 0.621315
1 173.672 572.233 174.226 588.084 134.806 589.46 134.253 573.61 0.632417
1 108.364 519.265 108.129 532.702 75.7861 532.138 76.0207 518.7 0.645993
