1 -1.40234 415.481 13.9342 417.636 9.09724 452.053 -6.23933 449.897 0.322584
1 220.464 580.366 220.999 595.692 184.289 596.974 183.754 581.648 0.381797
1 75.4535 587.549 63.1432 601.71 30.3891 573.237 42.6994 559.076 0.417937
1 2.87251 11.3969 19.7592 12.8743 16.2867 52.5646 -0.599949 51.0872 0.489683
1 126.793 543.044 126.793 557.792 91.7046 557.792 91.7046 543.044 0.52907
1 125.557 578.336 125.557 593.427 89.4107 593.427 89.4107 578.336 0.532092
1 304.734 467.369 320.088 469.527 315.283 503.711 299.93 501.553 0.546441
1 171.114 578.353 171.114 592.727 136.385 592.727 136.385 578.353 0.55997
1 474.618 515.813 458.515 516.657 456.732 482.644 472.835 481.8 0.563638
1 244.237 430.169 243.676 446.214 204.409 444.843 204.969 428.798 0.612151
1 235.56 407.063 235.033 422.165 198.681 420.895 199.208 405.794 0.617441
