1 77.381 374.225 65.1508 388.294 31.7305 359.242 43.9607 345.173 0.327261
1 222.344 365.621 223.967 381.064 186.366 385.016 184.743 369.573 0.398279
1 3.68343 147.321 18.4082 148.609 15.3624 183.423 0.637646 182.135 0.509924
1 126.637 366.165 126.386 380.572 92.3214 379.977 92.5729 365.571 0.512883
1 306.86 255.356 322.116 257.5 317.268 291.997 302.012 289.853 0.513748
1 476.594 303.082 459.942 303.955 458.139 269.564 474.791 268.691 0.531235
1 127.796 331.573 127.796 345.736 93.3151 345.736 93.3151 331.573 0.542108
1 246.271 217.297 245.984 233.731 206.517 233.043 206.804 216.608 0.602015
1 237.213 195.263 236.419 210.422 199.835 208.505 200.63 193.346 0.612336
1 172.451 366.036 172.198 380.504 138.113 379.909 138.366 365.441 0.638912
