1 223.788 408.097 223.788 423.9 187.217 423.9 187.217 408.097 0.316531
1 8.10139 148.732 23.4034 150.07 20.45 183.827 5.14804 182.489 0.369628
1 79.8678 414.051 68.4377 428.166 34.6999 400.846 46.1299 386.731 0.440545
1 128.372 406.236 128.12 420.616 94.0616 420.021 94.3126 405.642 0.502059
1 478.375 342.917 461.438 343.804 459.617 309.056 476.554 308.169 0.514182
1 130.247 371.536 130.247 385.973 95.7383 385.973 95.7383 371.536 0.517431
1 308.327 295.471 323.648 297.624 318.863 331.667 303.543 329.514 0.584279
1 238.819 235.115 238.29 250.239 201.732 248.963 202.26 233.839 0.617743
1 174.987 405.901 174.731 420.574 140.329 419.974 140.585 405.3 0.621079
1 247.708 257.388 247.42 273.904 208.324 273.221 208.613 256.705 0.629933
