1 77.1534 614.041 64.933 628.099 31.7715 599.272 43.9919 585.214 0.331845
1 649.36 -5.88528 649.36 13.248 608.36 13.248 608.36 -5.88528 0.368333
1 222.36 605.553 224.006 621.208 186.319 625.169 184.673 609.514 0.409524
1 3.70395 387.369 18.3981 388.655 15.3561 423.425 0.661931 422.139 0.495714
1 306.844 495.375 322.113 497.521 317.265 532.018 301.995 529.872 0.511067
1 126.678 606.164 126.426 620.596 92.3527 620.002 92.6046 605.569 0.516989
1 476.599 543.093 459.92 543.967 458.117 509.562 474.796 508.688 0.525463
1 127.789 571.562 127.789 585.749 93.3218 585.749 93.3218 571.562 0.539393
1 246.289 457.285 246.002 473.748 206.516 473.059 206.803 456.595 0.601134
1 237.26 435.233 236.463 450.449 199.809 448.528 200.606 433.312 0.608922
1 172.472 606.019 172.218 620.548 138.085 619.952 138.338 605.423 0.641187
