1 315.275 146.143 303.478 160.712 270.087 133.672 281.884 119.104 0.421435
1 461.926 140.473 462.461 155.804 424.424 157.132 423.889 141.802 0.471132
1 26.1743 131.158 26.1743 146.577 -10.1486 146.577 -10.1486 131.158 0.487096
1 367.033 103.395 367.033 118.157 332.273 118.157 332.273 103.395 0.506427
1 366.09 138.788 365.825 153.987 330.175 153.365 330.44 138.165 0.506874
1 545.34 28.1809 560.581 30.3228 555.855 63.9477 540.614 61.8057 0.538113
1 411.399 138.864 411.399 153.228 376.608 153.228 376.608 138.864 0.577059
1 165.903 103.283 165.35 119.114 127.139 117.78 127.692 101.949 0.617463
1 173.814 132.164 174.371 148.121 134.566 149.511 134.009 133.554 0.628652
1 108.332 79.2892 108.098 92.6832 75.8493 92.1203 76.0831 78.7263 0.643978
