1 78.6825 417.411 66.334 431.616 35.4935 404.807 47.842 390.602 0.297371
1 128.823 410.218 128.573 424.58 94.5344 423.986 94.7851 409.624 0.399797
1 224.774 411.167 225.31 426.497 188.673 427.776 188.138 412.446 0.41856
1 14.6883 8.71912 30.2511 9.26259 29.0271 44.3123 13.4643 43.7689 0.537975
1 479.234 346.712 462.229 347.603 460.422 313.117 477.427 312.226 0.540769
1 131.411 374.803 131.159 389.253 96.9998 388.656 97.252 374.207 0.546737
1 175.101 409.298 175.101 423.847 140.745 423.847 140.745 409.298 0.581472
1 309.12 298.521 324.689 300.71 319.889 334.867 304.319 332.679 0.600905
1 239.457 238.282 238.928 253.423 202.696 252.157 203.224 237.017 0.61456
1 248.884 260.389 248.884 277.02 209.208 277.02 209.208 260.389 0.629675
