1 128.455 408.244 128.455 422.324 94.7344 422.324 94.7344 408.244 0.357236
1 224.744 410.43 225.27 425.495 189.019 426.761 188.493 411.696 0.404716
1 11.2333 124.341 26.9429 125.716 23.8578 160.979 8.14811 159.605 0.409008
1 81.2579 417.601 69.335 432.324 35.767 405.142 47.6899 390.418 0.415647
1 478.833 346.058 462.087 346.936 460.267 312.212 477.014 311.334 0.511067
1 131.195 373.831 131.195 388.701 95.6477 388.701 95.6477 373.831 0.5266
1 308.846 298.427 324.177 300.582 319.472 334.062 304.141 331.907 0.597022
1 175.028 408.162 174.769 422.982 140.246 422.379 140.505 407.559 0.602854
1 239.225 237.871 238.698 252.944 202.289 251.673 202.816 236.6 0.6077
1 248.468 260.189 247.878 277.09 208.244 275.706 208.834 258.805 0.622716
