1 464.896 411.854 464.896 427.335 428.499 427.335 428.499 411.854 0.369311
1 368.9 409.685 368.9 424.593 333.702 424.593 333.702 409.685 0.406423
1 230.29 261.635 246.845 263.083 243.649 299.616 227.094 298.168 0.47736
1 31.438 401.24 31.438 417.406 -7.24906 417.406 -7.24906 401.24 0.515809
1 319.309 419.242 307.228 432.659 275.246 403.863 287.327 390.445 0.53519
1 370.903 374.871 370.648 389.485 336.488 388.888 336.743 374.275 0.542787
1 547.846 299.203 563.299 300.555 560.315 334.658 544.863 333.306 0.59786
1 414.604 409.683 414.604 423.926 380.428 423.926 380.428 409.683 0.60047
1 176.277 403.499 176.277 419.312 138.131 419.312 138.131 403.499 0.614052
1 479.011 238.471 478.48 253.697 442.353 252.435 442.885 237.209 0.618828
1 169.511 373.999 168.948 390.126 131.211 388.808 131.774 372.681 0.619757
1 112.54 350.017 112.302 363.667 80.1155 363.105 80.3538 349.455 0.630035
1 488.537 261.292 487.957 277.886 448.532 276.509 449.112 259.915 0.63499
