1 369.333 474.492 369.333 489.659 334.08 489.659 334.08 474.492 0.324253
1 463.625 477.677 463.625 493.077 428.238 493.077 428.238 477.677 0.407588
1 249.355 484.363 235.03 487.148 228.517 453.64 242.841 450.855 0.435165
1 371.251 439.479 371.251 454.616 335.437 454.616 335.437 439.479 0.461561
1 31.5383 466.838 31.2601 482.773 -7.49366 482.096 -7.21551 466.162 0.52002
1 320.393 482.209 308.431 496.981 274.541 469.537 286.503 454.765 0.523011
1 547.852 364.377 563.601 365.755 560.634 399.661 544.885 398.283 0.574316
1 415.16 474.731 414.901 489.576 380.396 488.974 380.655 474.128 0.594779
1 169.589 439.457 168.737 455.713 131.053 453.739 131.905 437.482 0.602399
1 176.706 469.03 176.706 484.629 138.386 484.629 138.386 469.03 0.606678
1 479.55 303.371 479.015 318.692 442.477 317.416 443.012 302.095 0.618982
1 112.476 415.535 112.247 428.639 80.5497 428.086 80.7785 414.981 0.621026
1 488.647 326.386 488.065 343.045 448.701 341.67 449.282 325.011 0.639778
