1 464.617 211.762 464.617 227.431 428.368 227.431 428.368 211.762 0.333506
1 368.839 209.623 368.839 224.545 333.639 224.545 333.639 209.623 0.411516
1 230.382 61.7949 246.755 63.2274 243.588 99.4332 227.215 98.0008 0.494532
1 31.4607 201.283 31.4607 217.32 -7.07181 217.32 -7.07181 201.283 0.525727
1 319.521 219.286 307.351 232.802 275.172 203.828 287.342 190.312 0.527715
1 370.773 174.915 370.52 189.382 336.408 188.786 336.661 174.32 0.573349
1 414.501 209.683 414.501 223.931 380.425 223.931 380.425 209.683 0.603926
1 547.913 99.1981 563.27 100.542 560.285 134.664 544.928 133.32 0.604298
1 176.226 203.52 176.226 219.289 138.278 219.289 138.278 203.52 0.62007
1 479.009 38.5369 478.482 53.6452 442.514 52.3891 443.041 37.2809 0.624029
1 169.4 174.108 168.845 190.003 131.256 188.69 131.811 172.796 0.625426
1 488.31 61.3357 487.736 77.7778 448.578 76.4104 449.152 59.9683 0.635945
1 112.573 150.078 112.336 163.651 80.2082 163.091 80.4451 149.518 0.640376
