1 369.212 208.952 368.961 223.334 335.815 222.756 336.066 208.374 0.375803
1 464.68 210.236 465.213 225.495 428.764 226.768 428.231 211.509 0.390908
1 321.625 217.637 309.516 232.59 275.669 205.181 287.777 190.228 0.408024
1 31.8243 201.074 31.8243 217.151 -6.91473 217.151 -6.91473 201.074 0.524132
1 371.095 173.869 371.095 188.598 335.561 188.598 335.561 173.869 0.54817
1 176.297 202.948 176.297 218.677 138.644 218.677 138.644 202.948 0.601909
1 548.904 98.4829 564.162 100.627 559.455 134.116 544.197 131.972 0.605771
1 414.907 208.133 414.648 222.973 380.231 222.372 380.49 207.532 0.611046
1 479.273 37.9216 478.75 52.8918 442.496 51.6258 443.019 36.6555 0.612561
1 488.225 60.2019 487.638 77.0154 448.25 75.64 448.837 58.8265 0.623389
1 169.813 173.68 169.256 189.641 131.18 188.312 131.738 172.35 0.634648
1 112.544 149.767 112.309 163.227 80.5805 162.673 80.8154 149.213 0.651066
