1 319.063 217.524 306.62 231.838 275.541 204.821 287.984 190.507 0.30012
1 464.759 211.284 465.032 226.899 428.233 227.541 427.961 211.926 0.38908
1 369.249 209.889 368.988 224.834 334.197 224.227 334.457 209.281 0.393204
1 32.0824 201.134 32.0824 217.278 -6.7257 217.278 -6.7257 201.134 0.529399
1 371.353 174.829 371.102 189.168 336.964 188.572 337.214 174.234 0.570984
1 415.023 209.33 415.023 223.854 380.762 223.854 380.762 209.33 0.588679
1 176.69 203.119 176.963 218.802 139.146 219.462 138.872 203.78 0.599584
1 549.205 98.5656 564.642 100.735 559.847 134.849 544.411 132.68 0.611922
1 479.492 38.3408 478.967 53.3686 442.846 52.1072 443.371 37.0794 0.61963
1 170.048 174.046 169.497 189.829 132.041 188.521 132.592 172.738 0.624251
1 488.751 60.4268 488.751 76.9698 449.253 76.9698 449.253 60.4268 0.633754
1 113.261 150.098 113.026 163.562 81.0626 163.005 81.2976 149.54 0.645104
