1 558.604 417.367 546.268 431.557 515.505 404.815 527.84 390.625 0.279065
1 652.067 408.382 652.067 423.011 620.654 423.011 620.654 408.382 0.347793
1 608.803 410.282 608.554 424.552 574.639 423.96 574.888 409.69 0.39786
1 474.137 176.954 490.114 177.512 488.844 213.88 472.867 213.322 0.528258
1 494.862 8.86326 510.153 9.39723 508.938 44.1749 493.647 43.6409 0.532014
1 611.39 374.835 611.139 389.2 577.072 388.605 577.323 374.24 0.5363
1 416.66 403.111 416.934 418.818 379.005 419.48 378.731 403.773 0.595459
1 410.095 373.919 409.538 389.893 372.008 388.582 372.566 372.608 0.617861
1 271.869 401.235 271.869 417.161 234.543 417.161 234.543 401.235 0.621224
1 353.253 350.033 353.017 363.576 320.996 363.017 321.232 349.474 0.62871
