1 465.019 411.85 465.019 427.364 428.336 427.364 428.336 411.85 0.391371
1 368.763 409.48 368.763 424.6 333.68 424.6 333.68 409.48 0.40965
1 227.731 299.425 243.654 300.818 240.528 336.543 224.606 335.15 0.500481
1 31.3981 401.289 31.3981 417.39 -7.34029 417.39 -7.34029 401.289 0.516774
1 370.902 374.61 370.646 389.288 336.156 388.686 336.412 374.008 0.523093
1 322.108 421.337 309.664 435.157 274.579 403.566 287.023 389.746 0.538814
1 547.781 299.11 563.226 300.462 560.228 334.72 544.784 333.369 0.593204
1 176.051 403.516 176.051 419.177 138.232 419.177 138.232 403.516 0.615631
1 479.034 238.452 478.505 253.611 442.31 252.347 442.839 237.188 0.616701
1 169.52 373.889 168.955 390.053 131.205 388.734 131.769 372.571 0.618879
1 414.801 409.722 414.801 424.023 380.496 424.023 380.496 409.722 0.626489
1 488.604 261.2 488.023 277.826 448.555 276.448 449.136 259.822 0.634763
1 112.458 350.04 112.222 363.584 80.2942 363.027 80.5306 349.483 0.639575
