1 49.8394 -4.29209 53.7776 5.96725 30.0424 15.0783 26.1043 4.81899 0.251852
1 515.428 521.829 498.989 522.69 497.18 488.166 513.619 487.305 0.265997
1 122.422 182.709 112.769 186.222 105.021 164.935 114.674 161.422 0.302032
1 651.428 596.244 651.717 612.755 616.541 613.369 616.253 596.858 0.312038
1 420.383 521.207 404.533 522.593 401.806 491.423 417.656 490.037 0.396647
1 503.696 394.524 519.334 395.892 516.436 429.012 500.798 427.643 0.426542
1 399.623 519.938 382.771 520.526 381.458 482.94 398.31 482.352 0.458346
1 478.683 518.443 463.102 518.987 461.909 484.821 477.49 484.277 0.483395
1 607.702 524.469 592.94 525.761 590.304 495.638 605.067 494.347 0.498143
1 314.935 481.057 331.716 481.643 330.443 518.09 313.662 517.504 0.521973
1 338.082 483.329 355.3 484.231 353.455 519.448 336.237 518.546 0.522052
1 576.875 398.791 591.843 400.1 589.03 432.252 574.062 430.943 0.523592
1 616.206 398.508 631.455 399.842 628.573 432.785 613.323 431.451 0.545884
1 627.789 526.236 612.998 528.052 608.944 495.032 623.735 493.216 0.551587
1 89.1042 441.965 91.3482 457.932 55.818 462.926 53.574 446.959 0.553087
1 425.081 486.573 441.745 487.155 440.492 523.064 423.827 522.482 0.55388
1 595.64 400.638 610.91 401.974 608.102 434.07 592.832 432.734 0.564196
1 378.242 519.266 362.225 520.106 360.313 483.63 376.33 482.791 0.567783
1 539.758 396.863 554.99 398.196 552.089 431.356 536.857 430.023 0.570369
1 483.113 394.779 500.892 395.711 499.115 429.621 481.335 428.69 0.585576
1 479.907 483.731 495.76 484.285 494.514 519.96 478.661 519.406 0.593394
1 558.67 397.984 573.775 399.305 570.743 433.954 555.638 432.633 0.595141
1 558.989 520.37 542.917 521.212 541.051 485.604 557.122 484.761 0.597073
1 588.437 521.976 573.417 522.763 571.744 490.832 586.763 490.045 0.605135
1 522.113 395.952 537.474 397.296 534.527 430.982 519.166 429.638 0.611464
1 460.353 522.868 444.68 523.689 442.914 489.997 458.587 489.175 0.612052
1 474.534 595.793 474.252 611.896 437.555 611.255 437.836 595.153 0.626408
1 540.512 519.749 524.486 521.152 521.447 486.42 537.473 485.018 0.643153
