1 644.316 270.494 628.057 271.916 625.223 239.515 641.481 238.093 0.313536
1 350.792 248.609 335.17 249.975 332.459 218.986 348.081 217.619 0.334073
1 498.837 131.687 514.383 133.048 511.27 168.629 495.724 167.269 0.364012
1 589.693 236.481 605.588 237.314 603.959 268.388 588.065 267.555 0.389864
1 460.731 226.138 474.728 227.117 472.64 256.965 458.643 255.986 0.389917
1 630.438 140.252 645.852 141.6 642.792 176.578 627.378 175.23 0.45907
1 415.398 257.94 401.318 258.678 399.733 228.44 413.813 227.702 0.496405
1 510.842 261.496 495.572 262.029 494.423 229.123 509.693 228.59 0.496895
1 625.018 268.999 609.93 270.319 607.07 237.623 622.157 236.303 0.526728
1 326.27 248.636 311.118 249.43 309.427 217.159 324.578 216.365 0.543213
1 373.214 257.191 356.487 257.775 355.171 220.086 371.897 219.502 0.551288
1 553.37 135.549 569.466 136.392 567.572 172.524 551.477 171.68 0.557178
1 572.598 137.873 588.917 139.301 585.759 175.394 569.44 173.966 0.558275
1 591.113 139.298 606.893 140.679 603.835 175.641 588.055 174.26 0.587344
1 421.371 223.044 437.295 223.6 436.141 256.637 420.218 256.081 0.591546
1 612.417 137.699 628.657 139.981 623.698 175.271 607.457 172.988 0.593819
1 535.048 134.525 550.609 135.886 547.572 170.601 532.011 169.24 0.597878
1 478.432 129.217 496.414 130.791 493.236 167.12 475.253 165.546 0.598534
1 517.086 132.667 532.813 134.043 529.672 169.949 513.945 168.573 0.598795
1 571.005 230.188 585.874 231.227 583.669 262.761 568.8 261.721 0.606454
1 456.452 258.748 441.194 259.548 439.466 226.577 454.724 225.777 0.611994
1 556.463 261.457 540.295 262.305 538.402 226.198 554.57 225.35 0.636863
1 477.138 223.428 492.755 223.973 491.533 258.961 475.916 258.415 0.641964
1 537.6 260.436 521.216 261.869 518.185 227.223 534.569 225.79 0.679833
