1 573.837 236.036 587.152 236.967 585.131 265.865 571.816 264.934 0.329064
1 419.639 328.122 435.698 329.527 432.803 362.611 416.745 361.206 0.375267
1 423.421 232.17 439.109 233.543 436.095 267.999 420.407 266.627 0.410436
1 302.061 320.302 319.129 320.898 317.763 360.03 300.694 359.434 0.422242
1 273.482 354.695 256.901 355.564 255.1 321.194 271.681 320.325 0.425221
1 528.682 364.735 514.172 366.004 511.48 335.239 525.991 333.97 0.443414
1 339.275 360.15 323.542 360.975 321.852 328.723 337.584 327.898 0.474236
1 233.486 317.527 249.954 318.103 248.728 353.199 232.26 352.624 0.475324
1 383.379 324.415 398.759 325.76 395.924 358.16 380.544 356.814 0.49379
1 496.729 237.334 512.011 238.671 509.078 272.193 493.796 270.856 0.518766
1 626.274 236.233 640.602 237.235 638.323 269.831 623.995 268.829 0.526699
1 565.728 365.501 550.98 366.533 548.873 336.407 563.622 335.375 0.539216
1 606.255 331.713 621.077 332.231 619.885 366.34 605.064 365.823 0.543637
1 402.849 231.016 420.613 232.571 417.569 267.372 399.804 265.817 0.548527
1 294.954 518.52 295.519 534.693 260.818 535.905 260.253 519.732 0.551635
1 547.662 366.508 534.075 367.697 531.356 336.618 544.943 335.43 0.554553
1 607.295 234.418 624.321 235.908 621.289 270.561 604.263 269.072 0.555547
1 515.573 238.37 530.913 239.712 527.984 273.2 512.643 271.857 0.563975
1 297.479 357.591 280.88 358.461 278.901 320.698 295.5 319.828 0.573767
1 536.884 236.611 551.99 238.734 547.221 272.67 532.115 270.547 0.577639
1 459.162 235.298 474.583 236.647 471.657 270.099 456.236 268.75 0.582402
1 554.969 236.836 570.808 238.222 567.764 273.018 551.925 271.632 0.592851
1 477.305 235.761 492.931 236.58 491.089 271.717 475.463 270.898 0.594447
1 479.877 359.865 463.535 361.008 461.02 325.042 477.362 323.899 0.599903
1 441.306 233.754 456.697 235.1 453.686 269.515 438.295 268.169 0.606228
1 639.342 365.181 623.345 366.299 620.865 330.826 636.861 329.708 0.616754
1 379.75 359.193 364.804 359.976 363.076 327.008 378.023 326.224 0.620779
1 586.859 332.665 602.964 333.227 601.818 366.057 585.712 365.495 0.622756
1 400.083 322.622 415.848 323.172 414.616 358.461 398.851 357.911 0.630942
1 509.048 361.636 493.934 362.428 492.253 330.37 507.368 329.578 0.633618
1 360.918 358.585 344.301 359.456 342.426 323.678 359.043 322.807 0.634743
1 460.861 359.368 444.708 360.781 441.652 325.851 457.805 324.438 0.642293
1 583.081 364.774 568.377 365.544 566.738 334.262 581.442 333.492 0.644434
