1 516.069 400.878 499.904 401.725 498.091 367.139 514.256 366.292 0.328965
1 382.827 361.644 399.76 362.236 398.464 399.354 381.531 398.762 0.390322
1 504.445 273.032 519.572 274.355 516.654 307.707 501.527 306.384 0.415327
1 122.08 59.7408 112.42 63.067 104.93 41.3154 114.59 37.9892 0.425131
1 420.135 399.508 404.262 400.34 402.616 368.915 418.488 368.083 0.425191
1 609.815 403.784 594.681 405.642 590.88 374.679 606.014 372.821 0.445776
1 577.015 277.115 592.425 278.463 589.477 312.161 574.067 310.813 0.479261
1 338.589 362.448 356.019 363.973 353.034 398.098 335.603 396.573 0.484717
1 628.832 405.811 614.292 407.596 610.308 375.155 624.849 373.37 0.501874
1 463.56 364.095 479.095 364.637 477.92 398.267 462.385 397.725 0.502041
1 314.861 359.147 331.78 359.738 330.512 396.063 313.592 395.472 0.511868
1 50.8195 325.719 54.2268 341.749 18.97 349.243 15.5627 333.213 0.535895
1 556.843 551.095 556.843 566.856 523.182 566.856 523.182 551.095 0.546163
1 616.915 276.667 632.101 277.995 629.116 312.11 613.931 310.782 0.548791
1 484.489 271.354 502.072 272.892 499.003 307.971 481.42 306.432 0.57024
1 596.161 278.261 612.039 279.651 609.103 313.209 593.225 311.82 0.571437
1 378.47 398.212 362.34 399.057 360.429 362.596 376.559 361.75 0.573268
1 560.268 398.87 544.335 399.984 541.892 365.048 557.825 363.934 0.587014
1 441.946 399.51 425.738 400.36 423.888 365.062 440.096 364.212 0.597761
1 460.869 401.374 445.496 402.18 443.744 368.763 459.118 367.957 0.598948
1 540.335 275.056 555.802 276.409 552.81 310.609 537.343 309.256 0.602973
1 481.567 363.066 497.188 363.611 495.939 399.373 480.318 398.828 0.607099
1 558.194 276.094 573.646 276.904 571.823 311.702 556.37 310.892 0.609976
1 589.277 401.059 574.307 401.843 572.629 369.815 587.598 369.031 0.621418
1 541.592 398.945 525.423 400.36 522.398 365.786 538.567 364.371 0.627112
1 597.231 479.334 597.231 495.152 559.718 495.152 559.718 479.334 0.634891
1 310.593 565.648 310.593 580.471 277.2 580.471 277.2 565.648 0.645845
1 522.699 274.576 538.124 275.926 535.146 309.97 519.721 308.62 0.647147
