1 272.312 34.6939 256.261 36.0981 253.318 2.46117 269.369 1.05692 0.372077
1 418.841 12.6185 434.355 13.9758 431.621 45.2279 416.107 43.8706 0.402942
1 248.659 34.347 231.384 34.9502 230.006 -4.50826 247.281 -5.11151 0.425078
1 337.566 41.2409 323.209 41.9933 321.571 10.7501 335.929 9.99763 0.430416
1 318.726 40.8178 300.769 41.7589 298.646 1.26134 316.603 0.320265 0.440426
1 526.755 46.6118 512.793 47.5881 510.651 16.9631 524.613 15.9868 0.447866
1 382.636 9.31517 397.805 10.3759 395.666 40.9609 380.497 39.9002 0.480726
1 564.328 50.0038 549.291 50.7918 547.671 19.8832 562.708 19.0951 0.501543
1 546.183 49.7397 532.305 50.9538 529.513 19.0362 543.39 17.8221 0.538484
1 605.62 15.535 620.435 16.3115 618.674 49.911 603.859 49.1345 0.551301
1 296.165 40.202 278.409 41.1326 276.33 1.47943 294.087 0.54883 0.569378
1 638.539 49.1481 622.397 49.994 620.545 14.6558 636.687 13.8098 0.58918
1 359.283 39.9336 342.539 40.5183 341.311 5.35731 358.055 4.77257 0.589942
1 507.313 44.6988 491.965 44.6988 491.965 12.4179 507.313 12.4179 0.598768
1 398.827 5.15678 414.464 5.70284 413.222 41.2849 397.585 40.7389 0.611001
1 581.633 48.708 566.665 48.708 566.665 17.1491 581.633 17.1491 0.613647
1 378.474 41.7469 363.581 42.5274 361.881 10.0905 376.774 9.31001 0.618452
1 478.613 43.3082 462.383 44.1587 460.487 7.98146 476.717 7.13089 0.618591
1 586.308 16.0622 602.46 16.9088 600.702 50.451 584.55 49.6045 0.62319
1 459.773 42.8582 443.014 44.3245 439.962 9.44832 456.722 7.98204 0.652696
