1 104.565 87.7736 95.0169 90.5114 88.7658 68.7113 98.3139 65.9734 0.28216
1 500.179 448.44 515.415 449.238 513.763 480.763 498.526 479.964 0.287878
1 382.752 440.403 399.461 440.987 398.128 479.168 381.418 478.584 0.33809
1 503.912 352.111 519.297 353.457 516.381 386.782 500.997 385.436 0.453747
1 609.358 483.935 594.729 485.215 592.011 454.146 606.64 452.866 0.470013
1 421.138 478.625 404.972 480.039 402.203 448.4 418.37 446.986 0.476169
1 463.425 443.603 478.853 444.142 477.698 477.219 462.27 476.68 0.508901
1 331.577 473.444 314.907 474.318 313.047 438.826 329.717 437.952 0.518795
1 337.44 441.239 354.525 442.134 352.723 476.526 335.637 475.63 0.525066
1 576.846 356.556 592.344 357.912 589.407 391.481 573.909 390.125 0.532422
1 378.125 477.612 361.865 478.465 359.902 441.01 376.162 440.158 0.554907
1 629.156 485.416 614.491 487.217 610.51 454.793 625.175 452.993 0.559613
1 483.3 350.826 500.904 351.749 499.065 386.841 481.461 385.918 0.570129
1 617.693 355.873 632.797 357.995 627.999 392.136 612.895 390.013 0.573471
1 596.136 357.615 611.777 358.984 608.828 392.698 593.187 391.329 0.576794
1 460.567 479.105 445.803 480.137 443.524 447.542 458.288 446.51 0.599401
1 560.336 478.896 544.169 480.027 541.708 444.835 557.876 443.704 0.606377
1 558.093 355.1 573.372 355.901 571.544 390.78 556.265 389.98 0.610844
1 539.917 354.557 555.541 355.924 552.577 389.808 536.952 388.441 0.614565
1 441.793 478.78 425.597 479.629 423.73 444.004 439.926 443.156 0.61637
1 481.407 442.215 497.213 442.767 495.957 478.711 480.152 478.16 0.628372
1 523.183 353.119 538.433 355.262 533.631 389.432 518.38 387.288 0.633285
1 541.386 478.565 525.27 479.975 522.261 445.583 538.377 444.173 0.635625
1 589.421 480.615 574.579 481.393 572.909 449.533 587.751 448.755 0.635944
