1 420.088 248.187 435.455 248.992 433.786 280.838 418.419 280.032 0.320015
1 574.118 154.749 587.447 155.681 585.325 186.024 571.996 185.091 0.320469
1 302.628 239.944 319.558 240.535 318.208 279.195 301.278 278.604 0.36888
1 627.763 153.878 643.352 155.242 640.299 190.143 624.709 188.779 0.428985
1 529.378 284.104 514.727 285.386 512.028 254.536 526.679 253.254 0.440727
1 423.776 152.081 439.432 153.451 436.476 187.243 420.819 185.873 0.457709
1 566.564 284.339 551.251 285.679 548.519 254.459 563.832 253.119 0.465784
1 341.256 278.747 325.008 280.169 322.216 248.257 338.464 246.835 0.478654
1 251.596 273.272 234.958 274.144 233.102 238.73 249.74 237.858 0.492876
1 383.379 243.099 398.957 243.643 397.783 277.264 382.205 276.72 0.510154
1 257.167 241.168 274.421 241.771 273.216 276.275 255.962 275.672 0.520448
1 496.857 156.839 512.344 158.194 509.427 191.531 493.941 190.176 0.525028
1 548.894 285.211 534.415 286.988 530.476 254.905 544.954 253.128 0.526197
1 387.448 434.962 387.448 450.527 353.276 450.527 353.276 434.962 0.526252
1 608.155 153.747 625.28 155.245 622.304 189.254 605.18 187.756 0.538878
1 606.026 250.319 621.543 250.861 620.314 286.05 604.797 285.509 0.561527
1 516.103 157.787 531.722 159.154 528.789 192.688 513.169 191.322 0.565119
1 403.109 150.653 421.002 151.591 419.144 187.057 401.25 186.119 0.567425
1 537.637 156.5 552.408 158.576 547.742 191.782 532.97 189.706 0.5706
1 298.208 277.717 281.87 278.574 279.896 240.915 296.235 240.059 0.577009
1 459.845 154.631 475.497 156 472.533 189.878 456.881 188.508 0.596607
1 478.07 155.267 493.374 156.069 491.561 190.654 476.257 189.852 0.596868
1 380.393 279.341 365.125 280.142 363.392 247.086 378.661 246.286 0.598456
1 555.232 156.692 571.15 158.084 568.148 192.393 552.231 191 0.603898
1 480.386 279.139 464.089 280.278 461.597 244.642 477.894 243.502 0.606744
1 640.035 284.609 623.955 285.734 621.425 249.544 637.505 248.42 0.610753
1 641.231 364.428 640.649 381.08 600.532 379.68 601.113 363.027 0.61877
1 361.891 278.932 345.603 279.786 343.72 243.867 360.008 243.013 0.621616
1 443.139 153.109 458.467 155.263 453.645 189.573 438.317 187.419 0.624525
1 509.479 280.939 494.44 281.727 492.751 249.507 507.791 248.718 0.624682
1 603.255 284.522 587.082 285.37 585.32 251.762 601.494 250.915 0.625276
1 401.387 242.092 417.277 242.647 416.014 278.813 400.124 278.258 0.630314
1 568.848 252.372 583.471 253.395 581.292 284.548 566.67 283.526 0.636848
1 461.439 278.775 445.205 280.195 442.162 245.407 458.396 243.987 0.641101
