1 464.296 542.904 464.013 559.129 427.763 558.496 428.046 542.271 0.308668
1 368.782 540.202 368.526 554.87 334.987 554.284 335.243 539.617 0.371629
1 372.279 505.211 372.279 520.964 335.804 520.964 335.804 505.211 0.486303
1 319.713 548.664 307.735 562.444 275.137 534.106 287.115 520.327 0.52642
1 170.711 505.756 169.881 521.585 132.396 519.621 133.226 503.792 0.53189
1 31.3833 531.829 31.3833 547.147 -6.76062 547.147 -6.76062 531.829 0.537419
1 113.833 480.893 113.604 494.01 81.4161 493.448 81.6451 480.331 0.545944
1 265.111 565.419 251.294 573.72 233.474 544.062 247.29 535.76 0.550342
1 548.254 429.214 563.838 430.577 560.865 464.556 545.281 463.192 0.560031
1 176.363 534.085 176.363 549.829 139.022 549.829 139.022 534.085 0.595932
1 414.667 540.356 414.417 554.67 380.828 554.084 381.078 539.769 0.598709
1 480.183 369.493 479.648 384.808 443.416 383.543 443.951 368.228 0.605554
1 489.05 390.384 489.05 407.445 449.651 407.445 449.651 390.384 0.634645
