1 40.6888 375.447 30.3029 379.227 22.7937 358.596 33.1796 354.816 0.251516
1 24.547 327.769 14.987 330.51 8.73476 308.706 18.2947 305.965 0.28474
1 574.204 594.47 587.609 595.407 585.498 625.598 572.093 624.661 0.364674
1 627.673 593.679 643.431 595.057 640.359 630.176 624.601 628.797 0.432613
1 423.779 591.97 439.411 593.338 436.462 627.052 420.83 625.684 0.436767
1 497.154 596.729 512.448 598.067 509.524 631.492 494.23 630.154 0.535924
1 607.954 593.368 625.413 594.895 622.381 629.553 604.922 628.025 0.544371
1 403.142 590.726 420.985 591.661 419.13 627.052 401.288 626.117 0.557218
1 516.087 597.496 531.881 598.878 528.954 632.339 513.16 630.958 0.572701
1 537.594 596.14 552.501 598.235 547.801 631.673 532.894 629.578 0.578717
1 459.845 594.457 475.624 595.837 472.642 629.92 456.863 628.54 0.604915
1 478.084 594.979 493.446 595.784 491.619 630.639 476.257 629.833 0.605276
1 555.169 596.4 571.321 597.814 568.275 632.635 552.122 631.222 0.606033
1 443.12 593.014 458.518 595.178 453.689 629.539 438.291 627.375 0.624481
