1 381.599 603.973 399.116 604.279 398.35 648.146 380.834 647.841 0.276617
1 514.545 647.592 497.846 648.175 496.525 610.326 513.223 609.743 0.286661
1 419.509 647.026 403.947 648.387 400.982 614.501 416.544 613.139 0.307862
1 336.782 605.711 354.751 606.024 354.02 647.941 336.051 647.628 0.325836
1 378.054 644.02 361.931 644.865 359.905 606.201 376.028 605.356 0.351512
1 628.378 651.881 611.949 653.898 607.279 615.858 623.707 613.841 0.352303
1 607.653 651.497 590.855 652.967 587.618 615.966 604.416 614.497 0.368565
1 461.463 606.372 478.215 606.664 477.518 646.589 460.767 646.296 0.423215
1 502.576 515.66 518.766 517.076 515.781 551.194 499.591 549.777 0.45133
1 332.704 643.191 315.575 644.089 313.521 604.909 330.651 604.012 0.461519
1 460.291 645.596 444.303 646.995 441.262 612.237 457.25 610.839 0.491884
1 588.739 646.387 572.201 647.834 569.042 611.732 585.58 610.285 0.500306
1 127.585 560.111 129.558 576.178 93.0381 580.662 91.0653 564.595 0.516069
1 440.991 646.714 423.82 647.614 421.766 608.434 438.938 607.534 0.518665
1 595.104 522.218 609.767 523.5 607 555.125 592.338 553.842 0.537936
1 558.42 643.162 542.451 643.999 540.539 607.528 556.509 606.691 0.558778
1 479.295 605.439 494.397 605.966 493.156 641.486 478.055 640.958 0.564703
1 520.573 517.338 535.903 518.679 532.913 552.86 517.582 551.519 0.569709
1 615.157 521.195 630.552 522.542 627.757 554.49 612.362 553.143 0.570107
1 538.941 519.405 554.485 520.765 551.562 554.175 536.018 552.815 0.574476
1 540.327 644.47 523.35 645.955 520.077 608.548 537.055 607.063 0.578467
1 576.258 521.129 591.136 522.43 588.353 554.24 573.475 552.939 0.587701
1 482.367 516.136 499.931 517.056 498.104 551.917 480.54 550.997 0.588478
1 557.719 519.699 573 521.035 570.002 555.293 554.722 553.956 0.612797
