1 26.6804 219.146 23.6968 234.495 -13.7822 227.21 -10.7986 211.861 0.370167
1 14.9761 109.256 -1.37097 111.845 -6.35071 80.4038 9.99634 77.8147 0.396152
1 266.995 449.706 254.351 452.858 247.291 424.542 259.935 421.39 0.40539
1 134.501 243.83 122.298 247.329 114.812 221.222 127.015 217.722 0.477539
1 243.991 355.686 237.16 368.532 208.307 353.19 215.137 340.344 0.513526
1 98.1245 124.577 104.308 137.839 74.1037 151.923 67.92 138.662 0.60247
1 263.455 405.493 258.772 418.358 228.379 407.296 233.062 394.431 0.61258
1 222.94 317.376 217.068 331.91 183.116 318.192 188.988 303.659 0.612727
1 68.1416 -0.263745 84.1588 2.27314 78.8533 35.771 62.8361 33.2341 0.618582
1 82.5879 107.989 89.433 121.424 57.9794 137.45 51.1343 124.016 0.628348
1 219.552 417.307 204.383 422.53 193.616 391.26 208.784 386.037 0.647481
1 259.419 388.067 249.801 399.132 224.593 377.218 234.211 366.154 0.654149
