1 585.389 313.551 583.407 332.411 542.392 328.1 544.374 309.241 0.267433
1 24.0693 205.706 18.6914 219.716 -14.8625 206.836 -9.48456 192.826 0.327525
1 19.7113 188.364 9.42479 199.788 -15.4354 177.404 -5.14898 165.979 0.371169
1 27.8964 249.461 14.5847 253.027 7.02352 224.809 20.3352 221.242 0.421698
1 600.022 401.59 607.507 410.2 587.38 427.696 579.895 419.086 0.45755
1 548.623 344.222 545.157 356.308 518.548 348.678 522.014 336.592 0.480484
1 521.854 592.979 534.922 595.996 527.471 628.265 514.404 625.248 0.565646
1 582.524 338.219 586.666 351.768 556.133 361.103 551.99 347.554 0.581182
1 139.642 477.723 130.589 487.431 108.104 466.463 117.156 456.755 0.594981
1 538.669 542.552 551.323 546.664 541.112 578.091 528.458 573.979 0.603025
1 603.753 372.993 613.153 384.195 586.205 406.808 576.805 395.606 0.622485
