1 185.531 538.638 172.982 547.424 154.786 521.436 167.334 512.65 0.265589
1 24.9983 206.207 19.626 220.202 -13.9213 207.325 -8.54898 193.329 0.337366
1 20.8474 189.216 10.2332 201.005 -15.9981 177.386 -5.3839 165.598 0.373345
1 29.1668 250.096 16.2867 253.547 8.65308 225.058 21.5332 221.607 0.406984
1 600.728 402.398 608.237 411.037 588.367 428.31 580.858 419.671 0.464319
1 549.864 344.798 546.382 356.943 519.729 349.3 523.212 337.156 0.500798
1 523.672 592.679 536.897 596.222 528.013 629.378 514.788 625.834 0.540947
1 140.821 478.431 131.638 488.279 109.132 467.292 118.315 457.444 0.565615
1 584.686 339.093 588.622 352.819 557.001 361.886 553.065 348.16 0.589006
1 539.683 543.176 552.516 547.346 542.318 578.732 529.485 574.562 0.596663
1 605.974 374.045 614.695 385.618 586.212 407.081 577.491 395.508 0.628042
