1 610.164 189.224 603.652 204.565 563.173 187.382 569.685 172.042 0.303813
1 633.589 110.68 624.735 122.866 595.386 101.542 604.24 89.3568 0.312757
1 124.53 246.729 111.633 250.185 104.461 223.421 117.359 219.965 0.450492
1 236.699 357.966 230.009 371.682 199.836 356.966 206.526 343.25 0.475349
1 260.18 455.915 247.173 459.4 239.404 430.404 252.411 426.919 0.479036
1 57.4553 -0.349977 73.2726 2.15524 68.1403 34.5595 52.323 32.0543 0.53121
1 88.0645 125.227 94.3683 138.745 63.793 153.002 57.4892 139.484 0.612661
1 250.86 393.257 240.706 404.145 216.271 381.359 226.424 370.47 0.614101
1 214.665 321.213 208.8 335.729 174.64 321.927 180.505 307.411 0.633606
1 255.524 409.841 250.953 423.117 220.139 412.507 224.71 399.231 0.641593
1 72.2341 108.204 79.2252 121.924 47.1878 138.248 40.1967 124.528 0.647552
1 241.457 521.929 226.22 526.88 215.959 495.3 231.196 490.349 0.652238
