1 95.0846 496.132 98.3581 508.349 73.5585 514.994 70.285 502.777 0.298419
1 79.6894 498.376 65.5233 500.62 61.0967 472.672 75.2629 470.428 0.2991
1 493.403 189.298 503.954 199.487 479.475 224.836 468.924 214.647 0.496916
1 271.829 634.502 259.567 638.251 251.648 612.352 263.911 608.603 0.517105
1 60.0758 534.65 49.0141 543.932 28.6537 519.667 39.7154 510.385 0.544558
1 148.451 500.13 133.991 501.906 130.23 471.27 144.689 469.495 0.55417
1 204.271 388.895 220.079 391.968 213.523 425.694 197.715 422.621 0.554859
1 234.005 515.652 240.182 528.9 209.88 543.031 203.702 529.782 0.576924
1 163.209 610.754 159.552 625.42 126.316 617.133 129.972 602.468 0.588545
1 217.547 499.404 224.179 512.42 193.217 528.195 186.585 515.18 0.623439
1 113.519 494.824 101.289 504.041 80.5308 476.493 92.7611 467.277 0.636905
1 76.7139 527.167 64.9698 535.699 46.0714 509.688 57.8155 501.155 0.653044
