1 334.779 261.704 337.927 273.453 312.955 280.144 309.807 268.396 0.34827
1 39.059 458.287 48.524 468.799 24.4759 490.451 15.011 479.94 0.379889
1 319.559 262.559 305.512 265.289 299.848 236.152 313.895 233.421 0.406757
1 624.307 506.641 617.619 520.352 588.411 506.106 595.098 492.395 0.413033
1 141.278 359.579 150.552 368.853 128.951 390.453 119.677 381.179 0.447581
1 106.302 386.093 117.15 398.141 84.5118 427.528 73.6644 415.48 0.464293
1 297.561 296.69 287.065 306.478 266.128 284.026 276.624 274.238 0.489222
1 645.763 556.948 640.396 570.931 607.828 558.429 613.195 544.446 0.519858
1 512.791 399.356 500.38 402.451 493.324 374.151 505.735 371.057 0.535722
1 388.983 264.566 374.283 266.111 370.979 234.675 385.679 233.13 0.568449
1 601.386 469.248 595.73 483.984 563.592 471.647 569.249 456.912 0.569045
1 352.696 258.2 340.724 268.245 318.463 241.716 330.436 231.67 0.575991
1 473.86 280.177 480.278 292.772 450.977 307.701 444.56 295.106 0.581099
1 315.229 291.008 303.356 299.635 284.358 273.485 296.231 264.859 0.596109
1 402.142 374.607 399.361 388.916 366.742 382.575 369.524 368.267 0.601108
1 638.992 540.031 628.925 550.826 604.646 528.185 614.712 517.39 0.618344
1 458.294 263.012 465.397 276.37 434.514 292.791 427.411 279.432 0.644515
1 390.309 346.057 386.27 360.144 354.515 351.038 358.555 336.951 0.647481
1 446.235 154.787 461.847 158.105 454.757 191.458 439.146 188.139 0.653762
