1 50.3487 7.77673 53.7379 20.4253 27.0653 27.5722 23.6761 14.9236 0.309033
1 336.776 255.307 329.766 269.679 300.434 255.373 307.444 241 0.337891
1 362.145 351.269 348.325 355.494 339.571 326.862 353.392 322.637 0.343645
1 514.564 633.926 502.566 641.423 487.838 617.854 499.836 610.357 0.383671
1 224.804 146.499 212.449 149.58 205.722 122.597 218.076 119.517 0.482512
1 186.903 25.2987 193.466 38.7555 163.514 53.3641 156.951 39.9073 0.489186
1 172.443 9.91428 179.598 23.37 148.285 40.0196 141.13 26.5638 0.495697
1 472.339 576.691 463.112 586.587 441.602 566.528 450.829 556.633 0.503151
1 352.067 289.954 342.697 300.733 317.792 279.083 327.161 268.305 0.606554
1 117.177 122.242 113.417 137.323 80.2881 129.063 84.0482 113.982 0.609576
1 314.458 219.355 308.657 233.712 275.793 220.434 281.594 206.078 0.611322
1 31.579 37.7927 19.8649 46.9447 0.174661 21.7425 11.8888 12.5904 0.622026
1 234.8 192.922 223.997 202.995 201.547 178.92 212.349 168.846 0.624489
1 356.935 306.698 352.338 320.047 321.139 309.304 325.735 295.955 0.640327
