1 147.202 313.354 133.059 315.594 128.47 286.619 142.613 284.379 0.33833
1 451.578 555.367 444.99 568.873 416.156 554.81 422.744 541.303 0.411977
1 568.831 9.2138 578.603 19.6934 551.904 44.5909 542.131 34.1113 0.504326
1 125.638 347.295 114.76 356.423 95.0706 332.959 105.949 323.831 0.514941
1 341.568 448.537 329.404 451.796 321.739 423.19 333.903 419.93 0.545547
1 275.028 204.554 290.548 207.853 283.465 241.177 267.944 237.878 0.553504
1 216.822 314.52 202.655 315.759 199.954 284.877 214.12 283.637 0.5788
1 302.93 329.462 309.218 341.804 279.918 356.733 273.629 344.391 0.581198
1 428.987 518.568 424.179 532.531 391.978 521.443 396.785 507.48 0.595395
1 231.378 423.972 228.034 438.455 195.558 430.957 198.902 416.475 0.598705
1 181.121 307.864 168.918 317.746 147.258 290.998 159.461 281.116 0.608607
1 143.247 339.506 131.718 348.514 112.178 323.504 123.707 314.496 0.640632
1 471.23 604.235 467.012 617.216 436.329 607.246 440.546 594.266 0.650861
1 287.38 312.659 294.364 325.792 263.249 342.336 256.265 329.203 0.658364
1 467.029 587.979 457.442 599.007 432.383 577.224 441.97 566.196 0.6634
1 190.551 386.823 186.907 401.44 154.533 393.368 158.177 378.752 0.673964
