1 610.711 339.841 607.331 359.013 565.9 351.707 569.28 332.536 0.250055
1 208.127 561.016 196.824 568.64 180.264 544.088 191.567 536.464 0.281105
1 396.583 14.2063 389.818 28.7129 351.182 10.6966 357.947 -3.81007 0.309303
1 546.99 616.458 560.933 619.168 554.697 651.251 540.754 648.541 0.343281
1 54.4169 274.995 41.4421 279.211 32.1858 250.723 45.1605 246.507 0.364428
1 624.683 426.772 632.191 435.409 612.755 452.305 605.246 443.668 0.418383
1 574.362 368.65 571.269 381.057 544.26 374.323 547.354 361.916 0.494029
1 48.4174 231.448 43.9464 244.433 13.3438 233.896 17.8148 220.911 0.569888
1 165.132 502.508 156.057 512.239 134.051 491.719 143.126 481.987 0.581061
1 563.821 566.189 576.569 570.331 566.38 601.69 553.632 597.548 0.589718
1 629.419 398.644 638.283 409.59 611.286 431.452 602.422 420.506 0.597743
1 609.252 363.18 613.348 376.576 582.102 386.129 578.006 372.733 0.625505
1 44.6364 214.29 35.009 225.365 9.7774 203.432 19.4047 192.357 0.633582
