1 147.649 308.021 150.908 320.186 125.752 326.926 122.492 314.762 0.374168
1 133.68 309.105 118.419 311.796 113.393 283.291 128.654 280.601 0.378111
1 437.547 555.713 430.396 570.373 400.215 555.653 407.366 540.993 0.46794
1 202.163 311.731 187.896 313.736 183.541 282.747 197.807 280.742 0.49114
1 112.405 345.755 101.467 354.933 81.1886 330.766 92.1267 321.588 0.512609
1 325.307 446.688 312.689 450.069 305.244 422.287 317.863 418.905 0.516114
1 548.888 1.88367 559.072 12.4288 533.709 36.9208 523.526 26.3757 0.568979
1 456.551 605.162 452.226 618.471 420.959 608.311 425.283 595.002 0.594064
1 287.693 326.701 293.83 339.863 263.384 354.06 257.246 340.898 0.597946
1 414.318 518.031 409.262 532.716 375.934 521.24 380.99 506.555 0.607886
1 129.575 337.447 117.676 346.092 98.8476 320.177 110.747 311.532 0.608652
1 257.282 201.016 272.958 204.064 266.46 237.495 250.783 234.447 0.619049
1 216.02 422.082 212.656 436.654 179.472 428.993 182.836 414.421 0.619142
1 166.061 305.805 153.612 314.85 133.169 286.713 145.618 277.668 0.625835
1 452.321 588.899 442.58 600.105 417.442 578.253 427.183 567.047 0.66148
1 271.31 309.504 278.278 323.178 246.761 339.237 239.793 325.563 0.664611
1 284.913 442.449 275.964 453.904 249.469 433.204 258.418 421.749 0.692373
