1 270.651 620.065 263.56 634.604 232.773 619.588 239.864 605.049 0.438788
1 159.013 510.205 146.431 513.577 139.299 486.959 151.881 483.588 0.488482
1 379.911 62.891 390.814 73.4203 365.959 99.159 355.055 88.6297 0.551175
1 39.5227 375.111 24.8824 377.957 18.8442 346.894 33.4845 344.048 0.554922
1 122.241 389.365 128.766 403.358 97.9097 417.747 91.3845 403.753 0.596783
1 51.7275 486.588 48.0949 501.158 14.543 492.792 18.1755 478.223 0.598044
1 247.519 583.434 241.675 597.898 208.151 584.353 213.995 569.89 0.632719
1 106.08 373.177 113.076 386.906 81.4115 403.039 74.4164 389.31 0.646068
1 92.5542 264.578 108.601 267.697 102.052 301.391 86.0046 298.272 0.646165
1 213.417 616.001 200.767 624.534 181.943 596.626 194.593 588.093 0.651503
