1 334.891 461.901 337.995 473.489 312.607 480.291 309.502 468.704 0.290753
1 319.5 462.246 305.476 464.972 299.898 436.275 313.922 433.549 0.365231
1 141.214 559.627 150.514 568.927 128.899 590.542 119.599 581.242 0.447341
1 106.34 586.098 117.265 598.231 84.5609 627.679 73.6357 615.545 0.456258
1 297.508 496.737 287.071 506.47 266.093 483.973 276.53 474.24 0.493346
1 389.095 464.503 374.339 466.054 371.04 434.668 385.796 433.117 0.546247
1 352.513 458.417 340.348 468.268 318.59 441.399 330.755 431.548 0.569417
1 512.842 599.467 500.338 602.585 493.257 574.185 505.761 571.067 0.574515
1 473.895 480.137 480.314 492.735 450.876 507.735 444.457 495.136 0.577799
1 402.057 574.625 399.291 588.857 366.751 582.532 369.518 568.3 0.604431
1 315.138 491.022 303.346 499.589 284.473 473.614 296.266 465.046 0.605842
1 458.302 463.031 465.396 476.372 434.548 492.774 427.454 479.433 0.634882
1 445.914 354.845 461.569 357.888 455.051 391.416 439.397 388.373 0.649856
1 390.335 546.041 386.285 560.165 354.451 551.036 358.501 536.913 0.65085
