1 373.677 465.497 376.825 477.243 352.006 483.893 348.859 472.147 0.305478
1 357.689 466.755 343.842 468.455 340.138 438.285 353.985 436.585 0.412443
1 142.535 588.424 153.093 599.746 121.243 629.447 110.684 618.125 0.480851
1 177.404 561.705 186.52 570.821 164.98 592.361 155.864 583.245 0.500881
1 550.614 600.24 538.701 603.432 530.966 574.563 542.879 571.372 0.563521
1 426.737 467.235 412.296 468.498 409.608 437.782 424.05 436.518 0.565733
1 440.155 574.895 437.27 589.735 405.218 583.505 408.103 568.665 0.57869
1 335.387 498.697 324.921 508.457 303.724 485.726 314.19 475.967 0.579507
1 513.095 482.906 518.674 495.438 489.151 508.583 483.571 496.051 0.61465
1 390.814 461.085 378.507 470.359 357.857 442.955 370.164 433.681 0.629133
1 353.254 492.366 342.04 501.127 322.443 476.044 333.657 467.283 0.637429
1 496.324 465.975 503.513 478.428 473.927 495.509 466.738 483.057 0.654552
1 486.202 359.658 501.155 362.836 494.141 395.837 479.188 392.658 0.655607
1 328.116 516.496 320.744 529.264 292.453 512.931 299.825 500.162 0.660841
