1 284.355 130.692 286.702 140.107 262.139 146.231 259.792 136.816 0.303862
1 118.382 505.23 101.494 508.208 95.8139 475.997 112.702 473.019 0.340638
1 297.219 48.3986 299.814 61.7458 264.841 68.5438 262.247 55.1966 0.384943
1 207.87 454.55 193.399 458.428 185.859 430.291 200.331 426.413 0.457446
1 287.809 261.976 293.611 274.418 264.657 287.919 258.856 275.477 0.461048
1 141.167 340.175 127.948 343.717 120.556 316.132 133.776 312.589 0.473398
1 372.508 362.403 375.825 374.78 344.113 383.277 340.797 370.9 0.499568
1 82.2268 99.5874 83.9942 113.982 49.3684 118.233 47.601 103.839 0.531474
1 255.749 384.377 258.657 399.335 225.336 405.812 222.428 390.854 0.533102
1 131.049 223.57 114.889 225.554 111.061 194.379 127.221 192.395 0.544299
1 169.936 458.925 155.274 461.247 150.425 430.629 165.087 428.307 0.575347
1 330.896 368.971 334.447 382.221 302.154 390.874 298.604 377.623 0.575442
1 130.109 257.519 115.299 258.815 112.801 230.261 127.611 228.965 0.593153
1 242.148 279.942 244.825 293.715 213.283 299.846 210.606 286.073 0.595492
1 134.068 306.707 117.274 309.367 111.756 274.531 128.55 271.871 0.603636
