1 88.5758 151.274 92.1617 164.656 58.228 173.749 54.6422 160.366 0.271936
1 11.788 573.312 -2.58098 575.846 -7.95247 545.382 6.41651 542.849 0.298844
1 121.36 235.092 122.763 245.073 97.9573 248.559 96.5546 238.578 0.312937
1 88.1346 518.905 90.5523 534.17 46.4406 541.156 44.0229 525.891 0.314864
1 446.262 11.6771 449.38 26.3466 417.229 33.1805 414.111 18.511 0.318726
1 142.885 148.076 144.307 161.604 108.276 165.391 106.854 151.863 0.379574
1 186.285 491.748 188.909 505.249 154.732 511.892 152.108 498.392 0.493545
1 142.357 495.011 145.228 508.518 112.134 515.552 109.263 502.045 0.517254
1 112.288 377.32 116.391 390.741 84.2392 400.571 80.1359 387.15 0.565014
1 66.3364 504.233 67.9002 519.112 32.8679 522.794 31.3041 507.915 0.565126
1 62.7875 390.063 64.0694 404.715 31.3245 407.58 30.0426 392.928 0.567627
