1 322.791 198.932 325.686 213.826 282.864 222.15 279.969 207.256 0.259269
1 228.071 251.833 215.155 253.879 211.229 229.093 224.145 227.047 0.300555
1 190.65 130.674 176.459 133.433 170.842 104.537 185.033 101.778 0.369665
1 153.923 299.606 137.237 301.065 134.346 268.021 151.032 266.562 0.417034
1 209.918 255.755 194.447 257.109 191.744 226.215 207.215 224.862 0.456228
1 418.792 171.411 421.27 184.158 388.872 190.455 386.395 177.708 0.491735
1 342.911 62.4191 347.282 75.8728 316.192 85.9748 311.82 72.5211 0.512627
1 184.165 95.5709 167.228 96.4585 165.356 60.7348 182.292 59.8472 0.512866
1 247.522 253.811 233.425 256.551 227.838 227.809 241.935 225.069 0.5196
1 300.796 185.115 302.731 200.878 268.617 205.066 266.682 189.304 0.544641
1 294.977 76.2935 296.304 91.4558 263.78 94.3013 262.454 79.139 0.577025
1 377.167 175.39 379.775 188.806 346.439 195.286 343.832 181.869 0.578903
1 185.459 44.5253 170.793 45.2939 169.29 16.6205 183.957 15.8519 0.584818
