1 349.862 155.15 352.037 168.88 316.302 174.54 314.127 160.81 0.305439
1 325.363 467.963 326.672 480.415 289.1 484.364 287.791 471.912 0.305961
1 325.848 572.505 327.317 589.291 277 593.693 275.531 576.908 0.362597
1 406.837 153.419 407.351 168.15 369.31 169.479 368.796 154.747 0.370445
1 428.709 413.193 429.807 428.891 392.852 431.475 391.754 415.777 0.429893
1 357.896 412.567 362.462 426.622 328.52 437.651 323.953 423.596 0.479868
1 306.519 424.798 307.048 439.945 272.305 441.158 271.776 426.012 0.511018
1 188.983 474.971 173.452 475.785 171.797 444.193 187.327 443.379 0.526409
1 218.842 625.283 204.234 626.048 202.577 594.448 217.185 593.682 0.528686
1 238.541 626.098 222.339 627.516 219.501 595.086 235.704 593.669 0.540153
1 171.04 390.919 190.516 392.623 186.849 434.537 167.373 432.833 0.554673
1 382.237 547.788 385.359 562.476 350.215 569.946 347.092 555.258 0.568387
1 428.322 548.211 430.126 562.898 394.52 567.27 392.716 552.583 0.569262
1 182.299 590.182 198.77 590.757 197.547 625.776 181.076 625.2 0.575969
1 172.74 174.518 172.74 189.013 135.642 189.013 135.642 174.518 0.58172
1 466.453 124.541 466.933 138.282 433.068 139.465 432.588 125.723 0.58491
1 301.497 552.916 302.919 569.176 265.549 572.446 264.127 556.185 0.59945
1 180.908 339.464 196.346 341.634 191.834 373.739 176.396 371.569 0.610532
1 185.471 295.973 201.806 297.402 198.719 332.695 182.384 331.266 0.612453
