1 577.315 219.878 565.861 227.036 552.281 205.303 563.735 198.145 0.376293
1 513.822 177.358 502.135 182.08 491.448 155.628 503.135 150.906 0.411889
1 435.123 213.975 419.892 217.773 412.193 186.891 427.423 183.094 0.491151
1 615.028 481.721 602.932 485.651 593.842 457.676 605.938 453.746 0.511785
1 428.923 263.083 411.916 268.283 401.727 234.954 418.733 229.754 0.540326
1 572.756 497.909 557.115 502.991 545.926 468.555 561.567 463.473 0.566368
1 552.379 507.602 536.44 512.475 526.211 479.021 542.151 474.147 0.571799
1 500.918 24.2487 488.441 29.29 477.94 3.29983 490.418 -1.74151 0.619595
1 397.85 44.1862 385.62 47.4633 378.063 19.2603 390.293 15.9832 0.623965
1 624.276 429.099 608.778 434.436 598.127 403.501 613.625 398.164 0.628215
1 494.654 259.576 479.422 264.525 469.199 233.062 484.431 228.112 0.640449
1 481.946 291.405 466.74 296.345 456.475 264.753 471.681 259.812 0.644451
1 630.177 383.378 616.725 388.813 604.876 359.486 618.329 354.051 0.652018
