1 490.89 464.376 475.799 467.036 469.868 433.399 484.959 430.738 0.346166
1 455.832 230.75 442.166 233.407 436.45 204.004 450.117 201.348 0.417399
1 596.081 250.955 583.583 255.016 575.811 231.098 588.309 227.037 0.424429
1 568.922 557.344 552.955 561.324 544.609 527.853 560.576 523.872 0.424826
1 540.95 194.243 529.557 197.945 521.022 171.677 532.415 167.975 0.475931
1 612.414 468.282 600.519 471.693 591.819 441.352 603.714 437.941 0.51447
1 555.602 607.498 539.784 611.441 531.588 578.568 547.406 574.624 0.578461
1 506.342 420.527 490.727 424.421 482.715 392.287 498.33 388.393 0.609884
1 560.713 119.527 547.189 123.151 539.876 95.8577 553.4 92.234 0.624631
1 589.784 556.381 574.244 560.256 565.807 526.416 581.347 522.541 0.632606
1 477.726 215.914 463.37 218.704 457.413 188.057 471.768 185.266 0.660182
