1 595.005 601.25 578.239 605.43 569.198 569.167 585.964 564.987 0.449047
1 456.122 73.927 441.565 76.4938 436.338 46.8517 450.895 44.2849 0.472993
1 594.152 431.577 575.811 436.15 565.23 393.714 583.572 389.141 0.522603
1 563.67 90.1974 550.804 93.4051 543.271 63.1914 556.137 59.9837 0.542791
1 480.633 252.146 464.603 255.262 458.236 222.505 474.265 219.389 0.560508
1 543.691 223.155 523.329 226.745 516.714 189.231 537.076 185.641 0.590728
1 508.076 142.686 491.839 145.549 485.775 111.158 502.012 108.295 0.591629
1 544.828 330.711 528.144 333.954 521.624 300.412 538.308 297.169 0.603837
1 471.785 62.9037 456.981 65.7813 450.352 31.6763 465.156 28.7987 0.623467
1 574.764 462.53 557.433 466.851 547.994 428.994 565.325 424.673 0.64429
1 527.188 363.775 511.002 367.81 502.541 333.875 518.727 329.84 0.650282
