1 552.671 296.804 538.658 298.03 535.868 266.137 549.881 264.911 0.38225
1 596.682 163.197 617.643 163.929 616.319 201.844 595.358 201.112 0.515647
1 595.006 636.632 578.446 637.5 576.497 600.315 593.057 599.447 0.51798
1 563.19 -7.58205 579.495 -7.01267 578.2 30.0774 561.895 29.508 0.544839
1 603.962 381.74 623.048 382.407 621.534 425.762 602.448 425.095 0.572313
1 563.228 154.155 548.685 154.155 548.685 122.253 563.228 122.253 0.585704
1 595.112 371.531 577.638 372.447 575.706 335.587 593.18 334.671 0.592381
1 575.187 414.429 558.358 415.606 555.938 381.006 572.767 379.829 0.629292
1 599.345 488.507 581.602 489.748 578.944 451.741 596.687 450.501 0.630969
1 573.899 121.823 591.702 122.444 590.399 159.741 572.597 159.12 0.640017
