1 601.197 268.65 615.707 269.156 614.492 303.955 599.982 303.448 0.475557
1 374.123 273.806 373.425 287.122 342.352 285.493 343.05 272.177 0.487184
1 630.11 144.482 645.924 145.034 644.643 181.699 628.83 181.146 0.512698
1 531.571 439.367 516.361 440.164 514.586 406.294 529.796 405.497 0.529521
1 601.132 312.089 616.573 312.898 614.688 348.851 599.247 348.042 0.542796
1 372.175 413.905 371.94 427.404 342.305 426.887 342.541 413.387 0.591017
1 375.616 376.593 374.15 390.542 342.476 387.213 343.943 373.264 0.596614
1 371.189 292.338 370.952 305.928 341.797 305.419 342.034 291.829 0.600353
1 615.221 385.949 600.349 386.989 598.019 353.678 612.891 352.638 0.609676
1 637.38 235.832 624.851 236.489 623.222 205.4 635.751 204.744 0.611194
1 376.389 315.584 375.646 329.754 343.494 328.069 344.236 313.898 0.613131
1 556.321 439.424 538.98 440.941 535.764 404.176 553.105 402.658 0.633573
1 377.034 357.778 375.535 372.035 344.498 368.773 345.997 354.516 0.642979
1 374.236 394.651 373.685 410.431 337.056 409.152 337.607 393.372 0.647964
1 377.31 335.395 377.062 349.605 346.381 349.07 346.629 334.859 0.666816
