1 279.196 496.346 264.128 497.4 261.708 462.786 276.776 461.732 0.489434
1 350.486 366.272 365.943 367.624 362.934 402.014 347.477 400.662 0.514369
1 116.507 469.988 116.507 483.469 87.68 483.469 87.68 469.988 0.558251
1 350.605 320.266 365.335 321.038 363.536 355.357 348.807 354.585 0.575559
1 387.914 287.408 373.961 287.896 372.777 253.974 386.729 253.486 0.575737
1 117.156 345.162 117.156 358.515 87.2307 358.515 87.2307 345.162 0.586013
1 122.295 431.696 121.564 445.632 88.889 443.919 89.6193 429.983 0.587888
1 122.563 411.982 121.849 425.619 89.5449 423.926 90.2595 410.289 0.599963
1 119.857 326.474 119.398 339.619 87.8332 338.517 88.2923 325.372 0.613575
1 122.632 368.415 121.891 382.551 89.6752 380.863 90.4161 366.726 0.617483
1 304.6 495.931 286.811 497.487 283.539 460.093 301.329 458.536 0.620537
1 379.235 193.214 394.333 193.741 393.079 229.646 377.981 229.119 0.625513
1 364.923 440.931 349.415 442.016 347.015 407.69 362.523 406.606 0.625529
1 119.017 450.263 118.739 466.213 82.0645 465.573 82.3429 449.623 0.653849
1 123.867 390.109 123.62 404.258 91.4508 403.696 91.6977 389.548 0.669323
