1 534.932 335.339 517.425 336.871 513.988 297.584 531.495 296.053 0.260098
1 514.785 392.477 534.117 393.152 532.691 434.008 513.358 433.333 0.267626
1 526.339 446.038 541.405 458.68 511.751 494.02 496.684 481.378 0.417188
1 530.997 643.253 514.329 644.419 511.371 602.109 528.038 600.944 0.421382
1 498.507 431.226 481.111 432.138 479.191 395.506 496.588 394.594 0.444165
1 482.53 609.806 498.199 610.353 496.911 647.239 481.242 646.692 0.449286
1 441.656 207.958 439.807 223.013 404.809 218.716 406.657 203.661 0.530699
1 530.527 383.784 514.092 384.646 512.285 350.157 528.72 349.296 0.53183
1 365.817 278.788 383.102 279.391 381.774 317.422 364.489 316.818 0.556478
1 343.817 287.794 359.642 289.179 356.498 325.115 340.673 323.73 0.60018
1 451.058 58.4478 451.058 72.8355 417.804 72.8355 417.804 58.4478 0.612991
