1 205.482 131.401 204.436 143.363 173.027 140.615 174.074 128.653 0.289398
1 217.199 87.2563 216.154 102.193 180.385 99.6922 181.43 84.7551 0.344711
1 226.022 58.3271 225.475 73.9881 191.038 72.7855 191.585 57.1245 0.34629
1 258.328 285.193 258.102 298.14 227.119 297.599 227.345 284.653 0.353776
1 229.595 27.5834 228.913 40.6001 197.849 38.9721 198.531 25.9554 0.355776
1 234.41 413.695 234.41 427.917 201.656 427.917 201.656 413.695 0.384102
1 222.182 71.2475 221.921 86.2156 187.364 85.6124 187.625 70.6443 0.384224
1 280.84 175.498 281.269 187.781 253.717 188.743 253.288 176.46 0.401912
1 308.192 12.5401 307.942 26.8211 276.894 26.2791 277.143 11.9981 0.419239
1 269.452 252.931 269.452 268.284 233.567 268.284 233.567 252.931 0.426508
1 301.358 41.5573 301.358 54.9113 270.219 54.9113 270.219 41.5573 0.428262
1 203.378 192.183 201.744 207.729 165.993 203.972 167.627 188.425 0.431362
1 251.637 336.052 251.637 348.896 224.52 348.896 224.52 336.052 0.454841
1 205.032 176.791 204.255 191.621 169.166 189.782 169.943 174.952 0.458692
1 230.942 -2.9287 230.172 11.7493 198.264 10.0771 199.033 -4.60094 0.469903
1 225.095 40.4662 224.339 54.8956 191.537 53.1765 192.293 38.7471 0.470058
1 188.237 254.888 186.011 270.723 149.413 265.579 151.639 249.744 0.482461
1 248.019 372.579 248.019 387.702 211.772 387.702 211.772 372.579 0.501316
1 282.508 159.749 283.567 171.852 256.098 174.255 255.039 162.152 0.5288
1 291.985 100.366 291.771 112.611 262.754 112.105 262.968 99.8594 0.529324
1 293.068 85.8611 293.068 98.0461 262.64 98.0461 262.64 85.8611 0.532662
1 204.751 160.665 203.479 175.204 169.701 172.249 170.973 157.71 0.542643
1 213.545 102.564 211.871 118.492 176.48 114.773 178.154 98.844 0.557336
1 195.291 206.792 194.771 221.685 159.762 220.462 160.282 205.57 0.56028
1 181.07 268.718 181.07 284.234 146.244 284.234 146.244 268.718 0.561824
1 272.701 215.166 272.94 228.823 239.337 229.409 239.098 215.753 0.562601
1 254.711 317.19 254.711 331.083 222.836 331.083 222.836 317.19 0.57794
1 288.439 131.179 288.205 144.583 258.257 144.06 258.491 130.656 0.592143
1 258.186 300.652 257.941 314.701 225.846 314.141 226.092 300.092 0.594515
1 455.987 249.953 469.591 251.865 465.275 282.574 451.671 280.662 0.59983
1 188.949 239.113 187.727 253.078 153.875 250.116 155.097 236.151 0.60411
1 228.795 12.5881 228.565 25.7992 198.317 25.2712 198.548 12.0601 0.608133
1 270.202 231.548 270.457 246.114 238.136 246.678 237.882 232.112 0.609994
1 299.728 58.8454 299.487 72.6672 267.704 72.1124 267.945 58.2906 0.61053
1 274.545 192.076 274.316 205.166 245.989 204.672 246.217 191.581 0.619346
1 291.271 114.872 291.03 128.676 260.16 128.137 260.401 114.333 0.622963
1 262.262 270.094 262.019 284.069 229.342 283.499 229.586 269.524 0.626769
1 206.398 144.018 205.645 158.398 172.696 156.672 173.449 142.291 0.631062
1 191.172 222.755 190.671 237.104 157.08 235.93 157.581 221.582 0.633929
