1 253.883 298.151 253.653 311.327 223.967 310.809 224.197 297.633 0.293001
1 278.149 188.573 277.927 201.304 249.603 200.809 249.826 188.078 0.3189
1 283.059 157.813 283.059 170.674 254.438 170.674 254.438 157.813 0.365215
1 249.807 349.694 249.577 362.907 220.165 362.394 220.396 349.18 0.389334
1 202.993 144.066 201.88 156.798 169.881 153.998 170.995 141.266 0.396495
1 219.822 83.8395 219.285 99.2276 182.661 97.9486 183.198 82.5606 0.415357
1 228.414 38.9502 227.677 53.0091 195.911 51.3443 196.648 37.2854 0.431352
1 264.447 267.634 264.211 281.168 230.555 280.581 230.791 267.047 0.444586
1 201.367 189.911 199.775 205.054 163.753 201.268 165.345 186.125 0.455904
1 184.06 268.082 182.462 283.29 146.966 279.559 148.564 264.351 0.46071
1 213.583 99.7415 212.054 114.286 177.276 110.631 178.805 96.0862 0.466335
1 305.465 23.5894 305.221 37.5658 273.6 37.0138 273.844 23.0375 0.483461
1 229.32 428.173 229.8 441.933 197.932 443.045 197.452 429.286 0.493352
1 226.979 9.63413 226.765 21.8909 197.761 21.3847 197.975 9.12787 0.496712
1 297.511 53.0876 297.958 65.8961 267.426 66.9624 266.978 54.1538 0.502907
1 211.76 116.481 209.279 132.143 173.496 126.476 175.977 110.813 0.505219
1 289.796 112.251 289.578 124.749 259.695 124.228 259.913 111.729 0.515822
1 178.457 282.701 177.909 298.384 143.198 297.172 143.746 281.489 0.52027
1 290.805 97.5525 290.805 110.012 259.988 110.012 259.988 97.5525 0.521219
1 245.283 386.379 245.283 401.827 209.562 401.827 209.562 386.379 0.525268
1 200.411 205.199 198.752 220.989 161.143 217.036 162.803 201.246 0.541822
1 192.232 221.074 190.692 235.719 155.791 232.051 157.331 217.406 0.545277
1 222.475 69.8893 221.716 84.3693 188.363 82.6214 189.122 68.1413 0.550873
1 222.174 53.0271 221.434 67.1321 187.384 65.3476 188.124 51.2427 0.555157
1 254.729 314.564 254.729 328.314 223.154 328.314 223.154 314.564 0.55604
1 279.948 172.11 281.002 184.166 252.493 186.66 251.438 174.604 0.560527
1 186.427 252.129 184.873 266.922 149.504 263.205 151.059 248.412 0.564813
1 269.367 229.168 269.367 242.847 235.967 242.847 235.967 229.168 0.568411
1 200.674 173.774 199.161 188.168 165.3 184.609 166.813 170.215 0.571068
1 272.948 204.842 272.71 218.461 242.641 217.936 242.879 204.317 0.572237
1 188.345 236.779 187.155 250.374 153.263 247.409 154.452 233.814 0.575594
1 284.791 143.146 284.791 156.608 255.453 156.608 255.453 143.146 0.593544
1 225.359 23.7763 225.359 36.9588 195.672 36.9588 195.672 23.7763 0.594468
1 258.521 283.213 258.521 296.608 226.292 296.608 226.292 283.213 0.597502
1 477.059 63.3187 489.716 64.4262 487.148 93.7863 474.49 92.6789 0.601401
1 251.813 331.179 251.57 345.097 219.651 344.539 219.894 330.622 0.606664
1 288.306 126.921 288.063 140.835 256.896 140.291 257.139 126.377 0.639101
1 203.546 157.7 202.331 171.595 169.083 168.686 170.299 154.791 0.642727
1 296.954 70.2656 296.707 84.4296 265.033 83.8767 265.28 69.7128 0.654217
1 267.543 245.421 267.543 260.203 234.543 260.203 234.543 245.421 0.659456
