1 302.462 367.723 319.428 371.953 310.289 408.606 293.324 404.376 0.321478
1 189.036 607.795 203.795 611.475 195.225 645.847 180.466 642.167 0.41947
1 303.535 418.458 314.005 432.868 277.097 459.682 266.628 445.272 0.428413
1 267.463 360.025 285.079 363.45 277.964 400.054 260.347 396.63 0.444566
1 309.8 325.034 326.146 328.509 318.851 362.831 302.504 359.356 0.533989
1 305.888 517.648 294.654 528.882 266.11 500.337 277.344 489.103 0.567795
1 270.421 166.186 264.456 180.951 230.93 167.405 236.896 152.641 0.571364
1 180.946 222.053 197.587 226.202 188.377 263.14 171.736 258.991 0.592705
1 156.875 224.615 172.456 228.5 163.352 265.013 147.771 261.128 0.614072
1 225.714 557.312 240.89 561.663 230.373 598.341 215.197 593.99 0.622073
1 254.265 556.624 270.68 560.113 262.487 598.657 246.072 595.168 0.631175
1 315.445 9.35423 311.559 24.9377 277.757 16.5098 281.642 0.926317 0.638903
