1 516.49 353.122 534.818 354.726 531.399 393.8 513.072 392.197 0.344467
1 476.86 651.332 459.848 652.821 456.68 616.613 473.693 615.125 0.398669
1 499.664 390.979 482.177 392.509 479.016 356.381 496.504 354.851 0.430268
1 527.233 405.304 541.536 417.736 511.324 452.49 497.022 440.058 0.436292
1 529.003 588.395 512.373 589.558 509.729 551.737 526.359 550.575 0.528742
1 440.576 165.586 438.637 181.379 402.315 176.919 404.254 161.126 0.537211
1 531.246 346.341 514.443 347.221 512.621 312.469 529.425 311.588 0.545585
1 583.399 581.444 565.51 585.905 556.148 548.355 574.037 543.895 0.554036
1 365.812 240.19 383.125 240.794 381.789 279.075 364.475 278.47 0.561675
1 450.95 2.95967 450.95 19.5676 415.147 19.5676 415.147 2.95967 0.57824
1 483.553 559.051 499.237 560.423 496.088 596.423 480.403 595.051 0.606966
1 342.383 248.751 359.072 249.333 357.765 286.756 341.076 286.173 0.607111
