1 515.165 113.29 533.175 114.233 531.144 152.978 513.135 152.034 0.31044
1 498.888 151.016 481.943 152.499 478.791 116.478 495.737 114.995 0.399653
1 525.872 165.29 540.549 177.605 511.639 212.058 496.963 199.743 0.431403
1 530.823 105.797 514.157 106.67 512.344 72.0661 529.01 71.1927 0.517942
1 365.228 0.068555 382.613 0.67565 381.28 38.8587 363.895 38.2516 0.529434
1 474.502 408.889 459.021 409.7 457.284 376.555 472.765 375.743 0.550107
1 528.756 348.653 511.961 349.827 509.307 311.872 526.102 310.697 0.563916
1 576.668 307.729 560.221 314.711 544.472 277.608 560.919 270.627 0.573328
1 510.865 455.467 527.139 456.035 525.86 492.661 509.586 492.093 0.585758
1 482.556 318.934 498.31 319.759 496.4 356.205 480.646 355.379 0.59575
1 342.29 8.57294 358.813 9.43885 356.858 46.7411 340.335 45.8752 0.610991
