1 528.947 408.458 542.353 420.53 513.345 452.746 499.939 440.675 0.358309
1 503.166 392.628 484.792 393.591 482.878 357.071 501.252 356.108 0.376461
1 452.542 614.204 468.766 615.624 465.607 651.732 449.383 650.313 0.432975
1 565.364 524.6 551.383 534.39 526.657 499.077 540.638 489.288 0.497242
1 374.362 236.554 391.715 237.463 389.74 275.16 372.387 274.25 0.505758
1 521.343 313.434 537.67 314.863 534.66 349.264 518.333 347.835 0.543528
1 452.377 165.427 449.403 180.73 413.966 173.841 416.94 158.539 0.544464
1 351.478 243.415 367.647 244.83 364.403 281.908 348.234 280.493 0.574525
1 468.303 2.51388 467.732 18.8796 432.139 17.6367 432.711 1.27097 0.604172
1 479.049 559.048 494.526 560.402 491.326 596.98 475.849 595.626 0.606607
1 507.152 553.462 523.952 554.049 522.639 591.647 505.839 591.061 0.625554
