1 515.788 352.921 533.96 354.511 530.566 393.31 512.394 391.72 0.325928
1 499.007 391.054 481.889 392.552 478.73 356.444 495.848 354.947 0.3916
1 476.29 651.458 459.498 652.928 456.31 616.493 473.102 615.023 0.418377
1 525.882 405.25 540.577 417.581 511.632 452.075 496.937 439.745 0.433865
1 530.9 345.841 514.091 346.722 512.276 312.09 529.085 311.209 0.51917
1 440.323 165.538 438.366 181.48 402.083 177.026 404.041 161.083 0.548708
1 382.869 278.708 364.86 279.337 363.493 240.184 381.502 239.555 0.560284
1 528.75 588.64 511.959 589.814 509.302 551.824 526.093 550.649 0.566865
1 576.645 547.712 560.214 554.687 544.481 517.621 560.912 510.647 0.576857
1 450.678 2.88866 450.678 19.3894 414.708 19.3894 414.708 2.88866 0.596698
1 482.549 558.954 498.319 559.781 496.409 596.223 480.64 595.396 0.596892
1 342.256 248.689 358.833 249.558 356.881 286.811 340.303 285.942 0.606048
