1 26.0518 570.135 26.0518 584.819 -9.67764 584.819 -9.67764 570.135 0.411022
1 461.022 577.971 462.081 593.12 424.264 595.765 423.204 580.615 0.437808
1 365.325 577.48 365.06 592.683 329.476 592.062 329.742 576.859 0.497563
1 410.658 576.448 410.658 590.957 375.796 590.957 375.796 576.448 0.505995
1 315.862 586.954 303.378 601.315 269.916 572.227 282.4 557.865 0.513496
1 365.597 542.387 365.597 556.665 331.379 556.665 331.379 542.387 0.51944
1 544.164 466.996 559.15 469.103 554.415 502.792 539.429 500.685 0.558677
1 170.545 571.604 170.545 587.017 133.754 587.017 133.754 571.604 0.581155
1 484.191 429.218 483.625 445.419 444.04 444.037 444.606 427.835 0.603737
1 164.681 542.571 164.154 557.659 126.632 556.348 127.159 541.261 0.608866
1 474.524 406.349 474.007 421.135 438.263 419.886 438.779 405.101 0.609268
1 107.407 518.23 107.176 531.465 74.7174 530.898 74.9485 517.663 0.613599
