1 224.38 319.146 226.228 330.814 201.857 334.674 200.009 323.006 0.321624
1 74.7482 587.935 62.3971 601.653 30.6175 573.038 42.9686 559.321 0.402975
1 220.828 579.707 221.867 594.56 184.394 597.18 183.356 582.328 0.476246
1 124.502 578.81 124.244 593.563 89.8303 592.963 90.0878 578.209 0.510788
1 126.379 543.049 126.379 557.958 91.1206 557.958 91.1206 543.049 0.52019
1 304.43 467.797 319.613 469.931 314.888 503.549 299.705 501.415 0.543342
1 474.225 515.439 458.294 516.274 456.533 482.678 472.464 481.843 0.556271
1 171.388 578.354 171.388 593.256 135.851 593.256 135.851 578.354 0.565971
1 244.176 430.183 243.61 446.394 204.013 445.011 204.579 428.801 0.600526
1 235.046 407.151 234.524 422.111 198.258 420.844 198.78 405.885 0.605328
