1 464.455 318.499 466.338 330.387 441.675 334.293 439.792 322.405 0.328302
1 24.9225 571.193 24.9225 586.005 -10.5004 586.005 -10.5004 571.193 0.4459
1 364.955 577.715 364.955 592.937 328.889 592.937 328.889 577.715 0.474825
1 314.641 587.188 302.589 601.052 270.039 572.757 282.091 558.893 0.489051
1 461.009 578.361 462.088 593.802 424.038 596.463 422.958 581.022 0.491207
1 234.014 377.815 249.764 378.365 248.495 414.707 232.745 414.157 0.52035
1 411.034 577.664 411.034 592.59 375.621 592.59 375.621 577.664 0.528585
1 365.998 542.595 365.998 557.522 330.766 557.522 330.766 542.595 0.53344
1 543.934 467.365 559.115 469.498 554.378 503.198 539.198 501.064 0.552911
1 164.246 543.415 163.727 558.272 126.606 556.976 127.125 542.118 0.597777
1 482.495 429.571 481.921 446.027 444.082 444.706 444.656 428.249 0.600032
1 474.136 406.852 473.619 421.675 437.789 420.424 438.307 405.601 0.603012
1 170.354 572.159 170.628 587.866 133.416 588.515 133.142 572.808 0.612844
1 107.44 519.051 107.208 532.387 74.7036 531.82 74.9364 518.484 0.617104
