1 224.079 79.2452 225.917 90.8508 202.01 94.6372 200.172 83.0317 0.283149
1 -4.74105 20.8103 12.2774 21.7022 10.3606 58.277 -6.65786 57.3851 0.336866
1 74.9062 347.969 63.0206 361.642 30.7754 333.612 42.6611 319.939 0.455817
1 220.903 339.953 221.929 354.628 184.579 357.24 183.553 342.564 0.493551
1 125.434 338.529 125.434 353.555 89.8175 353.555 89.8175 338.529 0.502768
1 126.304 302.996 126.304 318.023 91.159 318.023 91.159 302.996 0.529927
1 304.434 227.803 319.608 229.936 314.868 263.66 299.694 261.528 0.539314
1 474.186 275.489 458.079 276.333 456.315 242.666 472.421 241.822 0.565961
1 171.008 338.696 171.008 352.982 136.203 352.982 136.203 338.696 0.567084
1 244.092 190.199 243.53 206.293 204.126 204.917 204.688 188.823 0.605776
1 234.959 167.244 234.442 182.063 198.373 180.803 198.891 165.984 0.608394
