1 224.423 78.6588 226.3 90.5122 201.591 94.4259 199.713 82.5725 0.337068
1 220.684 338.98 221.732 353.954 184.247 356.575 183.2 341.601 0.481094
1 74.5537 347.381 62.6405 361.085 30.561 333.199 42.4742 319.495 0.490849
1 124.783 337.99 124.783 353.079 89.329 353.079 89.329 337.99 0.515973
1 125.895 302.688 125.895 317.608 90.8387 317.608 90.8387 302.688 0.518869
1 304.028 227.668 319.096 229.786 314.386 263.298 299.318 261.181 0.543856
1 170.612 338.351 170.612 352.529 135.908 352.529 135.908 338.351 0.547511
1 473.904 274.947 457.906 275.785 456.139 242.069 472.137 241.231 0.564924
1 243.423 189.955 242.863 205.977 203.894 204.616 204.453 188.594 0.609498
1 234.24 167.041 233.728 181.696 198.018 180.449 198.53 165.794 0.61061
