1 50.643 615.512 50.643 630.063 14.1589 630.063 14.1589 615.512 0.364085
1 649.743 575.255 649.996 589.785 615.479 590.388 615.225 575.857 0.436771
1 473.414 447.805 489.278 449.193 486.206 484.31 470.342 482.922 0.476108
1 555.382 586.378 543.132 600.47 511.054 572.586 523.305 558.493 0.489446
1 606.129 541.684 606.129 556.761 570.979 556.761 570.979 541.684 0.529708
1 603.881 577.076 603.881 591.574 569.75 591.574 569.75 577.076 0.541603
1 265.719 569.734 265.443 585.565 228.581 584.921 228.857 569.091 0.543567
1 410.519 571.05 410.519 586.881 373.528 586.881 373.528 571.05 0.584104
1 404.459 542.378 403.931 557.498 366.577 556.194 367.105 541.074 0.598144
1 347.562 517.971 347.327 531.444 314.552 530.871 314.788 517.399 0.604462
