1 224.381 318.511 226.262 330.386 201.587 334.294 199.706 322.419 0.3201
1 124.948 577.758 124.948 592.906 88.9061 592.906 88.9061 577.758 0.472291
1 74.4983 587.147 62.5323 600.913 30.1256 572.742 42.0915 558.977 0.484844
1 220.983 578.396 222.059 593.78 184.064 596.437 182.988 581.053 0.487622
1 126.022 542.591 126.022 557.522 90.7298 557.522 90.7298 542.591 0.524438
1 171.027 577.667 171.027 592.585 135.609 592.585 135.609 577.667 0.529648
1 303.944 467.361 319.128 469.495 314.392 503.195 299.207 501.061 0.545085
1 473.803 514.814 457.939 515.645 456.169 481.873 472.033 481.042 0.552137
1 242.491 429.566 241.916 446.034 204.074 444.713 204.649 428.244 0.597346
1 234.178 406.842 233.66 421.684 197.764 420.43 198.282 405.589 0.601488
1 629.301 -0.974204 628.772 14.1517 593.235 12.9107 593.763 -2.2152 0.654844
