1 464.573 78.3958 466.249 90.3217 441.291 93.8293 439.614 81.9034 0.322228
1 25.4284 330.854 25.4284 345.53 -9.89956 345.53 -9.89956 330.854 0.428387
1 461.135 338.922 461.665 354.095 423.672 355.422 423.143 340.249 0.44895
1 314.762 346.104 303.171 360.417 269.677 333.294 281.268 318.981 0.46194
1 410.396 337.776 410.396 352.072 375.985 352.072 375.985 337.776 0.501985
1 365.898 302.309 365.898 317.289 330.739 317.289 330.739 302.309 0.522618
1 365.087 337.585 365.087 352.51 329.431 352.51 329.431 337.585 0.527243
1 193.096 363.609 199.986 377.132 166.636 394.125 159.745 380.601 0.537667
1 544.064 226.906 559.028 229.009 554.275 262.828 539.311 260.725 0.559071
1 482.543 189.418 481.976 205.642 444.357 204.328 444.923 188.104 0.594336
1 163.934 303.19 163.413 318.113 126.608 316.828 127.129 301.904 0.603033
1 474.16 166.613 473.645 181.372 438.074 180.13 438.59 165.371 0.611532
1 170.106 332.019 170.376 347.489 133.72 348.128 133.45 332.659 0.622953
1 107.388 278.866 107.157 292.124 74.6305 291.557 74.8619 278.298 0.635434
