1 224.655 318.435 226.342 330.44 201.45 333.938 199.763 321.933 0.325721
1 75.3014 586.228 63.4895 600.814 29.469 573.265 41.2809 558.679 0.483057
1 221.201 578.09 222.275 593.447 184.15 596.113 183.076 580.756 0.508027
1 125.169 577.519 125.169 592.554 89.3022 592.554 89.3022 577.519 0.519943
1 171.125 577.336 171.125 592.422 135.709 592.422 135.709 577.336 0.538534
1 473.931 514.767 457.973 515.604 456.197 481.72 472.155 480.883 0.551786
1 304.048 466.972 319.067 469.083 314.316 502.89 299.297 500.779 0.552578
1 125.721 542.682 125.721 556.859 91.3934 556.859 91.3934 542.682 0.553984
1 242.607 429.439 242.04 445.702 204.392 444.388 204.96 428.124 0.593473
1 234.287 406.625 233.769 421.461 197.957 420.21 198.475 405.375 0.606444
