1 224.522 78.3993 226.197 90.323 201.256 93.8282 199.581 81.9046 0.344622
1 221.092 338.969 221.619 354.052 183.695 355.376 183.168 340.293 0.445382
1 74.6406 346.068 63.1163 360.299 29.7595 333.287 41.2838 319.056 0.471947
1 170.408 337.773 170.408 352.078 135.986 352.078 135.986 337.773 0.501635
1 125.883 302.333 125.883 317.268 90.7053 317.268 90.7053 302.333 0.517001
1 125.085 337.605 125.085 352.498 89.4342 352.498 89.4342 337.605 0.525921
1 474.045 274.682 457.926 275.527 456.15 241.649 472.269 240.805 0.544979
1 304.066 226.894 319.062 229.002 314.303 262.86 299.308 260.752 0.551239
1 242.51 189.421 241.944 205.638 204.37 204.326 204.936 188.109 0.593423
1 234.137 166.627 233.623 181.351 198.091 180.11 198.605 165.386 0.61331
