1 464.549 317.986 466.244 330.049 441.742 333.492 440.047 321.429 0.329453
1 25.5659 570.688 25.5659 585.373 -10.2152 585.373 -10.2152 570.688 0.436851
1 314.987 586.62 302.473 601.015 269.585 572.426 282.099 558.031 0.440819
1 461.469 578.62 462.01 594.117 423.848 595.449 423.307 579.952 0.445824
1 365.256 577.608 365.256 592.356 329.545 592.356 329.545 577.608 0.508781
1 410.942 576.333 410.942 591.082 375.583 591.082 375.583 576.333 0.50899
1 206.658 588.12 216.008 599.264 188.502 622.345 179.151 611.201 0.541333
1 365.402 542.581 365.402 556.686 331.34 556.686 331.34 542.581 0.559936
1 544.014 466.798 559.068 468.913 554.313 502.749 539.259 500.633 0.567965
1 482.723 429.212 482.155 445.472 444.525 444.158 445.092 427.898 0.592645
1 164.438 542.882 163.912 557.931 126.507 556.625 127.033 541.576 0.607752
1 474.331 406.382 473.814 421.188 438.008 419.937 438.525 405.132 0.611233
1 170.079 571.885 170.347 587.272 133.72 587.912 133.451 572.524 0.612991
1 107.493 518.658 107.261 531.972 74.6781 531.403 74.9105 518.089 0.622049
