1 464.503 318.436 466.391 330.356 441.813 334.249 439.925 322.329 0.30576
1 152.062 623.607 153.941 641.482 117.744 645.286 115.865 627.412 0.379443
1 25.3404 571.109 25.3404 585.832 -10.3063 585.832 -10.3063 571.109 0.43882
1 315.484 586.653 303.763 601.128 270.464 574.163 282.185 559.689 0.454722
1 461.207 579.526 461.733 594.594 423.705 595.922 423.179 580.854 0.463982
1 241.631 95.8936 256.893 96.6935 255.019 132.459 239.756 131.659 0.46699
1 364.902 577.572 364.902 592.751 328.687 592.751 328.687 577.572 0.504817
1 410.516 578.046 410.516 592.305 375.91 592.305 375.91 578.046 0.525526
1 365.74 543.119 365.49 557.46 331.086 556.86 331.336 542.518 0.542421
1 544.149 467.465 559.147 469.572 554.435 503.1 539.437 500.992 0.55426
1 483.314 429.773 482.758 445.699 443.859 444.341 444.415 428.415 0.601349
1 164.476 543.292 163.947 558.426 126.645 557.123 127.173 541.989 0.60513
1 474.307 406.719 473.787 421.592 437.988 420.342 438.508 405.469 0.609723
1 107.495 518.969 107.262 532.304 74.8028 531.738 75.0355 518.402 0.619882
1 170.357 571.988 170.633 587.809 133.561 588.456 133.285 572.635 0.62252
