1 224.409 78.4675 226.288 90.3289 201.765 94.2129 199.887 82.3515 0.305022
1 75.2058 346.606 63.6432 360.884 30.5994 334.126 42.162 319.847 0.442393
1 221.139 339.619 221.659 354.524 183.772 355.847 183.251 340.942 0.458477
1 124.858 337.634 124.858 352.709 88.7521 352.709 88.7521 337.634 0.506515
1 170.501 338.059 170.501 352.288 135.911 352.288 135.911 338.059 0.529296
1 125.712 303.141 125.463 317.418 91.0649 316.817 91.3141 302.541 0.538307
1 304.171 227.443 319.157 229.549 314.446 263.071 299.46 260.965 0.546732
1 473.913 274.934 457.908 275.772 456.129 241.814 472.134 240.975 0.553261
1 243.295 189.806 242.741 205.65 203.894 204.294 204.447 188.45 0.602017
1 234.285 166.757 233.769 181.544 198.003 180.295 198.519 165.508 0.61327
