1 224.152 318.541 225.836 330.525 201.691 333.919 200.007 321.934 0.263849
1 74.8502 585.902 63.0368 600.491 29.8502 573.617 41.6636 559.028 0.439036
1 221.233 579.516 221.761 594.62 183.759 595.947 183.231 580.843 0.448655
1 125.19 577.698 125.19 592.645 89.1198 592.645 89.1198 577.698 0.504187
1 171.217 577.772 171.217 592.462 135.734 592.462 135.734 577.772 0.510754
1 125.958 542.431 125.958 557.354 90.7139 557.354 90.7139 542.431 0.522245
1 474.05 514.695 458.039 515.534 456.263 481.66 472.274 480.821 0.544221
1 304.129 466.914 319.215 469.034 314.443 502.988 299.357 500.868 0.551299
1 3.64836 25.6448 19.326 27.0164 16.0931 63.9693 0.415393 62.5976 0.553972
1 243.754 429.615 243.194 445.651 203.948 444.28 204.508 428.245 0.599676
1 234.458 406.546 233.935 421.505 198.046 420.252 198.568 405.293 0.609332
