1 74.1015 370.739 62.0228 384.634 31.442 358.05 43.5207 344.156 0.297992
1 221.792 364.814 222.308 379.587 185.33 380.878 184.815 366.105 0.403728
1 127.498 327.691 127.498 342.865 91.6961 342.865 91.6961 327.691 0.45943
1 126.485 362.576 126.485 378.165 91.0098 378.165 91.0098 362.576 0.473676
1 305.789 252.368 320.842 254.484 316.111 288.148 301.058 286.032 0.52123
1 3.27307 146.892 16.9164 147.846 14.5744 181.337 0.931123 180.383 0.521858
1 475.365 300.494 459.191 301.341 457.42 267.543 473.593 266.695 0.566791
1 171.639 363.159 171.639 377.488 137.141 377.488 137.141 363.159 0.596624
1 245.458 214.776 244.885 231.194 205.271 229.811 205.845 213.393 0.602479
1 236.106 191.982 235.592 206.697 199.555 205.439 200.069 190.724 0.60424
