1 319.175 217.188 307.011 231.181 275.545 203.828 287.709 189.835 0.290781
1 464.791 209.103 465.34 224.806 428.058 226.108 427.509 210.405 0.38705
1 368.126 207.55 368.126 222.547 333.466 222.547 333.466 207.55 0.432042
1 30.9112 199.859 30.9112 215.134 -6.90322 215.134 -6.90322 199.859 0.518697
1 370.333 173.866 370.084 188.107 336.026 187.513 336.274 173.271 0.556214
1 548.501 98.3009 563.527 100.413 558.816 133.932 543.79 131.82 0.605747
1 478.727 37.6805 478.208 52.5606 442.036 51.2974 442.555 36.4174 0.609669
1 414.276 208.084 414.023 222.595 379.525 221.993 379.778 207.482 0.61099
1 175.539 202.125 175.813 217.815 137.997 218.475 137.723 202.785 0.613807
1 488.306 59.9397 487.717 76.8232 447.811 75.4296 448.4 58.5461 0.61889
1 169.319 173.525 168.771 189.217 131.073 187.901 131.621 172.209 0.62394
1 112.354 149.542 112.124 162.72 80.4258 162.166 80.6558 148.988 0.655417
