1 465.08 318.457 466.765 330.445 442.633 333.837 440.948 321.849 0.280819
1 315.35 585.965 303.486 600.616 269.613 573.187 281.478 558.536 0.445188
1 25.756 570.196 25.756 585.632 -10.1956 585.632 -10.1956 570.196 0.455099
1 460.959 579.249 461.492 594.511 423.679 595.831 423.146 580.569 0.467171
1 239.919 394.935 254.945 396.25 251.917 430.866 236.89 429.551 0.47924
1 365.252 577.569 364.986 592.786 329.583 592.168 329.849 576.951 0.507815
1 239.292 66.8998 255.324 68.3024 252.04 105.844 236.008 104.441 0.512157
1 411.269 577.392 411.269 592.3 375.702 592.3 375.702 577.392 0.516673
1 365.692 542.721 365.692 556.822 331.747 556.822 331.747 542.721 0.555978
1 544.381 467.242 559.476 469.363 554.732 503.124 539.636 501.002 0.561829
1 164.545 542.868 164.019 557.939 126.568 556.631 127.095 541.561 0.590825
1 171.028 571.863 171.028 587.518 133.825 587.518 133.825 571.863 0.601633
1 483.984 429.498 483.419 445.677 444.163 444.306 444.728 428.127 0.607633
1 474.736 406.54 474.216 421.428 438.252 420.172 438.772 405.284 0.614427
1 107.276 518.472 107.044 531.754 74.6577 531.189 74.8896 517.907 0.6225
