1 647.717 577.996 647.463 592.563 614.774 591.993 615.029 577.425 0.390199
1 554.881 585.809 543.227 600.201 509.798 573.131 521.453 558.739 0.421001
1 479.921 394.953 494.923 396.265 491.895 430.875 476.893 429.562 0.474644
1 604.639 577.91 604.385 592.463 570.031 591.863 570.285 577.31 0.510346
1 479.299 66.8982 495.319 68.2998 492.035 105.831 476.015 104.43 0.515589
1 605.682 542.754 605.682 556.758 571.779 556.758 571.779 542.754 0.552144
1 404.484 542.887 403.959 557.916 366.591 556.611 367.115 541.582 0.588797
1 265.16 569.99 265.16 585.691 228.867 585.691 228.867 569.99 0.589014
1 410.965 571.89 410.965 587.499 373.859 587.499 373.859 571.89 0.602161
1 347.307 518.449 347.075 531.769 314.639 531.203 314.871 517.883 0.611952
