1 319.463 417.415 307.252 431.461 275.258 403.649 287.468 389.602 0.320123
1 464.318 409.88 464.849 425.093 428.043 426.379 427.512 411.165 0.426854
1 368.19 407.449 368.19 422.554 333.872 422.554 333.872 407.449 0.446679
1 253.121 92.0428 268.147 93.3574 265.199 127.052 250.173 125.738 0.454651
1 248.128 147.541 231.879 148.677 229.335 112.296 245.584 111.16 0.494164
1 30.424 400.002 30.424 415.418 -6.92472 415.418 -6.92472 400.002 0.506452
1 370.107 373.957 369.858 388.247 335.615 387.649 335.865 373.36 0.517515
1 548.207 298.573 563.18 300.677 558.513 333.878 543.541 331.774 0.598736
1 478.23 237.646 477.709 252.565 441.596 251.304 442.117 236.385 0.600237
1 414.226 407.329 414.226 422.449 379.321 422.449 379.321 407.329 0.609778
1 175.617 402.57 175.617 418.221 137.605 418.221 137.605 402.57 0.611138
1 169.171 373.27 168.615 389.176 130.747 387.854 131.303 371.947 0.617525
1 488.262 259.904 487.673 276.759 447.724 275.364 448.313 258.509 0.620813
1 111.945 349.589 111.717 362.667 80.3143 362.119 80.5426 349.041 0.635825
