1 569.017 29.6632 582.166 30.8136 579.434 62.0413 566.285 60.8909 0.31156
1 378.376 115.99 393.175 117.285 390.478 148.109 375.679 146.815 0.319709
1 416.837 23.8368 432.168 25.1781 429.066 60.639 413.735 59.2977 0.334802
1 269.729 139.765 253.371 141.196 250.665 110.262 267.023 108.831 0.358685
1 560.075 161.158 546.007 161.895 544.386 130.96 558.454 130.223 0.439388
1 508.374 129.543 522.782 130.55 520.716 160.108 506.307 159.101 0.449852
1 529.356 31.2379 544.451 32.5585 541.414 67.2691 526.32 65.9485 0.451867
1 604.372 28.4956 621.086 30.8447 615.963 67.2963 599.249 64.9473 0.45731
1 414.624 120.61 430.295 121.981 427.447 154.536 411.776 153.165 0.464322
1 622.419 29.5576 638.062 30.9262 634.761 68.6548 619.118 67.2862 0.476881
1 491.03 30.4239 507.166 31.8356 503.969 68.3754 487.833 66.9637 0.478744
1 334.259 148.229 318.815 149.309 316.717 119.299 332.16 118.219 0.484918
1 617.133 159.756 603.383 160.477 601.658 127.564 615.408 126.843 0.504534
1 228.38 106.071 245.337 106.664 244.164 140.263 227.207 139.671 0.520117
1 275.397 110.32 292.382 111.21 290.404 148.957 273.419 148.067 0.564461
1 396.961 22.7876 414.47 24.3194 411.43 59.0578 393.922 57.526 0.569037
1 635.447 159.972 619.677 160.799 617.853 125.995 633.623 125.168 0.578989
1 453.196 26.4301 468.873 27.8016 465.795 62.9789 450.118 61.6074 0.583069
1 543.812 161.38 527.937 162.769 525.047 129.734 540.922 128.345 0.587744
1 508.927 31.5789 525.546 33.0328 522.326 69.8304 505.708 68.3765 0.594232
1 455.602 152.059 439.063 153.215 436.675 119.065 453.214 117.908 0.615568
1 475.096 154.519 459.043 155.361 457.161 119.44 473.214 118.598 0.620127
1 563.717 128.691 578.764 129.743 576.585 160.902 561.538 159.85 0.621846
1 549.253 31.4071 565.301 32.8111 562.142 68.9186 546.094 67.5146 0.622233
1 489.14 123.478 503.927 124.512 501.788 155.109 487.001 154.075 0.622971
1 471.859 26.8761 487.717 28.2635 484.568 64.2517 468.71 62.8643 0.624894
1 374.948 149.628 358.972 150.465 357.253 117.664 373.229 116.826 0.626255
1 338.823 113.661 355.523 114.536 353.759 148.19 337.059 147.315 0.626892
1 581.965 128.367 598.558 128.946 597.405 161.985 580.811 161.405 0.633768
1 394.918 115.229 410.668 115.779 409.446 150.769 393.696 150.219 0.642496
1 435.208 25.8434 451.155 27.2385 448.072 62.4787 432.125 61.0835 0.642513
