1 469.796 151.822 470.82 163.533 445.562 165.743 444.537 154.032 0.2659
1 226.707 331.957 239.715 332.866 237.564 363.632 224.556 362.722 0.308726
1 368.365 409.361 368.365 424.578 332.91 424.578 332.91 409.361 0.453257
1 464.064 411.543 464.592 426.669 428.184 427.941 427.655 412.815 0.458061
1 323.113 422.131 310.398 436.758 273.608 404.777 286.323 390.15 0.502225
1 30.654 401.765 30.654 417.514 -7.25174 417.514 -7.25174 401.765 0.507013
1 369.586 374.746 369.586 389.175 335.672 389.175 335.672 374.746 0.511729
1 547.151 300.346 562.256 301.667 559.315 335.279 544.21 333.958 0.560708
1 174.769 403.322 175.046 419.194 136.927 419.859 136.65 403.987 0.59614
1 478.258 239.032 477.735 254.02 441.567 252.757 442.09 237.769 0.617575
1 168.007 374.409 167.459 390.116 130.276 388.818 130.825 373.11 0.625566
1 111.071 350.588 110.838 363.951 78.9529 363.394 79.1862 350.031 0.630112
1 414.147 410.485 413.897 424.839 379.355 424.236 379.605 409.882 0.63178
1 487.576 261.809 486.999 278.322 447.644 276.948 448.221 260.435 0.633093
