1 229.789 151.812 230.814 163.536 205.55 165.746 204.524 154.023 0.266979
1 128.323 409.445 128.323 424.511 92.9978 424.511 92.9978 409.445 0.45556
1 224.015 411.593 224.539 426.619 188.259 427.885 187.735 412.86 0.460733
1 83.0371 422.166 70.4056 436.697 33.6254 404.724 46.2569 390.193 0.515706
1 129.553 374.801 129.553 389.114 95.6772 389.114 95.6772 374.801 0.523279
1 477.234 347.477 460.947 348.046 459.769 314.308 476.056 313.739 0.540652
1 307.124 300.321 322.291 301.648 319.345 335.317 304.178 333.99 0.555813
1 238.275 239.035 237.752 254.027 201.56 252.763 202.084 237.771 0.617165
1 247.546 261.835 246.97 278.304 207.648 276.931 208.223 260.462 0.631813
1 174.144 410.492 173.894 424.831 139.347 424.228 139.598 409.889 0.632952
