1 464.222 136.565 465.215 147.911 442.493 149.899 441.5 138.553 0.251527
1 233.558 172.678 249.425 173.232 248.158 209.525 232.291 208.97 0.401889
1 464.561 409.641 465.104 425.202 428.02 426.497 427.477 410.936 0.413762
1 367.878 408.296 367.625 422.801 333.727 422.21 333.98 407.705 0.424844
1 253.63 10.1684 268.995 10.705 267.772 45.7365 252.407 45.2 0.506765
1 30.3457 399.542 30.3457 414.959 -7.14059 414.959 -7.14059 399.542 0.523312
1 370.403 373.891 370.151 388.309 336.457 387.721 336.709 373.303 0.524107
1 175.945 402.441 175.945 418.058 137.825 418.058 137.825 402.441 0.590932
1 478.622 237.627 478.099 252.6 441.826 251.334 442.349 236.361 0.603421
1 414.688 407.359 414.688 422.505 379.415 422.505 379.415 407.359 0.608661
1 547.247 298.662 562.63 300.008 559.693 333.576 544.31 332.23 0.609855
1 488.482 259.98 487.892 276.863 447.862 275.465 448.451 258.582 0.616809
1 169.343 373.181 168.787 389.105 131.127 387.79 131.683 371.866 0.620225
1 112.284 349.354 112.053 362.566 80.3477 362.012 80.5783 348.8 0.63726
