1 226.781 131.97 239.645 132.869 237.495 163.615 224.631 162.716 0.343509
1 464.193 212.084 464.193 227.35 427.832 227.35 427.832 212.084 0.440074
1 368.33 209.353 368.33 224.541 332.963 224.541 332.963 209.353 0.459587
1 323.126 222.228 310.395 236.872 273.469 204.773 286.199 190.128 0.490037
1 30.6272 201.795 30.6272 217.413 -7.14892 217.413 -7.14892 201.795 0.519942
1 369.446 174.82 369.446 189.025 335.614 189.025 335.614 174.82 0.552449
1 547.211 100.383 562.245 101.698 559.309 135.251 544.276 133.935 0.57083
1 174.812 203.385 175.087 219.142 137.125 219.805 136.85 204.048 0.605989
1 478.246 39.0915 477.726 53.9625 441.714 52.7049 442.233 37.8339 0.62128
1 487.424 61.826 486.851 78.241 447.646 76.8719 448.219 60.4569 0.630785
1 414.101 210.525 413.85 224.884 379.339 224.282 379.589 209.922 0.630835
1 167.929 174.502 167.387 190.016 130.257 188.72 130.799 173.205 0.63174
1 111.099 150.636 110.867 163.944 78.9957 163.388 79.228 150.08 0.642399
