1 573.663 268.416 586.319 269.523 583.919 296.952 571.263 295.845 0.263555
1 302.294 352.202 319.062 352.787 317.738 390.713 300.97 390.128 0.368474
1 418.805 358.092 434.542 358.641 433.378 391.977 417.64 391.428 0.377484
1 627.598 265.086 642.191 266.362 639.361 298.701 624.768 297.424 0.384425
1 423.417 263.56 439.08 264.93 436.108 298.902 420.445 297.532 0.390802
1 565.517 394.595 550.056 395.947 547.414 365.745 562.875 364.392 0.419732
1 338.592 390.403 324.145 391.16 322.547 360.681 336.995 359.923 0.451199
1 257.017 352.94 273.899 353.825 272.082 388.483 255.2 387.599 0.457756
1 250.91 385.127 235.034 385.959 233.19 350.77 249.066 349.938 0.47294
1 383.157 354.496 398.722 355.311 396.939 389.342 381.374 388.526 0.488041
1 527.995 393.957 512.813 395.285 510.045 363.637 525.226 362.308 0.491468
1 547.238 396.645 532.925 398.402 528.888 365.523 543.201 363.766 0.506171
1 607.052 264.34 624.644 265.88 621.596 300.716 604.004 299.177 0.529528
1 605.566 362.49 620.526 363.275 618.745 397.274 603.784 396.49 0.538409
1 470.673 542.632 470.673 557.653 436.621 557.653 436.621 542.632 0.542803
1 515.429 269.787 530.801 271.131 527.928 303.959 512.557 302.614 0.549215
1 297.394 388.906 281.595 389.734 279.686 353.311 295.485 352.483 0.565946
1 402.448 262.813 420.166 263.742 418.315 299.048 400.598 298.12 0.568073
1 496.461 268.598 511.812 269.941 508.908 303.131 493.558 301.788 0.575099
1 536.428 268.836 550.984 270.109 548.169 302.287 533.613 301.013 0.586919
1 568.25 363.748 582.701 364.758 580.575 395.168 566.124 394.158 0.591756
1 477.43 267.349 492.798 268.155 491.001 302.451 475.633 301.646 0.596272
1 379.574 391.343 364.16 392.151 362.425 359.029 377.838 358.221 0.604625
1 459.412 266.716 474.859 268.067 471.936 301.468 456.49 300.116 0.613757
1 638.969 396.383 622.636 397.239 620.725 360.769 637.058 359.914 0.61455
1 524.28 470.66 524.28 486.34 486.875 486.34 486.875 470.66 0.618226
1 554.883 268.003 570.632 269.381 567.628 303.721 551.879 302.344 0.618365
1 441.777 265.691 457.123 267.034 454.14 301.121 438.794 299.779 0.620071
1 479.335 390.332 463.46 391.442 461.005 356.331 476.88 355.221 0.626726
1 507.412 392.511 492.473 392.511 492.473 360.192 507.412 360.192 0.630107
1 361.001 391.008 344.603 391.867 342.714 355.829 359.113 354.97 0.631601
1 222.093 557.282 222.093 571.387 191.378 571.387 191.378 557.282 0.638032
1 400.026 354.015 415.62 354.559 414.382 390.026 398.787 389.481 0.638877
1 460.7 390.578 444.287 392.014 441.221 356.969 457.634 355.533 0.644338
1 586.092 362.304 602.268 362.869 601.09 396.589 584.915 396.024 0.6514
