1 585.556 614.445 572.816 615.112 571.375 587.605 584.114 586.937 0.297636
1 424.232 582.616 439.746 584.797 434.945 618.956 419.431 616.776 0.418125
1 627.353 585.079 642.068 586.367 639.068 620.649 624.354 619.362 0.429068
1 606.877 584.316 624.494 585.857 621.438 620.788 603.821 619.247 0.521516
1 401.342 581.181 419.846 581.827 418.603 617.427 400.099 616.781 0.548426
1 515.27 589.09 530.545 590.426 527.634 623.702 512.359 622.366 0.551662
1 441.3 584.084 456.204 585.388 453.183 619.92 438.279 618.616 0.567187
1 496.372 587.98 511.791 589.329 508.851 622.933 493.432 621.584 0.577394
1 477.755 586.446 493.201 587.798 490.19 622.22 474.743 620.869 0.578689
1 536.712 587.582 551.626 589.678 547.01 622.522 532.096 620.426 0.58542
1 458.918 585.57 474.631 586.945 471.657 620.939 455.944 619.564 0.601039
1 554.637 587.725 570.334 589.098 567.349 623.207 551.653 621.834 0.626739
