1 512.091 351.196 496.513 352.013 494.756 318.488 510.334 317.672 0.270865
1 502.499 222.98 518.091 224.344 515.07 258.864 499.479 257.5 0.301777
1 646.843 357.803 629.668 359.305 626.768 326.166 643.943 324.663 0.303462
1 380.793 312.45 398.123 313.055 396.794 351.095 379.464 350.49 0.393476
1 461.777 316.797 477.571 317.624 475.905 349.402 460.112 348.574 0.420693
1 351.723 343.721 335.759 344.558 334.024 311.446 349.988 310.609 0.43149
1 418.012 349.046 403.049 350.355 400.426 320.371 415.388 319.062 0.439355
1 482.41 222.488 499.6 223.992 496.627 257.969 479.437 256.465 0.489131
1 312.504 308.439 329.081 309.018 327.84 344.558 311.262 343.979 0.496757
1 594.832 228.97 610.223 230.317 607.218 264.66 591.827 263.314 0.505215
1 607.41 355.558 593.413 356.536 591.303 326.36 605.3 325.382 0.525517
1 626.465 357.785 613.045 358.959 610.309 327.684 623.729 326.51 0.533683
1 367.538 510.32 368.09 526.15 333.587 527.355 333.035 511.525 0.547513
1 375.741 349.095 358.917 349.683 357.59 311.676 374.413 311.088 0.567174
1 615.942 227.268 631.635 229.473 626.768 264.102 611.076 261.897 0.573133
1 575.862 228.066 591.437 229.429 588.431 263.785 572.856 262.422 0.582296
1 538.469 226.074 553.981 227.431 551.039 261.05 535.528 259.693 0.603545
1 559.271 350.229 543.229 351.633 540.16 316.548 556.202 315.145 0.605619
1 556.435 226.588 572.052 227.407 570.203 262.696 554.586 261.878 0.605955
1 520.555 224.507 535.503 225.815 532.509 260.043 517.56 258.736 0.609862
1 458.784 350.23 443.673 351.022 441.966 318.452 457.077 317.66 0.62206
1 422.733 314.428 439.335 315.008 438.116 349.905 421.514 349.326 0.623409
1 479.262 314.006 494.902 314.552 493.675 349.706 478.034 349.159 0.643662
1 539.82 350.746 523.466 352.176 520.43 317.477 536.784 316.046 0.644883
1 587.149 352.757 572.305 352.757 572.305 321.333 587.149 321.333 0.645005
