1 584.426 138.66 571.277 139.349 569.742 110.055 582.89 109.366 0.278075
1 420.764 105.338 436.856 106.746 433.75 142.248 417.658 140.84 0.356889
1 417.558 204.254 431.874 205.255 429.681 236.623 415.364 235.622 0.372572
1 300.184 194.851 317.056 195.44 315.755 232.681 298.883 232.091 0.417191
1 270.34 226.662 254.654 227.21 253.516 194.626 269.202 194.078 0.456321
1 624.064 111.112 638.848 112.406 635.879 146.345 621.095 145.052 0.462684
1 562.724 240.958 548.205 241.719 546.588 210.864 561.106 210.103 0.48253
1 395.299 230.975 380.509 230.975 380.509 199.851 395.299 199.851 0.484544
1 336.695 233.116 322.295 233.871 320.659 202.657 335.059 201.902 0.491411
1 525.805 238.671 511.406 239.426 509.782 208.442 524.181 207.687 0.497083
1 247.431 225.872 231.444 226.71 229.652 192.52 245.639 191.682 0.512458
1 512.936 112.092 528.351 113.441 525.313 148.162 509.898 146.813 0.531312
1 545.445 241.232 531.37 242.464 528.575 210.513 542.65 209.282 0.533002
1 605.095 107.628 622.739 109.171 619.53 145.851 601.886 144.308 0.536967
1 618.945 239.877 605.099 240.603 603.375 207.704 617.221 206.978 0.540234
1 585.708 207.635 601.712 208.474 599.951 242.074 583.947 241.235 0.560824
1 474.757 109.11 490.199 109.649 488.979 144.57 473.538 144.03 0.574888
1 638.161 239.632 622.099 241.037 619.041 206.081 635.102 204.676 0.57806
1 400.882 104.287 418.64 105.841 415.593 140.672 397.835 139.119 0.579484
1 533.543 111.484 549.187 112.852 546.162 147.428 530.518 146.059 0.587395
1 494.64 110.997 510.852 112.415 507.738 148.006 491.526 146.588 0.590705
1 457.232 108.254 472.165 109.56 469.206 143.39 454.272 142.083 0.600462
1 552.364 111.699 567.957 113.064 564.842 148.673 549.249 147.309 0.607074
1 439.575 106.496 454.624 107.813 451.598 142.399 436.549 141.082 0.610186
1 580.488 239.835 565.656 239.835 565.656 208.685 580.488 208.685 0.612067
1 294.446 232.218 277.114 232.824 275.766 194.22 293.098 193.615 0.619378
1 477.534 235.159 461.862 235.98 459.975 199.969 475.647 199.147 0.620774
1 358.613 231.257 342.28 232.113 340.459 197.367 356.792 196.511 0.62166
1 377.878 233.259 363.028 234.037 361.319 201.414 376.168 200.636 0.623501
1 413.984 232.187 398.157 232.739 396.906 196.925 412.734 196.373 0.628967
1 505.981 235.989 490.798 235.989 490.798 204.366 505.981 204.366 0.630352
1 459.196 234.415 442.639 235.864 439.582 200.917 456.138 199.468 0.637547
