1 646.801 595.595 629.776 597.084 626.93 564.559 643.956 563.07 0.252282
1 121.023 250.671 111.113 253.701 104.455 231.926 114.366 228.896 0.258487
1 104.932 202.058 95.1909 204.668 89.4836 183.368 99.2244 180.758 0.315888
1 498.725 558.161 514.542 558.713 513.381 591.94 497.565 591.388 0.334829
1 382.236 552.168 399.086 552.757 397.763 590.648 380.912 590.06 0.372962
1 503.596 463.481 518.98 464.827 516.046 498.354 500.663 497.008 0.381709
1 418.528 590.359 403.993 591.121 402.401 560.749 416.936 559.987 0.447987
1 336.738 553.007 353.829 553.902 352.005 588.71 334.914 587.814 0.468564
1 46.0965 516.893 50.148 532.013 15.7846 541.221 11.7331 526.1 0.470785
1 462.765 554.807 478.447 555.354 477.263 589.253 461.581 588.705 0.488488
1 331.012 585.34 314.866 586.186 313.006 550.695 329.152 549.849 0.497899
1 607.982 593.546 592.786 594.875 590.022 563.287 605.218 561.958 0.501693
1 627.416 596.649 613.016 598.417 608.973 565.488 623.372 563.72 0.516565
1 595.443 469.59 610.861 470.939 607.964 504.046 592.546 502.697 0.547109
1 377.417 588.897 361.53 589.73 359.623 553.338 375.509 552.505 0.552609
1 482.568 462.894 500.127 463.814 498.286 498.933 480.728 498.013 0.568967
1 616.095 468.183 631.283 469.512 628.388 502.606 613.2 501.277 0.577972
1 576.427 468.266 591.845 469.615 588.905 503.217 573.487 501.868 0.579046
1 459.81 591.175 444.76 592.227 442.46 559.341 457.51 558.288 0.603072
1 557.427 467.135 572.78 467.94 570.964 502.594 555.611 501.79 0.607351
1 559.322 590.165 543.419 591.277 540.981 556.414 556.884 555.302 0.620939
1 539.479 466.52 554.935 467.872 551.996 501.461 536.54 500.109 0.622847
1 521.864 465.565 537.141 466.902 534.161 500.963 518.884 499.626 0.623741
1 440.958 590.967 424.51 591.829 422.627 555.886 439.074 555.024 0.628674
1 587.392 592.176 572.556 592.176 572.556 560.209 587.392 560.209 0.629265
1 479.992 554.071 495.661 554.618 494.426 589.985 478.757 589.438 0.635176
1 540.715 590.467 524.284 591.904 521.232 557.023 537.663 555.585 0.636903
