1 433.322 151.559 417.302 152.399 415.549 118.948 431.569 118.109 0.288729
1 585.616 56.2655 572.296 56.9636 570.791 28.2417 584.111 27.5436 0.30172
1 422.398 22.8949 438.232 24.2802 435.176 59.2147 419.342 57.8294 0.319772
1 300.695 112.17 318.156 112.78 316.817 151.147 299.355 150.538 0.415878
1 381.754 116.215 397.663 117.048 395.966 149.422 380.057 148.588 0.430185
1 272.475 144.479 256.032 145.341 254.277 111.852 270.72 110.991 0.431483
1 338.139 149.043 323.11 150.358 320.465 120.125 335.494 118.81 0.449334
1 231.826 108.484 248.276 109.058 247.05 144.176 230.6 143.601 0.464879
1 564.411 157.063 549.103 157.866 547.483 126.953 562.791 126.151 0.481813
1 514.897 29.1965 530.18 30.5336 527.183 64.7857 511.9 63.4485 0.486939
1 527.424 155.566 513.333 156.552 511.245 126.688 525.336 125.702 0.501892
1 546.229 157.536 532.991 158.694 530.289 127.81 543.527 126.652 0.518798
1 625.289 27.3392 639.506 28.3333 637.199 61.3121 622.983 60.3179 0.519637
1 400.881 21.8527 419.002 22.4855 417.787 57.2597 399.666 56.6269 0.524651
1 604.946 123.072 619.861 123.593 618.663 157.881 603.748 157.36 0.531138
1 606.366 25.6486 623.309 27.1309 620.273 61.8333 603.33 60.351 0.545524
1 287.654 310.276 288.209 326.184 253.501 327.396 252.945 311.488 0.54639
1 495.86 28.3499 511.435 29.7125 508.443 63.9101 492.868 62.5475 0.561037
1 534.941 28.1745 550.283 29.5167 547.313 63.4606 531.971 62.1183 0.56128
1 554.063 28.225 569.583 29.5829 566.554 64.2109 551.033 62.853 0.565186
1 295.764 149.032 278.905 149.62 277.575 111.546 294.434 110.958 0.565601
1 476.363 26.5842 492.05 27.4063 490.203 62.6432 474.516 61.821 0.585957
1 458.428 26.2312 473.871 27.5823 470.942 61.0625 455.499 59.7114 0.595515
1 440.512 24.485 455.577 25.8031 452.567 60.2141 437.501 58.896 0.606989
1 479.275 150.407 463.272 151.807 460.182 116.493 476.185 115.093 0.615068
1 638.2 156.676 622.078 157.521 620.223 122.121 636.345 121.276 0.620708
1 378.919 150.099 363.303 150.917 361.589 118.226 377.206 117.407 0.625923
1 582.398 155.864 567.543 156.642 565.913 125.554 580.768 124.775 0.62866
1 342.713 114.298 359.315 114.878 358.091 149.931 341.489 149.351 0.633086
1 507.148 152.95 492.219 152.95 492.219 121.311 507.148 121.311 0.63975
1 586.009 123.916 601.991 124.475 600.841 157.431 584.858 156.873 0.644037
1 399.264 113.891 414.932 114.438 413.697 149.782 398.03 149.235 0.648954
1 459.89 150.894 443.501 152.328 440.447 117.421 456.836 115.987 0.652631
