1 395.82 246.139 379.294 247.585 376.257 212.863 392.783 211.417 0.259507
1 349.013 240.804 332.596 241.378 331.516 210.45 347.933 209.877 0.270973
1 497.513 123.1 513.289 124.48 510.158 160.274 494.382 158.893 0.317898
1 459.602 217.706 473.787 218.698 471.673 248.93 457.488 247.938 0.415173
1 642.38 261.495 628.128 262.742 625.441 232.022 639.692 230.775 0.444229
1 603.709 259.126 588.538 259.921 586.956 229.74 602.128 228.944 0.473748
1 495.459 220.775 510.719 222.11 507.888 254.467 492.628 253.132 0.48452
1 414.508 250.034 400.396 251.02 398.283 220.797 412.395 219.81 0.498347
1 325.502 240.031 310.206 240.833 308.517 208.61 323.813 207.809 0.526268
1 629.688 131.612 645.321 132.98 642.191 168.754 626.558 167.386 0.544301
1 590.182 130.977 606.08 132.368 602.963 167.988 587.066 166.597 0.553311
1 372.83 249.43 355.939 250.315 353.953 212.418 370.843 211.533 0.564788
1 569.416 222.702 584.249 223.739 582.093 254.572 567.26 253.534 0.570999
1 534.707 126.494 549.984 127.831 546.959 162.407 531.682 161.071 0.575716
1 571.657 129.888 587.938 131.312 584.759 167.647 568.479 166.223 0.577513
1 552.66 126.9 568.369 128.274 565.218 164.293 549.509 162.919 0.578822
1 477.551 121.708 495.231 123.255 492.124 158.765 474.445 157.219 0.579291
1 516.075 124.644 532.017 126.038 528.898 161.698 512.956 160.303 0.580827
1 623.854 260.523 609.484 261.78 606.673 229.657 621.043 228.4 0.581214
1 610.536 130.064 626.388 131.451 623.327 166.437 607.475 165.05 0.585455
1 419.766 213.989 435.886 214.552 434.713 248.136 418.593 247.573 0.610814
1 555.452 253.476 539.32 254.321 537.434 218.325 553.565 217.48 0.629257
1 475.992 215.412 491.814 216.241 489.988 251.08 474.166 250.251 0.631435
1 455.478 250.581 440.004 251.392 438.281 218.506 453.755 217.695 0.637773
1 536.737 252.809 520.119 254.263 517.067 219.372 533.684 217.919 0.667527
