1 511.678 511.536 495.988 512.358 494.18 477.86 509.87 477.038 0.253863
1 645.748 517.688 628.758 519.174 625.933 486.895 642.924 485.409 0.278325
1 42.4978 4.60306 46.6331 13.8912 24.3938 23.7927 20.2585 14.5046 0.296207
1 121.196 173.708 111.535 176.847 104.727 155.894 114.389 152.755 0.308009
1 381.987 474.818 398.832 475.406 397.556 511.938 380.711 511.35 0.401312
1 478.393 509.603 462.228 510.167 461.023 475.689 477.189 475.124 0.432268
1 503.227 385.413 518.717 386.768 515.808 420.017 500.318 418.662 0.442278
1 418.284 512.384 403.697 513.149 402.123 483.123 416.71 482.359 0.44303
1 606.966 514.235 592.23 515.524 589.624 485.738 604.36 484.449 0.467987
1 626.839 517.245 611.856 519.085 607.676 485.036 622.658 483.197 0.481894
1 85.1131 432.826 88.2451 448.939 53.0487 455.781 49.9167 439.668 0.514732
1 337.25 474.949 353.677 475.81 351.898 509.761 335.471 508.901 0.518503
1 595.622 390.89 610.042 392.151 607.245 424.126 592.824 422.865 0.521147
1 360.512 474.409 376.379 474.963 375.139 510.478 359.272 509.924 0.525537
1 314.175 472.174 330.758 472.753 329.501 508.758 312.918 508.179 0.540682
1 615.48 388.902 630.913 390.252 628.018 423.333 612.586 421.983 0.559041
1 576.309 389.904 591.132 391.201 588.334 423.177 573.512 421.88 0.56727
1 423.374 476.839 439.871 477.415 438.643 512.575 422.146 511.998 0.570496
1 482.12 385.441 499.764 386.366 497.978 420.446 480.334 419.522 0.585716
1 558.601 511.062 542.745 512.171 540.282 476.95 556.138 475.841 0.600962
1 459.335 513.888 443.733 514.706 441.979 481.252 457.582 480.434 0.608928
1 587.382 512.734 572.529 513.512 570.866 481.788 585.72 481.01 0.610343
1 557.319 387.885 572.702 389.231 569.653 424.087 554.269 422.741 0.610718
1 538.94 387.543 554.214 388.879 551.272 422.506 535.999 421.169 0.613621
1 481.212 587.186 480.944 602.549 444.54 601.914 444.808 586.551 0.616796
1 520.977 386.548 536.105 387.872 533.114 422.059 517.986 420.736 0.63198
1 479.374 475.18 495 475.725 493.767 511.017 478.142 510.471 0.632624
1 539.481 510.742 523.466 512.143 520.491 478.133 536.505 476.732 0.640715
