1 182.098 537.33 169.419 545.253 152.907 518.828 165.586 510.905 0.258095
1 585.277 312.909 582.617 331.834 541.222 326.017 543.881 307.091 0.287504
1 22.9259 204.221 18.1539 218.079 -14.5875 206.806 -9.81556 192.947 0.345189
1 18.4328 188.322 7.86645 198.889 -14.8544 176.168 -4.28812 165.601 0.346746
1 26.2729 248.97 13.9027 252.284 6.21062 223.577 18.5808 220.262 0.472329
1 598.962 401.206 606.153 409.478 586.404 426.646 579.213 418.374 0.487245
1 547.756 343.423 544.324 355.392 517.251 347.629 520.683 335.66 0.505205
1 521.176 591.983 534.02 594.948 526.561 627.26 513.716 624.295 0.560926
1 138.711 476.306 130.138 486.169 107.038 466.088 115.611 456.225 0.579489
1 537.683 541.314 550.146 545.364 540.087 576.321 527.625 572.271 0.606432
1 602.994 372.245 612.363 383.411 585.46 405.985 576.09 394.819 0.609267
1 581.856 337.433 585.977 350.914 555.552 360.216 551.43 346.735 0.630616
