1 102.75 245.524 90.2793 248.865 83.0579 221.914 95.5287 218.573 0.388857
1 217.244 360.904 210.226 375.292 179.556 360.333 186.574 345.945 0.402958
1 241.522 460.055 228.164 463.886 219.542 433.816 232.9 429.986 0.415583
1 35.2617 -9.57524 51.7773 -6.36493 44.7651 29.7098 28.2495 26.4994 0.463786
1 66.0898 120.933 72.3488 134.991 39.9969 149.395 33.738 135.337 0.578582
1 194.558 322.431 188.51 337.399 153.896 323.414 159.944 308.446 0.604518
1 232.432 395.501 222.184 407.29 196.102 384.618 206.351 372.829 0.608619
1 236.159 413.264 231.677 426.279 200.986 415.711 205.467 402.696 0.60961
1 233.357 552.149 219.38 559.897 202.887 530.143 216.864 522.395 0.65343
1 48.9221 104.71 55.6232 118.449 23.2311 134.248 16.5301 120.509 0.657631
