1 319.788 504.912 306.383 508.503 298.591 479.423 311.996 475.831 0.384011
1 295.702 410.075 288.885 424.051 259.383 409.662 266.2 395.686 0.402733
1 183.845 299.553 171.577 302.612 164.987 276.182 177.255 273.124 0.450835
1 63.518 164.788 48.7191 167.132 43.7229 135.587 58.5218 133.243 0.554902
1 146.577 179.516 153.371 192.852 123.488 208.078 116.693 194.743 0.557122
1 76.6263 276.607 73.1143 290.693 40.1205 282.467 43.6325 268.381 0.588333
1 273.412 372.31 267.771 387.005 234.119 374.087 239.76 359.392 0.594945
1 131.168 163.842 137.823 176.903 106.797 192.711 100.142 179.651 0.613722
1 314.373 460.25 309.856 473.368 279.529 462.925 284.046 449.808 0.619398
1 116.767 54.7785 132.586 57.284 127.283 90.7693 111.464 88.2638 0.621342
1 28.3847 159.474 16.8539 169.15 -5.02394 143.077 6.50689 133.401 0.625048
1 310.023 443.987 300.192 454.529 276.186 432.143 286.017 421.601 0.646571
1 218.874 376.711 207.112 385.901 186.869 359.991 198.631 350.801 0.664879
