1 128.531 544.675 113.943 547.247 108.975 519.071 123.563 516.499 0.315992
1 142.863 543.051 146.047 554.931 121.472 561.516 118.288 549.635 0.334728
1 542.846 237.402 553.168 247.369 528.595 272.816 518.273 262.848 0.443653
1 107.999 580.923 96.8559 590.274 76.8336 566.412 87.9767 557.062 0.520746
1 282.604 561.297 289.004 574.419 258.72 589.189 252.32 576.068 0.54407
1 197.939 546.458 183.135 548.803 178.158 517.381 192.963 515.036 0.575045
1 265.928 545.067 272.988 558.345 241.998 574.822 234.938 561.545 0.590662
1 253 436.206 268.521 439.224 262.064 472.446 246.542 469.429 0.6172
1 161.473 541.157 149.383 550.268 128.836 523.001 140.926 513.89 0.627056
1 124.96 572.873 113.298 581.985 93.7729 556.994 105.435 547.882 0.646118
