1 89.8245 257.486 92.9953 269.32 66.731 276.357 63.5601 264.523 0.281508
1 74.0802 258.461 59.5716 261.019 54.4452 231.946 68.9538 229.387 0.321541
1 378 501.669 371.245 515.518 343.011 501.747 349.765 487.898 0.359371
1 402.03 595.02 389.302 598.912 380.564 570.332 393.293 566.441 0.370845
1 52.9797 292.575 42.0856 302.734 20.4558 279.539 31.3499 269.38 0.478602
1 267.338 394.912 255.38 398.116 247.745 369.622 259.703 366.418 0.525131
1 143.219 259.926 128.506 261.473 125.258 230.576 139.972 229.03 0.538919
1 230.027 274.804 236.209 287.479 206.032 302.197 199.85 289.522 0.565721
1 393.036 536.141 383.191 546.698 359.026 524.164 368.871 513.607 0.593776
1 355.354 464.954 350.828 478.882 318.411 468.349 322.937 454.421 0.603925
1 156.774 369.706 153.978 384.089 121.573 377.79 124.369 363.407 0.604086
1 147.238 343.232 143.041 356.961 111.388 347.284 115.586 333.555 0.610935
1 200.769 151.733 215.342 154.566 208.992 187.236 194.418 184.404 0.61588
1 69.5803 285.546 58.0187 294.579 38.3432 269.396 49.9048 260.363 0.616134
1 106.873 254.358 94.7597 263.486 73.9463 235.866 86.0597 226.738 0.628637
1 213.36 258.973 220.448 272.303 189.431 288.795 182.343 275.465 0.632304
1 397.902 552.146 393.454 565.066 362.839 554.525 367.288 541.605 0.667313
