1 436.531 514.731 439.612 526.23 415.271 532.752 412.19 521.253 0.320917
1 614.628 649.399 600.764 652.855 593.114 622.175 606.979 618.718 0.346558
1 421.708 515.251 408.324 517.371 403.609 487.599 416.992 485.48 0.424811
1 241.42 610.158 250.272 619.325 228.396 640.451 219.543 631.284 0.492653
1 398.605 547.328 388.407 556.839 367.168 534.063 377.367 524.553 0.515623
1 489.855 516.04 475.977 517.254 473.284 486.472 487.162 485.258 0.583035
1 502.706 623.716 498.928 638.87 467.732 631.092 471.51 615.938 0.584912
1 576.117 531.81 581.62 544.17 552.61 557.086 547.107 544.727 0.624092
1 454.356 509.742 442.585 518.939 421.721 492.233 433.492 483.037 0.637481
1 380.437 559.285 372.187 571.517 345.166 553.291 353.417 541.059 0.63976
1 416.63 541.05 405.721 549.573 386.339 524.765 397.248 516.242 0.644184
1 550.584 409.409 564.585 412.641 557.215 444.565 543.214 441.333 0.673293
1 560.266 515.273 566.804 528.104 536.604 543.492 530.066 530.66 0.686421
