1 536.9 409.861 540.062 421.662 514.782 428.436 511.62 416.635 0.298208
1 521.941 410.993 507.712 413.246 502.93 383.054 517.159 380.8 0.35565
1 306.506 533.057 317.273 544.603 285.526 574.207 274.759 562.661 0.407414
1 499.352 443.309 488.817 453.132 467.698 430.485 478.233 420.661 0.44229
1 340.835 506.108 350.376 515.649 328.674 537.352 319.132 527.81 0.467956
1 237.911 603.352 247.14 613.969 223.177 634.8 213.948 624.183 0.48472
1 513.64 469.508 508.267 483.506 477.503 471.697 482.876 457.698 0.558397
1 603.48 519.708 600.647 534.282 568.726 528.077 571.559 513.503 0.568474
1 590.751 411.787 576.32 413.05 573.602 381.98 588.033 380.718 0.574522
1 516.956 436.803 505.616 445.662 486.255 420.881 497.595 412.021 0.617802
1 554.422 405.502 542.755 414.617 521.929 387.96 533.595 378.845 0.628983
