1 643.27 251.739 646.735 264.67 616.363 272.808 612.898 259.877 0.306443
1 162.111 439.911 168.165 453.508 130.492 470.281 124.438 456.684 0.502684
1 45.9369 503.907 53.4834 514.685 27.3811 532.962 19.8346 522.184 0.545557
1 265.667 391.989 270.547 404.068 239.187 416.739 234.306 404.66 0.568864
1 398.496 332.661 403.017 344.439 375.084 355.161 370.563 343.384 0.569435
1 354.457 348.207 361.428 361.319 324.676 380.861 317.704 367.749 0.593704
1 515.957 289.729 519.934 302.738 487.416 312.679 483.439 299.671 0.60564
1 607.877 260.118 611.426 273.364 579.035 282.043 575.486 268.797 0.615708
1 470.274 305.359 475.043 318.46 444.442 329.598 439.674 316.497 0.658606
1 94.9229 476.341 102.041 488.187 74.335 504.834 67.2173 492.988 0.674438
