1 324.013 623.63 310.481 631.76 289.91 597.524 303.441 589.393 0.329421
1 255.043 521.23 242.094 530.297 222.552 502.388 235.501 493.321 0.343043
1 35.3154 119.397 21.8489 127.489 3.90046 97.6176 17.367 89.5261 0.460957
1 200.656 436.755 188.748 446.398 164.599 416.577 176.507 406.934 0.527865
1 52.5973 218.427 40.4491 224.616 25.3765 195.035 37.5247 188.845 0.544968
1 70.2684 210.404 57.3926 216.684 43.2243 187.635 56.1001 181.355 0.554068
1 172.689 395.446 161.461 404.218 140.598 377.515 151.826 368.743 0.56977
1 136.558 333.184 123.463 341.367 105.157 312.071 118.252 303.889 0.580377
1 55.8282 176.727 42.4567 182.962 28.5874 153.219 41.9588 146.984 0.588471
1 112.966 293.202 99.8899 300.45 82.9151 269.826 95.991 262.578 0.61901
