1 107.835 438.747 99.7326 450.759 67.295 428.88 75.3974 416.868 0.402501
1 230.615 492.207 226.981 504.882 196.448 496.127 200.083 483.452 0.480222
1 496.229 86.7518 507.613 91.8202 496.465 116.859 485.081 111.791 0.519028
1 457.319 171.169 470.081 175.316 460.72 204.128 447.957 199.981 0.535953
1 445.52 592.494 440.833 606.108 406.411 594.256 411.099 580.642 0.539748
1 591.007 607.788 588.144 622.518 553.887 615.859 556.751 601.13 0.553922
1 506.798 585.078 503.549 598.107 473.484 590.611 476.732 577.581 0.554993
1 432.407 229.076 446.635 233.699 435.405 268.262 421.177 263.639 0.578594
1 177.112 467.168 171.168 481.878 138.856 468.823 144.799 454.113 0.595215
1 471.957 575.084 467.745 589.774 434.285 580.18 438.498 565.489 0.611079
1 530.161 5.3156 543.358 10.3815 531.754 40.6116 518.557 35.5457 0.61733
1 548.288 595.207 544.59 610.041 511.347 601.753 515.045 586.919 0.65259
