1 210.159 15.7654 195.2 22.7407 180.811 -8.11647 195.77 -15.0919 0.337952
1 562.993 622.652 549.595 630.703 529.214 596.782 542.611 588.732 0.383931
1 492.942 520.178 479.514 528.569 461.544 499.812 474.973 491.421 0.412491
1 274.051 118.37 260.449 126.543 242.47 96.6198 256.071 88.4472 0.423027
1 439.766 436.031 428.06 445.51 403.974 415.766 415.679 406.287 0.493353
1 374.523 331.819 361.866 339.728 344.188 311.438 356.845 303.529 0.549872
1 351.826 291.265 339.031 298.357 322.612 268.737 335.407 261.644 0.567784
1 411.772 394.511 400.553 403.277 379.659 376.533 390.878 367.768 0.573026
1 291.698 217.426 279.734 223.522 264.887 194.382 276.851 188.286 0.577476
1 308.738 209.532 296.395 215.821 281.743 187.066 294.086 180.776 0.604697
1 293.866 175.712 281.377 181.536 267.796 152.411 280.285 146.588 0.608078
