1 183.084 490.198 176.913 501.329 149.973 486.396 156.143 475.264 0.442836
1 307.083 11.4967 316.89 19.7264 299.251 40.7487 289.443 32.519 0.444066
1 257.549 534.182 251.088 547.428 219.616 532.078 226.077 518.832 0.522449
1 324.875 569.783 318.214 582.309 288.166 566.332 294.826 553.806 0.524072
1 389.524 602.759 386.405 615.269 354.587 607.336 357.706 594.826 0.566205
1 273.479 572.169 266.371 584.993 233.863 566.973 240.971 554.15 0.577667
1 152.375 471.243 143.818 483.93 114.326 464.037 122.883 451.35 0.57961
1 248.081 81.8386 258.951 89.736 241.198 114.172 230.328 106.275 0.588243
1 207.146 129.791 219.667 138.236 199.532 168.088 187.011 159.642 0.595609
1 220.455 511.517 212.833 524.72 182.101 506.978 189.724 493.774 0.627059
