1 204.902 590.781 200.945 604.58 165.838 594.513 169.794 580.714 0.465373
1 255.443 85.5166 266.918 90.8678 255.017 116.392 243.541 111.04 0.52313
1 191.563 227.251 205.738 231.857 194.385 266.799 180.21 262.193 0.530821
1 349.718 606.5 347.42 621.012 313.089 615.575 315.387 601.063 0.544469
1 424.039 621.512 421.799 635.658 387.592 630.24 389.832 616.094 0.558118
1 216.482 170.311 228.934 174.357 219.581 203.141 207.129 199.095 0.589849
1 265.971 584.12 262.722 597.154 232.493 589.617 235.742 576.583 0.599265
1 230.339 574.872 226.16 588.542 193.509 578.56 197.689 564.89 0.606382
1 289.283 4.50634 302.561 9.60321 290.912 39.9481 277.635 34.8513 0.609226
1 307.115 594.4 303.498 608.907 270.635 600.713 274.252 586.206 0.647834
