1 652.468 610.062 646.774 624.156 615.428 611.491 621.122 597.397 0.370616
1 110.024 229.174 101.142 243.957 69.4145 224.894 78.2972 210.11 0.419391
1 476.268 515.123 468.468 526.687 443.126 509.594 450.926 498.029 0.447795
1 584.651 581.504 576.314 593.41 545.201 571.625 553.538 559.719 0.449764
1 393.803 459.621 386.756 472.874 353.309 455.09 360.356 441.837 0.480725
1 352.561 432.05 345.63 445.086 314.277 428.415 321.208 415.379 0.501858
1 292.183 389.542 283.502 401.939 254.979 381.968 263.66 369.57 0.507609
1 39.3817 179.088 27.9626 188.67 5.72105 162.164 17.1401 152.582 0.540602
1 150.839 276.466 141.088 286.922 117.505 264.931 127.256 254.475 0.569906
1 179.501 302.605 169.241 313.608 144.569 290.601 154.829 279.598 0.601988
1 253.073 360.699 243.925 372.84 216.137 351.9 225.286 339.76 0.634612
