1 652.487 410.07 646.82 424.094 615.497 411.439 621.163 397.414 0.364571
1 110.153 29.2017 101.211 44.0835 69.4823 25.0188 78.4242 10.1369 0.424594
1 584.673 380.973 576.26 392.989 544.943 371.061 553.356 359.045 0.450227
1 476.267 315.049 468.414 326.692 442.941 309.51 450.794 297.867 0.455313
1 393.934 259.628 386.834 272.979 353.111 255.048 360.21 241.697 0.477988
1 352.408 231.893 345.484 244.917 314.23 228.299 321.155 215.276 0.50498
1 292.555 189.732 283.57 202.564 254.24 182.026 263.224 169.194 0.505953
1 150.649 76.4075 140.994 86.7606 117.631 64.9737 127.285 54.6206 0.580359
1 179.359 102.592 169.141 113.549 144.514 90.5834 154.732 79.6264 0.593434
1 253.109 160.768 243.976 172.889 216.137 151.911 225.271 139.79 0.628634
