1 646.629 478.985 635.209 490.405 604.788 459.984 616.208 448.564 0.345043
1 489.09 270.501 500.757 280.29 480.574 304.344 468.907 294.554 0.351723
1 471.99 255.127 459.585 260.911 447.553 235.109 459.958 229.324 0.364207
1 452.262 250.179 455.156 263.792 424.506 270.307 421.612 256.694 0.375278
1 450.04 180.363 451.911 198.169 418.814 201.648 416.942 183.842 0.435205
1 567.723 37.8457 572.729 50.8868 544.083 61.8831 539.077 48.842 0.515277
1 606.46 439.09 598.006 448.815 573.22 427.269 581.674 417.543 0.528932
1 486.478 115.153 473.903 123.959 452.797 93.8152 465.372 85.01 0.557887
1 480.928 252.822 490.202 263.122 466.425 284.531 457.151 274.23 0.565676
1 557.112 157.138 570.546 159.75 564.532 190.69 551.097 188.079 0.579232
1 367.332 117.278 365.335 133.547 329.326 129.125 331.324 112.857 0.612072
1 443.171 217.621 453.303 227.753 429.629 251.427 419.497 241.295 0.618605
1 497.697 298.472 511.026 305.263 495.976 334.799 482.647 328.008 0.629069
1 470.02 129.566 457.713 138.183 437.166 108.839 449.473 100.222 0.639618
