1 249.069 270.508 260.727 280.29 240.546 304.341 228.887 294.559 0.325278
1 232.037 255.175 219.57 260.988 207.501 235.107 219.969 229.294 0.327748
1 212.279 250.134 215.184 263.799 184.477 270.326 181.572 256.661 0.35015
1 210.338 181.115 212.168 198.527 178.756 202.038 176.926 184.627 0.425874
1 327.713 37.8337 332.725 50.8917 304.074 61.89 299.061 48.832 0.508465
1 366.381 439.089 358.001 448.729 333.278 427.237 341.658 417.597 0.534098
1 246.496 115.163 233.901 123.983 212.775 93.8122 225.371 84.9927 0.553477
1 408.582 478.576 397.556 490.821 365.141 461.633 376.166 449.388 0.556005
1 240.931 252.811 250.212 263.118 226.409 284.55 217.128 274.243 0.560445
1 317.125 157.181 330.509 159.782 324.506 190.663 311.123 188.062 0.576154
1 586.386 609.108 575.256 619.487 551.778 594.31 562.908 583.931 0.576807
1 203.177 217.585 213.332 227.739 189.612 251.459 179.458 241.305 0.606621
1 127.342 117.27 125.342 133.554 89.3355 129.133 91.3349 112.849 0.609607
1 257.704 298.491 271.002 305.267 255.968 334.773 242.67 327.997 0.630434
1 230.009 129.564 217.708 138.178 197.163 108.837 209.464 100.223 0.639414
