1 230.429 487.79 217.954 492.83 207.429 466.78 219.904 461.74 0.332989
1 423.406 153.246 441.899 159.613 431.421 190.045 412.928 183.677 0.340418
1 212.085 482.137 214.983 495.771 184.06 502.343 181.162 488.71 0.367417
1 247.727 501.828 259.938 512.075 239.952 535.893 227.741 525.646 0.378848
1 327.045 271.753 331.701 284.543 303.579 294.779 298.923 281.988 0.438918
1 210.157 412.269 212.029 430.086 177.494 433.715 175.622 415.899 0.475479
1 517.219 117.144 522.802 129.117 495.03 142.067 489.447 130.094 0.480032
1 244.991 346.359 232.463 355.131 211.273 324.868 223.8 316.096 0.555746
1 316.838 388.878 329.663 391.371 323.644 422.334 310.819 419.841 0.601207
1 240.077 484.748 249.34 495.035 225.387 516.603 216.123 506.315 0.611754
1 126.502 350.483 124.566 366.252 88.521 361.826 90.4572 346.057 0.614503
1 202.835 449.65 212.766 459.934 188.622 483.249 178.691 472.965 0.618089
1 474.497 126.168 488.797 130.268 479.495 162.709 465.195 158.609 0.619222
1 257.061 530.068 270.329 536.829 255.342 566.244 242.073 559.483 0.629388
1 390.572 177.326 405.719 181.669 395.87 216.017 380.723 211.674 0.642717
1 229.101 361.781 216.831 370.373 196.342 341.112 208.613 332.52 0.64291
1 457.149 131.67 468.966 140.575 448.929 167.166 437.111 158.26 0.663097
