1 17.7102 219.315 4.83654 228.329 -13.9854 201.448 -1.11175 192.434 0.257717
1 259.575 603.952 250.421 616.099 222.492 595.052 231.645 582.906 0.455057
1 582.164 400.072 591.248 410.522 568.046 430.69 558.962 420.24 0.466393
1 236.34 563.426 226.522 572.582 206.369 550.97 216.187 541.815 0.49646
1 156.575 459.604 142.165 466.632 125.57 432.607 139.98 425.579 0.507662
1 174.053 517.947 161.077 527.033 141.182 498.62 154.158 489.534 0.540033
1 89.5922 351.607 76.3392 357.787 63.3325 329.894 76.5855 323.714 0.55045
1 42.4148 264.215 29.0503 272.567 9.32381 240.998 22.6883 232.647 0.595734
1 532.364 437.647 542.122 448.485 515.579 472.385 505.821 461.547 0.610056
1 201.853 517.164 189.917 526.829 168.957 500.946 180.893 491.281 0.652273
