1 254.934 299.762 242.742 307.087 225.834 278.947 238.025 271.622 0.451
1 395.441 537.703 381.293 545.545 362.304 511.288 376.452 503.446 0.49538
1 328.448 430.696 314.307 437.29 300.736 408.186 314.877 401.592 0.548643
1 183.186 209.992 169.366 216.436 154.177 183.863 167.997 177.419 0.552027
1 147.877 62.7286 133.653 68.1886 122.027 37.9005 136.251 32.4405 0.553436
1 432.085 621.715 420.022 631.139 399.163 604.441 411.226 595.016 0.568563
1 279.586 342.656 266.168 351.041 247 320.365 260.418 311.98 0.604181
1 439.8 594.819 427.978 604.738 406.524 579.17 418.346 569.251 0.616566
1 201.126 188.776 186.825 195.445 172.354 164.412 186.655 157.743 0.64056
1 159.813 99.7181 144.642 104.648 134.449 73.2784 149.62 68.3489 0.646831
1 220.884 231.084 207.375 237.967 192.58 208.931 206.089 202.048 0.671083
