1 325.59 527.068 336.149 541.081 310.499 560.41 299.94 546.396 0.26775
1 371.722 507.575 356.923 517.557 331.54 479.925 346.339 469.943 0.307076
1 176.784 134.129 168.708 143.42 146.449 124.071 154.526 114.78 0.313992
1 93.522 180.501 106.789 183.08 101.335 211.141 88.0674 208.562 0.384494
1 270.324 579.629 280.802 588.421 262.152 610.647 251.675 601.855 0.450907
1 382.15 171.78 381.017 184.721 347.933 181.827 349.065 168.886 0.490996
1 154.422 137.003 144.028 148.15 117.178 123.112 127.572 111.965 0.528541
1 426.299 167.126 426.555 181.838 389.776 182.48 389.52 167.768 0.549419
1 111.093 169.842 97.1789 176.33 83.2737 146.511 97.1879 140.022 0.560829
1 330.032 162.478 327.407 175.983 294.651 169.616 297.276 156.111 0.611791
