1 477.11 600.84 465.378 606.311 454.281 582.512 466.012 577.041 0.323035
1 495.344 616.081 506.954 626.173 485.767 650.546 474.157 640.453 0.32701
1 458.54 598.213 461.028 611.012 431.61 616.731 429.122 603.931 0.428994
1 456.723 528.483 458.469 545.099 424.462 548.673 422.716 532.057 0.435425
1 491.095 461.767 478.086 470.876 457.715 441.782 470.723 432.674 0.558401
1 574.351 390.486 578.265 402.532 549.88 411.755 545.966 399.709 0.576592
1 561.995 503.472 575.223 505.567 570.288 536.721 557.06 534.626 0.590219
1 486.631 598.328 495.921 609.015 471.9 629.896 462.61 619.209 0.605642
1 372.232 467.204 370.933 482.048 336.848 479.066 338.147 464.221 0.625272
1 450.642 563.973 460.188 574.954 434.72 597.093 425.174 586.112 0.628548
1 475.757 477.597 463.593 486.764 442.542 458.829 454.707 449.663 0.636679
