1 397.861 359.165 383.709 367.01 365.785 334.674 379.937 326.829 0.330885
1 476.96 465.748 467.36 474.7 446.497 452.327 456.097 443.375 0.502623
1 450.201 465.275 438.628 474.317 417.958 447.862 429.531 438.82 0.525709
1 257.738 121.528 245.894 128.367 230.031 100.892 241.876 94.0536 0.530849
1 330.552 252.542 317.48 258.637 304.828 231.506 317.9 225.411 0.544102
1 374.036 362.044 361.423 370.876 341.257 342.075 353.87 333.244 0.561834
1 283.752 164.169 270.942 173.139 250.185 143.495 262.995 134.525 0.583429
1 242.502 144.511 229.278 151.841 211.524 119.813 224.748 112.482 0.592632
1 442.644 418.988 431.187 428.601 409.76 403.066 421.217 393.452 0.623747
1 224.626 53.1372 211.242 59.6651 197.072 30.6122 210.456 24.0843 0.642149
