1 132.134 22.7842 117.116 28.5491 105.344 -2.11792 120.362 -7.88283 0.335959
1 397.721 559.001 383.661 566.794 365.776 534.527 379.835 526.734 0.337532
1 330.528 452.594 317.393 458.719 304.723 431.549 317.859 425.423 0.525106
1 257.855 321.51 245.998 328.356 230.057 300.746 241.915 293.9 0.543526
1 150.723 84.4434 137.455 88.248 128.888 58.3706 142.156 54.566 0.558534
1 374.043 561.995 361.382 570.861 341.19 542.025 353.852 533.16 0.559526
1 283.679 364.076 270.935 373 250.343 343.592 263.087 334.668 0.577389
1 242.536 344.46 229.282 351.807 211.579 319.868 224.832 312.522 0.586848
1 224.699 253.082 211.252 259.641 197.054 230.531 210.501 223.972 0.624063
1 442.781 619.013 431.294 628.652 409.868 603.117 421.355 593.479 0.626762
1 204.583 210.168 190.392 216.486 176.433 185.134 190.624 178.816 0.63208
1 164.501 120.858 149.173 126.135 138.344 94.687 153.672 89.4092 0.663711
