1 478.205 411.132 469.325 421.346 444.668 399.912 453.548 389.698 0.299995
1 246.665 144.634 258.661 154.7 238.652 178.546 226.656 168.48 0.341006
1 229.143 130.274 216.665 135.064 206.546 108.701 219.024 103.912 0.358836
1 210.017 124.446 212.787 137.477 183.022 143.804 180.252 130.773 0.391621
1 406.798 351.85 395.896 363.958 362.972 334.314 373.875 322.205 0.482702
1 208.957 55.8156 210.163 73.0612 175.383 75.4933 174.177 58.2477 0.484906
1 238.013 126.137 247.738 136.207 224.692 158.462 214.967 148.392 0.516383
1 315.026 31.4871 328.051 34.0189 322.167 64.2897 309.142 61.7579 0.527361
1 364.353 311.032 356.29 321.352 330.88 301.5 338.943 291.18 0.578442
1 255.117 172.384 268.326 179.115 253.597 208.021 240.388 201.291 0.594993
1 201.549 91.3121 211.517 101.635 187.323 124.998 177.355 114.676 0.609213
1 593.669 493.077 583.021 503.006 559.846 478.153 570.493 468.224 0.650315
