1 475.771 643.997 464.404 653.535 442.23 627.11 453.597 617.571 0.297639
1 253.092 297.086 241.42 304.379 224.855 277.869 236.527 270.576 0.466292
1 394.532 536.64 380.538 544.397 361.824 510.635 375.818 502.878 0.497181
1 327.188 429.411 313.305 435.885 300.042 407.442 313.925 400.968 0.512723
1 145.703 61.7266 132.281 66.348 121.721 35.6789 135.143 31.0574 0.545461
1 181.24 208.958 167.355 214.852 153.729 182.751 167.614 176.857 0.563766
1 430.976 621.5 418.635 630.466 398.781 603.138 411.121 594.173 0.595248
1 278.548 341.805 265.375 350.036 246.29 319.494 259.463 311.263 0.598914
1 438.626 593.623 427.009 603.371 405.926 578.245 417.543 568.498 0.604189
1 200.491 187.596 185.975 194.365 171.455 163.225 185.97 156.457 0.617342
1 159.052 99.0721 144.053 103.946 133.777 72.3195 148.776 67.446 0.646337
1 220.276 230.248 206.675 237.178 191.91 208.2 205.511 201.27 0.679087
