1 516.455 -2.11782 522.461 10.7609 495.273 23.4386 489.268 10.5599 0.364673
1 246.595 384.54 258.733 394.725 238.643 418.667 226.505 408.483 0.369138
1 229.192 370.262 216.665 375.071 206.543 348.702 219.07 343.893 0.374316
1 422.772 34.8691 440.708 41.0451 430.261 71.3862 412.325 65.2101 0.378793
1 210.029 364.419 212.81 377.503 183.008 383.837 180.227 370.753 0.401992
1 325.928 153.256 330.7 166.367 302.471 176.642 297.699 163.531 0.471395
1 406.79 591.846 395.896 603.945 362.95 574.28 373.843 562.181 0.47892
1 208.951 295.783 210.161 313.078 175.409 315.508 174.2 298.213 0.495874
1 238.01 366.104 247.774 376.216 224.721 398.478 214.956 388.366 0.523697
1 315.04 271.515 328.044 274.042 322.17 304.259 309.166 301.732 0.528162
1 244.555 229.148 231.607 238.215 209.65 206.857 222.598 197.79 0.547149
1 364.408 551.028 356.297 561.411 330.818 541.505 338.93 531.122 0.575566
1 255.099 412.384 268.335 419.128 253.608 448.03 240.372 441.286 0.59749
1 389.876 58.5732 404.854 62.8681 394.992 97.26 380.014 92.9651 0.610217
1 124.843 232.037 122.926 247.647 87.5759 243.306 89.4925 227.697 0.614099
1 201.549 331.296 211.534 341.635 187.321 365.016 177.337 354.677 0.617354
1 227.846 243.973 215.343 252.727 195.282 224.077 207.784 215.322 0.632595
1 473.697 7.78131 488.034 11.8923 478.639 44.6548 464.303 40.5439 0.634028
1 456.106 12.892 467.878 21.4448 448.237 48.4779 436.465 39.9251 0.666742
