1 646.468 584.001 635.549 596.128 601.791 565.732 612.71 553.606 0.264958
1 470.717 362.77 458.901 368.28 447.934 344.76 459.75 339.251 0.329124
1 452.791 360.716 455.251 373.37 425.504 379.152 423.045 366.498 0.408697
1 450.426 290.123 452.243 307.415 417.567 311.059 415.749 293.768 0.485908
1 487.636 378.741 499.788 388.938 479.862 412.686 467.709 402.489 0.488475
1 497.581 405.475 511.754 412.388 496.667 443.322 482.493 436.409 0.525934
1 605.563 543.412 597.358 553.914 571.996 534.099 580.201 523.597 0.554772
1 486.004 223.644 473.116 232.669 451.802 202.23 464.691 193.206 0.559858
1 631.399 54.1769 646.301 58.4502 636.371 93.0803 621.469 88.8071 0.561591
1 567.797 150.115 572.088 161.904 543.919 172.157 539.628 160.368 0.574415
1 480.743 361.79 489.921 371.983 466.027 393.497 456.849 383.304 0.584633
1 366.801 228.23 365.199 243.478 330.032 239.782 331.635 224.533 0.613931
1 556.533 266.569 569.784 268.668 564.807 300.09 551.556 297.992 0.629323
1 469.281 238.871 456.977 247.487 436.993 218.948 449.298 210.332 0.631444
1 443.137 326.442 452.994 336.65 428.902 359.914 419.045 349.707 0.641694
