1 230.602 161.412 218.697 166.964 207.96 143.937 219.864 138.386 0.273338
1 478.502 442.364 469.571 452.638 444.761 431.071 453.692 420.797 0.287276
1 605.762 597.604 594.014 604.116 579.94 578.725 591.687 572.213 0.29541
1 213.174 160.595 215.658 173.371 185.438 179.245 182.954 166.469 0.351665
1 247.657 178.82 259.744 188.961 239.947 212.553 227.861 202.412 0.432323
1 407.623 383.671 396.8 396.121 362.732 366.506 373.555 354.056 0.451644
1 245.756 23.6461 232.954 32.6102 212.716 3.70696 225.518 -5.25722 0.461727
1 257.605 205.525 271.726 212.413 256.691 243.239 242.57 236.351 0.518006
1 210.501 90.2225 212.297 107.31 177.678 110.949 175.882 93.8611 0.518392
1 365.495 343.389 357.329 353.841 332.08 334.114 340.246 323.662 0.552531
1 240.77 161.846 249.911 171.999 226.05 193.483 216.909 183.331 0.583318
1 126.841 28.1575 125.231 43.4756 89.8783 39.7599 91.4883 24.4419 0.615374
1 316.271 66.5835 329.527 68.4464 325.096 99.9684 311.841 98.1054 0.620768
1 229.396 38.8772 216.974 47.5757 196.91 18.9219 209.333 10.2234 0.628245
1 203.058 126.492 212.902 136.685 188.882 159.881 179.039 149.687 0.646249
1 614.825 554.727 602.821 563.448 583.228 536.48 595.232 527.759 0.655687
