1 183.87 30.8606 200.651 36.3133 190.954 66.1585 174.172 60.7058 0.402859
1 277.751 -5.10599 283.185 7.09944 255.707 19.3335 250.273 7.12802 0.446989
1 167.669 583.65 156.857 596.087 122.704 566.398 133.515 553.961 0.46858
1 17.2883 406.283 30.9464 412.652 16.8979 442.779 3.23988 436.41 0.539204
1 125.496 543.427 117.351 553.852 92.0184 534.06 100.163 523.635 0.557458
1 87.7759 150.135 92.0502 161.879 63.9148 172.119 59.6406 160.376 0.559863
1 234.821 4.014 248.456 7.92399 239.322 39.7807 225.686 35.8708 0.625086
1 76.5548 266.607 89.7452 268.696 84.7708 300.103 71.5804 298.014 0.62668
1 151.02 55.1307 165.89 59.3948 156.219 93.1228 141.348 88.8587 0.641177
1 217.277 10.1279 228.971 18.9395 209.419 44.885 197.726 36.0735 0.68829
