1 643.781 350.671 632.963 362.685 601.842 334.664 612.66 322.649 0.334085
1 486.701 144.632 498.682 154.685 478.685 178.517 466.704 168.464 0.367106
1 469.27 130.025 456.969 134.995 446.42 108.887 458.722 103.917 0.388508
1 449.977 124.501 452.732 137.465 423.039 143.776 420.284 130.812 0.413249
1 448.869 55.8831 450.066 73.0098 415.365 75.4364 414.167 58.3096 0.481554
1 478.042 126.142 487.741 136.185 464.711 158.425 455.012 148.382 0.515414
1 555.018 31.4694 568.068 34.006 562.182 64.2842 549.133 61.7475 0.532416
1 604.426 311.043 596.316 321.424 570.841 301.521 578.951 291.141 0.582991
1 495.113 172.404 508.312 179.129 493.597 208.009 480.398 201.284 0.600225
1 441.542 91.3503 451.483 101.645 427.339 124.96 417.398 114.666 0.615509
