1 477.63 326.168 468.736 336.399 444.035 314.926 452.928 304.695 0.287758
1 229.812 46.0347 217.949 51.5665 206.328 26.6452 218.191 21.1133 0.381677
1 210.7 41.5753 213.469 54.6028 183.222 61.0321 180.453 48.0046 0.387601
1 246.527 60.8256 258.796 71.1208 238.765 94.9933 226.495 84.6981 0.432543
1 405.844 267.548 394.788 280.267 361.688 251.494 372.744 238.775 0.52764
1 364.527 226.724 356.343 237.2 330.828 217.266 339.013 206.79 0.566696
1 238.969 44.0117 248.12 54.5384 224.29 75.2529 215.14 64.7261 0.6189
1 254.928 89.0316 268.4 95.3136 254.605 124.895 241.134 118.613 0.632946
1 201.785 8.89747 211.646 19.1091 187.557 42.3715 177.696 32.1599 0.643052
1 604.16 422.453 592.703 432.067 570.608 405.736 582.066 396.122 0.656466
