1 470.735 602.773 458.908 608.288 447.928 584.742 459.755 579.227 0.348167
1 452.842 600.686 455.318 613.422 425.387 619.24 422.911 606.504 0.42337
1 450.402 530.157 452.208 547.341 417.569 550.982 415.763 533.798 0.506044
1 631.393 294.148 646.32 298.428 636.38 333.093 621.453 328.812 0.5587
1 486.047 463.651 473.127 472.698 451.763 442.186 464.683 433.139 0.559784
1 567.795 390.116 572.085 401.903 543.919 412.154 539.629 400.368 0.57953
1 480.914 601.651 490.203 611.968 466.063 633.703 456.774 623.387 0.582877
1 366.83 468.222 365.225 483.491 330.026 479.791 331.631 464.522 0.613651
1 469.309 478.913 457.008 487.526 436.984 458.929 449.285 450.316 0.6326
1 556.534 506.569 569.77 508.665 564.79 540.108 551.554 538.011 0.633268
1 443.172 566.414 453.029 576.621 428.898 599.924 419.042 589.717 0.643535
