1 13.7992 413.419 25.4303 424.265 4.21047 447.021 -7.42054 436.174 0.405751
1 93.2716 188.869 97.2558 200.44 69.1587 210.115 65.1745 198.544 0.432845
1 282.289 34.8185 286.882 47.4378 258.769 57.6703 254.176 45.051 0.46934
1 155.701 92.6668 170.205 96.8257 160.563 130.452 146.059 126.293 0.578494
1 128.589 576.967 120.342 587.522 95.8137 568.359 104.06 557.804 0.585743
1 81.7314 302.422 94.7731 304.957 88.7356 336.017 75.694 333.482 0.597749
1 171.459 617.858 160.197 630.812 126.581 601.59 137.842 588.635 0.610748
1 222.623 48.8095 234.067 57.7508 213.582 83.9706 202.138 75.0292 0.651848
1 22.3447 441.646 35.6106 448.405 20.7744 477.523 7.50851 470.764 0.666537
1 238.981 42.8144 252.885 46.54 244.399 78.2094 230.495 74.4838 0.679603
