1 365.423 508.026 350.556 518.053 325.197 480.457 340.064 470.429 0.277331
1 169.516 132.081 160.864 141.359 139.69 121.613 148.341 112.335 0.352142
1 322.247 528.827 331.628 542.736 303.594 561.646 294.212 547.737 0.3718
1 263.899 581.569 274.007 590.05 256.252 611.21 246.144 602.728 0.39051
1 86.8768 177.301 99.936 179.839 94.2122 209.286 81.153 206.747 0.402032
1 374.561 169.217 373.389 182.609 341.015 179.776 342.186 166.385 0.460003
1 147.573 133.612 137.251 145.075 109.71 120.277 120.032 108.814 0.539897
1 103.939 167.37 89.8754 173.928 75.9129 143.986 89.9766 137.428 0.592067
1 419.842 165.869 420.099 180.61 382.372 181.269 382.115 166.528 0.608103
1 322.765 160.446 320.053 174.397 287.586 168.086 290.298 154.135 0.660049
