1 237.543 517.372 225.938 522.783 215.248 499.858 226.853 494.446 0.302514
1 430.252 187.569 447.65 192.558 438.768 223.535 421.369 218.546 0.318879
1 525.947 155.146 529.997 167.611 501.434 176.891 497.384 164.427 0.407422
1 255.351 532.118 267.298 542.143 247.624 565.589 235.677 555.564 0.423148
1 221.088 515.997 222.922 529.047 193.882 533.128 192.048 520.078 0.439227
1 217.536 444.751 219.524 460.943 186.079 465.05 184.091 448.858 0.477084
1 265.275 558.627 279.314 565.474 264.312 596.234 250.272 589.387 0.557009
1 398.483 212.126 412.948 216.274 403.266 250.037 388.802 245.89 0.55841
1 323.748 421.441 336.808 423.276 332.352 454.979 319.293 453.144 0.56822
1 252.773 379.399 239.683 388.565 218.537 358.366 231.627 349.201 0.584357
1 335.249 308.635 339.394 320.023 312.157 329.937 308.012 318.549 0.595441
1 212.319 481.347 222.138 492.252 197.15 514.751 187.331 503.847 0.610462
1 134.263 384.749 132.968 399.553 98.737 396.558 100.032 381.754 0.629021
1 248.953 515.546 257.999 525.954 233.835 546.959 224.788 536.552 0.630242
1 480.517 162.437 494.665 165.703 487.237 197.876 473.089 194.61 0.631011
1 237.335 395.74 224.866 404.471 204.892 375.945 217.361 367.214 0.633399
1 464.405 168.54 476.244 177.141 457.061 203.544 445.222 194.943 0.635899
