1 285.367 507.957 270.521 517.972 245.23 480.477 260.077 470.462 0.275945
1 89.5892 132.129 80.9215 141.424 59.6637 121.601 68.3314 112.306 0.366413
1 242.2 528.931 251.521 542.749 223.585 561.593 214.264 547.774 0.389104
1 183.929 581.542 194.047 590.032 176.295 611.188 166.177 602.698 0.41827
1 7.14502 177.18 19.7727 179.634 14.1368 208.628 1.50914 206.174 0.438901
1 294.52 169.225 293.351 182.59 261.056 179.765 262.225 166.399 0.468753
1 67.5628 133.621 57.2698 145.052 29.7062 120.234 39.9992 108.802 0.55514
1 339.836 165.874 340.093 180.603 302.393 181.261 302.136 166.532 0.608747
1 23.885 167.234 10.0324 173.694 -3.58046 144.501 10.2721 138.042 0.618412
1 242.773 160.44 240.058 174.409 207.566 168.094 210.282 154.124 0.659781
