1 494.09 613.84 506.05 624.61 485.442 647.497 473.482 636.728 0.275305
1 474.859 599.637 462.868 604.481 453.184 580.513 465.175 575.668 0.305236
1 454.375 527.612 456.551 543.097 423.198 547.785 421.022 532.3 0.409647
1 457.464 597.259 460.034 609.352 430.792 615.568 428.221 603.475 0.426294
1 573.37 389.454 577.38 401.101 549.06 410.852 545.05 399.206 0.457708
1 490.128 460.72 477.117 469.831 456.498 440.384 469.509 431.273 0.523921
1 371.895 465.934 370.299 481.116 335.543 477.463 337.139 462.281 0.566086
1 561.755 502.457 574.785 504.99 568.732 536.134 555.701 533.601 0.608023
1 485.769 597.454 495.01 608.085 470.888 629.054 461.647 618.423 0.621668
1 474.116 476.9 461.849 485.489 442.1 457.284 454.367 448.695 0.629636
1 449.619 562.903 459.429 573.798 434.317 596.409 424.507 585.514 0.631521
