1 281.64 258.068 270.124 266.435 252.457 242.118 263.973 233.751 0.312712
1 340.725 311.501 338.4 328.049 307.071 323.646 309.397 307.098 0.323222
1 44.8418 28.0963 34.1979 40.3407 8.96268 18.404 19.6066 6.1596 0.425993
1 472.27 404.023 461.431 411.898 445.874 390.485 456.712 382.61 0.451633
1 106.278 62.0452 100.912 74.686 72.5131 62.6314 77.8788 49.9905 0.528892
1 532.373 455.192 543.144 465.593 518.846 490.754 508.075 480.353 0.553282
1 610.83 375.8 616.636 389.48 584.688 403.041 578.882 389.361 0.582228
1 628.163 495.492 615.104 501.582 602.063 473.614 615.121 467.524 0.593104
1 375.927 337.717 375.397 352.88 339.502 351.627 340.032 336.464 0.617226
1 586.263 357.152 587.488 371.151 554.414 374.044 553.19 360.046 0.618609
1 317.172 296.744 311.501 310.105 281.506 297.372 287.177 284.012 0.647699
1 551.839 464.622 562.44 474.508 538.944 499.704 528.344 489.818 0.654912
1 587.298 596.281 571.293 599.104 565.386 565.606 581.392 562.784 0.68768
1 304.506 268.869 304.262 282.878 271.969 282.314 272.213 268.305 0.699753
