1 129.671 70.4493 119.107 82.6016 93.257 60.1307 103.821 47.9784 0.301908
1 425.82 356.134 423.617 370.043 392.79 365.161 394.993 351.251 0.390164
1 555.275 445.205 544.416 452.529 529.979 431.126 540.839 423.801 0.493131
1 365.535 298.695 355.017 306.913 337.069 283.941 347.587 275.723 0.508916
1 615.742 495.073 626.907 505.855 603.24 530.363 592.074 519.581 0.523223
1 191.015 105.191 185.829 117.407 156.656 105.023 161.841 92.8075 0.537133
1 460.798 378.85 460.261 394.236 423.468 392.951 424.005 377.565 0.608195
1 634.99 504.662 646.108 515.031 622.73 540.1 611.612 529.732 0.621191
1 401.954 338.719 396.333 351.961 365.754 338.981 371.376 325.739 0.627132
1 389.705 310.298 389.458 324.462 355.747 323.873 355.994 309.71 0.64382
