1 340.744 71.5123 338.425 88.0111 307.064 83.6035 309.382 67.1047 0.354346
1 472.291 164.026 461.425 171.921 445.854 150.49 456.721 142.595 0.445873
1 532.368 215.193 543.138 225.594 518.836 250.76 508.065 240.359 0.555266
1 610.849 135.766 616.677 149.497 584.651 163.091 578.823 149.36 0.584836
1 628.189 255.471 615.091 261.579 602.027 233.562 615.124 227.455 0.593462
1 375.932 97.71 375.402 112.878 339.494 111.624 340.024 96.456 0.620857
1 586.273 117.149 587.497 131.14 554.421 134.034 553.197 120.043 0.621431
1 317.194 56.7416 311.508 70.1372 281.47 57.3869 287.156 43.9913 0.653451
1 551.844 224.627 562.435 234.503 538.95 259.687 528.359 249.811 0.65791
1 587.318 356.294 571.26 359.126 565.346 325.583 581.404 322.752 0.684628
1 304.539 28.8605 304.295 42.8859 271.977 42.3218 272.221 28.2964 0.701344
