1 503.855 445.077 508.955 455.087 484.558 467.518 479.457 457.508 0.40094
1 173.04 3.77168 170.256 18.096 141.093 12.4273 143.877 -1.89697 0.407166
1 477.313 140.292 482.95 151.356 460.11 162.993 454.473 151.93 0.412126
1 338.782 151.977 347.969 163.321 321.615 184.662 312.429 173.318 0.473639
1 497.956 191.227 505.818 202.882 479.615 220.556 471.754 208.9 0.519429
1 318.335 73.2175 313.879 86.1574 283.23 75.6041 287.686 62.6642 0.560581
1 606.905 522.529 598.578 533.187 573.808 513.835 582.135 503.176 0.59078
1 555.773 406.082 543.634 413.09 527.218 384.657 539.357 377.648 0.59831
1 271.494 55.0193 265.018 68.2967 234.646 53.4833 241.122 40.2059 0.606647
1 485.88 157.773 492.996 170.61 463.697 186.85 456.582 174.014 0.613904
1 539.384 422.709 545.711 435.125 517.537 449.48 511.211 437.064 0.667603
