1 170.629 8.03457 167.793 22.6251 138.493 16.9299 141.33 2.33928 0.375242
1 503.276 447.903 508.996 457.421 486.67 470.836 480.951 461.318 0.427626
1 336.952 154.309 346.308 165.46 319.766 187.731 310.41 176.581 0.435552
1 474.059 144.052 479.894 155.503 456.632 167.356 450.797 155.904 0.472531
1 482.018 162.742 489.101 175.011 460.493 191.528 453.409 179.259 0.489713
1 314.682 76.4838 310.342 89.0889 280.978 78.9779 285.318 66.3729 0.553615
1 495.594 195.794 503.371 207.325 476.825 225.23 469.047 213.7 0.560673
1 553.987 409.566 542.125 416.415 526.023 388.526 537.885 381.678 0.587756
1 268.761 59.103 262.2 72.5563 231.757 57.7087 238.319 44.2554 0.591438
1 537.691 426.128 543.75 438.019 516.617 451.843 510.559 439.953 0.591624
1 606.87 527.414 598.528 538.091 573.392 518.452 581.733 507.776 0.627776
