1 174.465 121.054 172.318 136.33 142.509 132.14 144.656 116.864 0.315257
1 607.556 638.412 599.695 650.066 573.811 632.607 581.672 620.952 0.350779
1 479.86 258.095 485.657 269.473 462.27 281.389 456.473 270.011 0.398014
1 583.046 99.9649 590.145 114.52 553.829 132.233 546.73 117.678 0.400507
1 505.481 563.401 510.573 573.394 486.082 585.873 480.99 575.88 0.468268
1 500.282 309.103 508.257 320.927 481.246 339.146 473.271 327.322 0.530888
1 339.078 270.493 349.165 282.096 323.832 304.118 313.745 292.514 0.535923
1 318.566 191.612 314.493 204.15 284.562 194.425 288.636 181.887 0.551109
1 556.657 523.64 544.401 530.716 527.629 501.665 539.885 494.589 0.560158
1 272.628 174.703 265.78 187.583 236.028 171.763 242.876 158.884 0.5928
1 143.316 41.9433 142.524 57.0584 108.114 55.2551 108.906 40.14 0.60608
1 486.775 276.147 493.922 288.528 465.74 304.799 458.592 292.418 0.626563
1 539.623 540.539 546.381 552.73 518.574 568.143 511.816 555.952 0.638126
