1 293.036 290.409 308.923 296.828 296.256 328.179 280.369 321.76 0.385576
1 97.9033 243.741 123.123 252.425 97.666 326.358 72.4461 317.674 0.431132
1 188.646 531.824 203.55 536.667 192.755 569.891 177.851 565.049 0.458472
1 234.715 71.3104 249.753 76.1966 239.563 107.56 224.524 102.673 0.467692
1 91.1386 587.281 104.246 591.54 95.2752 619.151 82.1674 614.892 0.47706
1 274.349 208.976 289.934 214.04 278.75 248.463 263.164 243.399 0.487089
1 255.588 512.552 271.131 517.602 260.051 551.704 244.507 546.654 0.499734
1 204.219 240.937 218.336 245.524 208.003 277.324 193.886 272.737 0.500167
1 350.436 98.6265 365.85 103.635 354.382 138.931 338.968 133.922 0.514056
1 177.984 192.753 193.066 198.243 182.346 227.695 167.264 222.206 0.532247
1 373.736 123.851 388.758 129.617 375.506 164.138 360.484 158.372 0.547422
1 223.176 276.541 237.872 281.316 227.348 313.705 212.652 308.93 0.556736
1 231.033 335.699 245.732 339.914 236.113 373.46 221.414 369.245 0.56015
1 170.066 509.169 186.121 514.385 175.189 548.03 159.134 542.813 0.576685
1 222.357 438.201 237.275 443.338 225.594 477.259 210.677 472.123 0.579706
1 80.0917 561.545 93.7616 565.986 84.72 593.814 71.0501 589.372 0.588522
1 170.092 133.231 185.645 138.284 174.669 172.064 159.116 167.011 0.610026
1 254.492 86.9996 269.179 91.7717 258.46 124.762 243.773 119.99 0.613501
1 127.101 584.891 142.898 590.955 129.143 626.789 113.346 620.725 0.614796
1 67.3506 504.475 82.4578 509.677 70.8836 543.291 55.7764 538.089 0.620966
1 281.561 125.259 298.443 130.744 286.602 167.186 269.72 161.701 0.624469
1 306.95 143.731 322.092 149.544 309.41 182.58 294.268 176.767 0.640013
