1 179.19 -11.6818 195.865 -5.28063 183.079 28.0282 166.404 21.627 0.291001
1 92.0247 577.19 108.584 583.547 96.2293 615.732 79.6702 609.375 0.373588
1 293.041 90.3555 308.941 96.7793 296.258 128.17 280.359 121.746 0.390167
1 73.2884 548.537 88.3447 553.429 77.9221 585.507 62.8657 580.615 0.422877
1 97.4469 42.9359 123.181 51.797 97.3366 126.856 71.6022 117.995 0.456732
1 188.679 331.747 203.62 336.602 192.873 369.677 177.932 364.822 0.469906
1 91.1817 387.032 104.372 391.318 95.3273 419.153 82.1374 414.867 0.4773
1 204.13 40.8815 218.45 45.534 208.101 77.383 193.782 72.7304 0.481134
1 184.46 427.997 200.42 433.182 189.11 467.988 173.151 462.803 0.495884
1 274.385 9.17156 289.871 14.2034 278.699 48.5869 263.213 43.5551 0.510549
1 255.538 312.662 271.031 317.697 260.013 351.607 244.52 346.573 0.522229
1 223.137 76.3714 237.989 81.197 227.413 113.744 212.562 108.919 0.546045
1 231.019 135.666 245.771 139.896 236.162 173.409 221.41 169.179 0.563312
1 222.404 238.079 237.349 243.225 225.617 277.296 210.673 272.15 0.563786
1 153.624 537.095 168.343 542.745 155.296 576.733 140.577 571.083 0.576419
1 80.1024 361.551 93.7692 365.992 84.7176 393.85 71.0508 389.41 0.59056
1 170.056 309.362 185.986 314.538 175.15 347.889 159.22 342.713 0.590814
1 131.874 522.019 148.397 527.388 136.638 563.578 120.115 558.21 0.595288
1 127.054 384.922 142.859 390.989 129.094 426.85 113.288 420.782 0.615954
1 67.3613 304.394 82.4876 309.602 70.8736 343.332 55.7473 338.123 0.622878
1 29.9225 441.98 44.5706 446.74 33.8243 479.813 19.1763 475.054 0.635328
