1 190.895 637.111 172.426 656.237 115.726 601.483 134.196 582.357 0.349314
1 310.978 558.119 300.543 568.554 277.836 545.847 288.271 535.412 0.454742
1 281.533 592.151 271.137 603.299 246.138 579.986 256.533 568.839 0.508422
1 151.684 538.701 138.24 550.805 112.576 522.302 126.019 510.198 0.511963
1 164.685 412.396 152.784 423.112 129.113 396.824 141.014 386.108 0.570332
1 171.198 493.48 159.832 503.714 136.933 478.283 148.3 468.049 0.573516
1 151.623 360.418 140.511 371.53 115.304 346.323 126.416 335.211 0.603313
1 252.239 599.588 241.107 609.612 218.521 584.527 229.653 574.504 0.617359
1 106.701 434.856 95.0647 446.492 69.3278 420.756 80.9644 409.119 0.61883
1 154.979 442.612 143.72 453.112 120.36 428.061 131.619 417.561 0.628369
1 78.5131 582.137 66.5307 592.191 45.0838 566.632 57.0661 556.577 0.638969
