1 430.877 637.288 412.483 656.335 355.609 601.412 374.003 582.365 0.351307
1 550.989 558.109 540.532 568.567 517.826 545.86 528.283 535.403 0.455775
1 521.537 592.159 511.149 603.298 486.159 579.995 496.547 568.856 0.508709
1 191.707 381.893 180.462 393.138 154.818 367.494 166.063 356.249 0.516478
1 391.541 538.685 378.193 550.703 352.619 522.3 365.967 510.282 0.520843
1 184.354 340.35 174.996 349.708 152.653 327.365 162.011 318.007 0.54
1 404.708 412.408 392.795 423.134 369.089 396.806 381.001 386.08 0.568076
1 411.199 493.483 399.844 503.708 376.942 478.272 388.297 468.047 0.577127
1 37.2222 181.188 27.7684 191.326 4.90949 170.01 14.3633 159.872 0.591883
1 113.752 69.9063 103.004 79.9286 79.9317 55.1865 90.6792 45.1642 0.598111
1 391.586 360.416 380.498 371.504 355.327 346.333 366.415 335.246 0.605101
1 34.8783 64.8822 23.8296 75.1853 1.81621 51.5788 12.8649 41.2757 0.608845
1 346.732 434.881 335.089 446.523 309.325 420.759 320.967 409.116 0.619166
1 492.222 599.592 481.11 609.598 458.539 584.53 469.651 574.525 0.622591
1 394.967 442.621 383.721 453.109 360.367 428.064 371.613 417.577 0.629743
1 318.498 582.157 306.561 592.173 285.137 566.64 297.074 556.624 0.639999
