1 502.663 508.936 492.493 519.106 470.229 496.841 480.399 486.672 0.403786
1 451.687 521.171 441.895 532.436 416.033 509.954 425.826 498.69 0.493483
1 631.926 590.393 621.384 602.101 596.456 579.656 606.999 567.948 0.502428
1 553.505 590.226 542.761 601.352 518.286 577.717 529.03 566.591 0.511618
1 349.307 365.145 338.611 377.024 312.406 353.429 323.102 341.55 0.551984
1 138.189 319.043 129.143 328.744 106.364 307.502 115.41 297.801 0.560167
1 327.181 530.086 316.672 542.175 289.665 518.698 300.174 506.609 0.569173
1 328.801 421.083 317.541 431.222 295.045 406.238 306.306 396.099 0.577507
1 290.481 466.794 282.299 476.206 259.246 456.167 267.428 446.754 0.613656
1 265.093 363.589 253.471 375.211 227.592 349.332 239.214 337.71 0.619788
1 311.991 298.011 300.827 309.175 275.597 283.945 286.761 272.781 0.619853
1 438.479 543.767 428.387 554.589 404.037 531.883 414.129 521.06 0.626923
1 556.993 630 546.023 641.764 520.689 618.14 531.659 606.376 0.627987
1 46.8626 39.429 37.1871 49.8046 12.9477 27.201 22.6231 16.8253 0.643084
1 326.461 381.817 316.04 392.992 290.994 369.635 301.415 358.46 0.650033
