1 376.781 624.296 366.368 635.463 343.883 614.495 354.296 603.328 0.366483
1 121.394 607.32 110.102 619.861 83.2868 595.716 94.5788 583.175 0.506129
1 131.576 474.159 121.04 483.985 98.3854 459.691 108.922 449.866 0.507585
1 269.325 585.827 260.058 598.125 233.233 577.911 242.5 565.613 0.52478
1 216.622 479.486 205.396 492.4 177.75 468.367 188.975 455.453 0.577686
1 162.19 464.422 151.784 475.582 126.681 452.173 137.088 441.013 0.59769
1 232.129 627.382 219.46 641.956 186.012 612.88 198.681 598.307 0.608304
1 68.8496 519.972 58.313 532.093 31.6945 508.954 42.2311 496.833 0.611936
1 72.9307 410.677 61.1402 422.467 35.3622 396.689 47.1528 384.899 0.634115
1 137.297 378.726 126.594 390.203 100.35 365.731 111.053 354.254 0.63829
