1 261.843 593.2 246.028 598.646 234.723 565.813 250.538 560.368 0.452416
1 170.514 412.263 154.424 416.574 145.87 384.653 161.96 380.342 0.497241
1 92.8171 326.715 77.5063 331.987 66.3955 299.718 81.7063 294.447 0.52924
1 72.7213 515.888 57.3956 520.867 47.0286 488.961 62.3543 483.981 0.551332
1 90.171 629.546 75.8258 634.207 66.4561 605.37 80.8014 600.709 0.559517
1 139.415 457.398 124.562 463.099 112.388 431.383 127.24 425.682 0.568221
1 90.9186 261.509 74.9679 265.783 66.1602 232.912 82.1109 228.638 0.611528
1 108.12 218.757 92.3465 223.882 81.636 190.919 97.4097 185.794 0.614737
1 130.44 196.223 115.218 201.169 104.317 167.62 119.539 162.674 0.634442
1 94.6978 510.524 79.864 515.632 68.7014 483.213 83.5352 478.106 0.64219
1 103.694 432.17 88.0309 436.959 78.2593 404.997 93.9223 400.209 0.644376
1 184.399 618.504 168.119 623.481 158.119 590.774 174.399 585.796 0.657219
1 56.6035 247.659 40.1867 252.678 29.4831 217.668 45.9 212.649 0.657985
1 190.972 554.213 175.989 559.081 165.508 526.822 180.49 521.954 0.668002
1 44.7508 561.561 28.8182 567.047 17.4343 533.985 33.3669 528.499 0.676211
