1 262.665 508.935 252.505 519.095 230.231 496.821 240.391 486.661 0.412279
1 24.9999 363.708 12.9359 375.772 -14.3267 348.51 -2.26265 336.446 0.456102
1 392.269 590.226 381.941 602.107 356.461 579.957 366.789 568.077 0.500956
1 211.647 521.172 201.871 532.418 176.031 509.955 185.806 498.71 0.506704
1 313.519 590.227 302.77 601.357 278.284 577.711 289.032 566.581 0.512328
1 109.286 365.13 98.6163 376.98 72.4556 353.425 83.1249 341.575 0.568934
1 87.1954 530.086 76.6752 542.188 49.6547 518.7 60.175 506.598 0.577356
1 88.8172 421.089 77.5502 431.234 55.034 406.227 66.301 396.082 0.583371
1 50.5209 466.783 42.3137 476.225 19.2423 456.169 27.4495 446.728 0.61732
1 71.9518 298.009 60.8157 309.145 35.6132 283.943 46.7494 272.806 0.626834
1 316.992 630 306.028 641.758 280.694 618.134 291.658 606.376 0.630215
1 198.45 543.779 188.391 554.566 164.072 531.889 174.131 521.102 0.631967
1 86.4437 381.815 76.0489 392.962 51.0173 369.62 61.4121 358.473 0.657366
