1 539.155 85.8289 547.508 96.9139 523.158 115.263 514.805 104.178 0.409568
1 526.692 71.7725 535.154 82.604 513.199 99.7571 504.737 88.9255 0.487993
1 389.619 323.003 379.396 331.581 359.916 308.366 370.14 299.788 0.504235
1 511.816 57.2262 519.705 68.4928 494.903 85.8595 487.014 74.5929 0.53366
1 338.894 231.483 327.662 240.908 306.212 215.345 317.444 205.92 0.556797
1 366.759 261.693 356.518 271.243 333.79 246.871 344.031 237.32 0.573284
1 476.626 12.1351 484.78 23.7798 458.249 42.357 450.095 30.7123 0.579374
1 341.782 109.322 330.889 119.479 308.366 95.3251 319.258 85.1679 0.580786
1 423.262 367.072 412.816 376.477 389.989 351.125 400.435 341.72 0.600496
1 486.221 28.217 493.782 39.4262 468.147 56.7169 460.586 45.5077 0.604805
1 496.326 43.1876 505.389 54.3794 482.613 72.8231 473.55 61.6313 0.609271
1 466.061 -5.69525 475.285 6.54463 448.275 26.8976 439.052 14.6577 0.625763
1 327.24 125.108 316.158 136.19 290.876 110.908 301.958 99.8263 0.625881
1 316.226 199.748 305.443 209.804 283.129 185.876 293.912 175.82 0.635519
