1 295.987 120.256 304.266 130.853 282.387 147.946 274.108 137.349 0.400151
1 148.675 354.599 138.408 363.214 119.018 340.106 129.285 331.492 0.478765
1 209.223 16.6902 217.836 26.5985 196.192 45.4127 187.579 35.5045 0.499211
1 98.577 263.735 87.0758 273.385 65.4974 247.669 76.9986 238.018 0.525338
1 270.434 90.3351 278.404 101.717 253.201 119.365 245.231 107.983 0.545
1 234.628 45.4117 242.728 56.9807 216.245 75.5248 208.144 63.9558 0.545209
1 286.125 104.128 294.509 114.86 271.366 132.942 262.981 122.21 0.552362
1 101.121 142.279 90.065 152.589 67.28 128.155 78.3356 117.845 0.571326
1 125.399 293.452 115.055 303.098 93.1048 279.559 103.449 269.913 0.582716
1 244.592 61.325 252.301 72.3348 226.938 90.0944 219.229 79.0845 0.611893
1 254.278 76.1414 263.798 87.0927 242.086 105.967 232.567 95.0152 0.617717
1 182.418 399.09 171.142 408.552 149.196 382.398 160.472 372.936 0.633798
1 75.0012 232.92 64.1237 243.064 41.7239 219.043 52.6014 208.9 0.638708
1 86.4241 158.171 75.1267 169.469 49.1509 143.493 60.4483 132.195 0.642129
1 223.92 27.6816 233.299 39.6856 206.935 60.2826 197.557 48.2786 0.670774
