1 299.16 325.845 307.509 336.924 283.172 355.263 274.823 344.184 0.373564
1 210.875 224.338 219.214 234.636 197.654 252.094 189.316 241.797 0.374018
1 288.222 311.986 295.9 322.952 272.381 339.42 264.703 328.454 0.455583
1 149.63 563.035 139.416 571.605 119.923 548.373 130.136 539.803 0.513502
1 271.819 297.217 279.719 308.499 254.9 325.877 247.001 314.595 0.523495
1 98.5804 472.039 87.0346 481.06 66.4958 454.771 78.0416 445.751 0.566033
1 236.637 252.069 244.819 263.754 218.267 282.346 210.085 270.661 0.567834
1 126.709 501.689 116.502 511.207 93.8079 486.871 104.015 477.353 0.579493
1 101.781 349.312 90.9094 359.449 68.3921 335.303 79.2636 325.165 0.587263
1 246.277 268.179 253.837 279.387 228.141 296.719 220.581 285.511 0.590302
1 256.318 283.179 265.39 294.381 242.633 312.809 233.562 301.607 0.6014
1 183.265 607.057 172.823 616.459 150.001 591.112 160.442 581.71 0.606731
1 87.2499 365.112 76.1564 376.206 50.8503 350.9 61.9438 339.806 0.623566
1 76.1458 440.541 65.4864 450.481 43.134 426.511 53.7934 416.571 0.641285
1 226.182 234.857 235.109 246.704 208.467 266.781 199.54 254.934 0.65533
