1 209.843 339.95 218.904 350.372 197.33 369.126 188.27 358.704 0.376468
1 287.397 428.503 295.277 439.756 271.284 456.556 263.405 445.303 0.446768
1 97.5895 587.525 86.5032 596.827 65.1003 571.32 76.1866 562.018 0.541476
1 101.311 465.265 90.3055 475.527 67.5243 451.097 78.5293 440.835 0.543273
1 245.099 383.863 252.593 394.974 226.673 412.458 219.179 401.347 0.554484
1 271.266 413.124 279.333 424.645 253.772 442.544 245.704 431.022 0.560622
1 235.24 368.039 243.112 379.281 217.301 397.354 209.429 386.112 0.576874
1 125.711 617.77 115.41 627.375 93.1013 603.452 103.402 593.847 0.58856
1 225.185 350.3 234.043 361.638 207.8 382.142 198.941 370.803 0.599458
1 255.63 399.232 264.394 410.055 241.781 428.366 233.017 417.544 0.616747
1 86.4969 481.045 75.1142 492.428 49.4841 466.798 60.8668 455.415 0.624452
1 75.4861 556.211 64.7007 566.269 42.0532 541.982 52.8385 531.925 0.641753
