1 391.826 585.839 381.012 594.913 361.025 571.094 371.839 562.02 0.367631
1 525.628 337.473 534.67 347.875 512.809 366.879 503.767 356.477 0.394856
1 451.197 250.04 460.084 260.263 437.902 279.546 429.015 269.323 0.404789
1 538.6 353.279 545.85 363.633 522.253 380.155 515.004 369.802 0.444272
1 340.347 495.538 329.273 504.83 308.519 480.096 319.592 470.804 0.475683
1 475.614 277.81 484.24 289.683 457.65 309.002 449.024 297.129 0.487853
1 511.296 323.634 519.6 335.493 493.977 353.435 485.673 341.576 0.525731
1 342.63 374.707 331.083 385.474 307.98 360.699 319.526 349.932 0.555167
1 485.354 294.33 493.343 304.931 468.075 323.972 460.087 313.37 0.573982
1 495.723 309.546 504.924 319.764 483.124 339.393 473.923 329.175 0.578599
1 367.35 524.688 357.03 534.312 335.362 511.075 345.682 501.452 0.58417
1 327.891 390.46 316.423 401.927 290.939 376.443 302.406 364.975 0.598173
1 463.986 261.332 473.644 272.443 448.507 294.295 438.848 283.184 0.621416
1 425.365 628.668 413.63 638.869 391.305 613.187 403.039 602.986 0.630587
1 317.584 464.462 306.232 474.684 284.079 450.08 295.431 439.859 0.636481
