1 537.752 443.266 545.3 454.046 521.84 470.472 514.292 459.693 0.275349
1 449.828 339.874 458.971 350.392 437.332 369.202 428.189 358.685 0.38061
1 527.399 428.484 535.304 439.774 511.281 456.595 503.376 445.305 0.473991
1 337.779 587.475 326.507 596.933 304.945 571.236 316.216 561.778 0.527711
1 341.315 465.246 330.283 475.533 307.481 451.081 318.513 440.794 0.53258
1 485.081 383.876 492.577 394.99 466.681 412.457 459.184 401.343 0.564021
1 511.282 413.117 519.356 424.647 493.808 442.536 485.734 431.006 0.573079
1 475.26 368.041 483.124 379.273 457.312 397.347 449.447 386.115 0.579086
1 365.772 617.792 355.431 627.435 333.088 603.475 343.429 593.832 0.583577
1 465.197 350.295 474.054 361.632 447.8 382.144 438.943 370.807 0.59754
1 495.637 399.197 504.426 410.05 481.785 428.384 472.996 417.531 0.615003
1 326.462 481.045 315.106 492.401 289.513 466.807 300.868 455.451 0.623209
1 315.473 556.213 304.696 566.263 282.056 541.985 292.833 531.935 0.633153
