1 292.419 112.352 281.269 123.501 253.601 95.8328 264.75 84.6834 0.376604
1 98.2271 356.7 97.0925 369.669 63.674 366.745 64.8086 353.776 0.491431
1 284.314 -5.77626 299.034 2.38311 282.165 32.8155 267.445 24.6561 0.507744
1 322.659 151.4 310.785 161.364 287.672 133.819 299.546 123.855 0.532458
1 120.158 345.861 116.144 359.859 87.1363 351.542 91.1504 337.543 0.550166
1 144.575 309.168 153.552 323.535 119.248 344.97 110.271 330.604 0.55538
1 248.561 390.951 256.141 401.776 230.213 419.931 222.633 409.106 0.568611
1 94.2231 409.402 104.031 421.514 77.4976 443.001 67.6894 430.888 0.59809
1 176.333 292.872 175.8 308.124 140.341 306.886 140.874 291.634 0.61054
1 236.433 264.913 245.837 277.394 217.682 298.61 208.278 286.129 0.624263
1 349.068 47.3968 345.23 62.7891 311.174 54.2978 315.011 38.9056 0.629995
1 227.406 373.45 235.979 385.693 207.435 405.681 198.861 393.437 0.630155
1 39.5209 466.897 47.4682 481.234 12.0986 500.84 4.15121 486.503 0.643194
1 360.705 69.7308 360.448 84.4308 327.455 83.8549 327.711 69.1549 0.655584
