1 372.037 641.69 360.985 652.742 336.581 628.337 347.632 617.286 0.298104
1 539.087 470.001 547.065 480.588 523.421 498.405 515.443 487.818 0.426908
1 451.143 367.416 460.048 377.66 437.481 397.276 428.577 387.033 0.446678
1 341.886 610.916 330.423 620.534 309.809 595.967 321.271 586.349 0.453144
1 511.059 440.343 519.781 451.506 496.125 469.988 487.404 458.825 0.494555
1 526.956 454.78 535.967 465.145 513.984 484.255 504.973 473.889 0.509976
1 476.909 395.342 485.264 407.274 458.267 426.178 449.912 414.246 0.512542
1 343.707 490.959 331.565 501.891 308.608 476.395 320.75 465.463 0.52253
1 497.248 426.927 506.072 437.824 483.161 456.377 474.337 445.48 0.602323
1 329.306 506.889 317.328 518.867 291.777 493.317 303.755 481.338 0.603663
1 486.046 411.499 494.254 422.391 469.099 441.347 460.892 430.455 0.619582
1 466.15 378.969 475.414 390.409 448.926 411.859 439.662 400.418 0.629391
1 319.325 580.365 308.059 590.871 285.419 566.592 296.684 556.086 0.64996
