1 643.996 250.261 651.179 262.703 623.551 278.654 616.368 266.212 0.31689
1 275.436 111.837 264.255 119.379 248.156 95.5125 259.338 87.9708 0.317631
1 466.454 257.521 455.758 264.736 440.757 242.497 451.454 235.282 0.428706
1 335.078 165.073 332.825 181.107 300.726 176.596 302.979 160.562 0.433412
1 623.463 348.085 609.51 354.591 596.387 326.449 610.34 319.943 0.495529
1 633.782 214.478 640.992 228.037 609.658 244.698 602.448 231.139 0.563892
1 526.528 308.306 536.947 318.726 513.011 342.662 502.591 332.243 0.579652
1 311.573 148.255 306.582 161.969 275.795 150.764 280.786 137.049 0.605463
1 581.097 210.291 582.357 224.695 548.763 227.634 547.503 213.23 0.618039
1 369.961 189.591 369.961 204.523 334.378 204.523 334.378 189.591 0.624865
1 546.366 316.94 556.834 326.702 533.255 351.988 522.786 342.226 0.64436
1 582.206 449.077 566.391 451.865 560.585 418.935 576.399 416.147 0.657979
1 298.959 122.417 298.726 135.78 266.146 135.212 266.379 121.849 0.661157
