1 111.087 3.80072 105.667 16.5687 76.2747 4.0923 81.6944 -8.67572 0.374363
1 345.671 255.321 343.498 269.042 313.209 264.245 315.382 250.523 0.419525
1 284.931 196.789 274.344 205.06 256.684 182.456 267.271 174.184 0.445308
1 475.22 344.66 464.387 351.967 449.352 329.678 460.185 322.371 0.466753
1 632.008 433.107 618.108 439.589 604.104 409.556 618.004 403.075 0.547194
1 535.27 392.867 546.488 404.483 521.856 428.269 510.639 416.653 0.551758
1 590.175 296.668 590.405 309.855 558.075 310.42 557.844 297.232 0.562354
1 607.316 317.581 612.101 332.305 578.945 343.078 574.161 328.354 0.562678
1 378.89 277.39 378.629 292.325 343.658 291.715 343.919 276.779 0.612885
1 321.657 236.931 316.137 250.595 285.026 238.025 290.547 224.361 0.616708
1 553.959 402.271 565.017 412.583 541.856 437.421 530.798 427.108 0.644298
1 588.898 533.441 573.083 536.515 566.537 502.837 582.352 499.763 0.653673
1 308.884 209.611 308.641 223.523 275.235 222.94 275.478 209.028 0.668974
