1 60.6997 588.194 60.1284 604.552 15.849 603.006 16.4203 586.647 0.252164
1 339.852 305.355 337.54 321.81 306.446 317.44 308.759 300.985 0.281462
1 43.7964 20.4882 34.2008 33.2219 9.33069 14.4809 18.9263 1.74717 0.313016
1 280.985 251.703 269.316 260.181 251.604 235.802 263.273 227.324 0.332763
1 104.456 56.509 99.0871 69.1569 70.6146 57.071 75.9833 44.4232 0.42077
1 470.801 398.363 460.037 405.623 445.307 383.785 456.071 376.524 0.509249
1 531.474 449.178 541.782 459.485 517.973 483.294 507.666 472.987 0.556595
1 585.507 350.913 586.698 364.524 553.716 367.41 552.525 353.799 0.556994
1 627.206 488.572 614.023 494.719 601.026 466.848 614.21 460.7 0.567639
1 610.597 369.327 616.058 383.554 582.802 396.32 577.341 382.094 0.586945
1 316.13 290.43 310.401 303.926 280.58 291.268 286.309 277.772 0.615903
1 585.583 589.467 569.682 592.271 563.92 559.595 579.822 556.792 0.622481
1 374.963 330.975 374.698 346.163 338.135 345.525 338.4 330.337 0.626922
1 551.394 457.953 562.095 468.287 537.717 493.532 527.015 483.198 0.662665
1 303.672 262.978 303.437 276.428 271.403 275.869 271.637 262.419 0.664058
