1 130.423 80.838 120.499 92.2538 95.4703 70.4966 105.394 59.0807 0.321476
1 616.198 502.34 627.27 514.213 601.363 538.371 590.291 526.498 0.444739
1 554.178 453.826 543.279 460.636 529.652 438.828 540.55 432.017 0.451336
1 365.394 307.918 355.153 315.919 337.307 293.078 347.548 285.076 0.459941
1 425.824 366.179 423.713 379.509 392.704 374.598 394.816 361.267 0.46175
1 191.978 115.621 186.691 128.076 157.447 115.663 162.734 103.208 0.568428
1 460.754 388.019 460.223 403.25 423.817 401.979 424.349 386.747 0.604925
1 633.776 512.294 644.705 522.486 621.857 546.988 610.928 536.796 0.624733
1 402.146 347.966 396.484 361.306 365.944 348.342 371.606 335.003 0.626412
1 389.41 319.776 389.167 333.647 355.95 333.067 356.192 319.196 0.67239
