1 59.8942 59.504 73.0757 70.9626 42.5039 106.131 29.3224 94.6729 0.275891
1 421.022 388.546 420.186 404.503 388.235 402.828 389.071 386.872 0.333239
1 125.597 104.736 114.961 117.87 88.7988 96.6838 99.4344 83.55 0.378361
1 362.065 335.64 350.852 343.786 333.451 319.837 344.664 311.69 0.465196
1 552.664 483.09 541.876 490.366 527.05 468.386 537.838 461.11 0.475422
1 186.744 139.562 181.758 152.551 152.846 141.452 157.832 128.463 0.531813
1 613.796 532.202 624.338 543.506 598.54 567.563 587.998 556.258 0.57311
1 632.596 542.187 643.343 552.564 619.108 577.66 608.362 567.282 0.575373
1 385.64 346.74 385.64 360.23 352.477 360.23 352.477 346.74 0.613435
1 455.942 414.401 455.942 429.356 420.753 429.356 420.753 414.401 0.622789
1 397.997 373.88 392.554 387.352 361.968 374.994 367.411 361.522 0.624954
