1 472.914 135.487 478.649 146.742 455.609 158.482 449.874 147.226 0.408003
1 502.148 438.951 507.633 448.451 485.099 461.461 479.614 451.961 0.435561
1 334.802 146.172 343.979 156.73 318.702 178.703 309.525 168.145 0.45236
1 494.246 187.554 501.857 198.837 475.695 216.484 468.084 205.2 0.511346
1 481.623 153.593 488.372 165.769 459.379 181.84 452.63 169.664 0.555257
1 267.821 50.4518 261.381 63.656 231.184 48.928 237.624 35.7238 0.556316
1 313.688 67.5319 309.487 80.4627 279.618 70.7577 283.819 57.8269 0.558425
1 552.951 400.488 540.699 407.279 524.592 378.222 536.844 371.43 0.577563
1 605.559 518.67 597.275 529.272 572.439 509.869 580.723 499.266 0.617108
1 537.247 417.836 542.821 429.79 514.763 442.873 509.189 430.919 0.627118
