1 479.719 286.743 485.694 298.469 463.403 309.827 457.428 298.101 0.362108
1 175.951 151.644 173.648 166.185 144.808 161.617 147.111 147.077 0.41187
1 585.315 126.268 592.596 141.197 556.492 158.806 549.211 143.877 0.420718
1 340.16 299.389 350.154 310.885 325.454 332.357 315.46 320.86 0.486373
1 504.352 590.786 509.851 601.578 484.837 614.323 479.338 603.531 0.48938
1 273.862 204.066 267.154 216.681 237.04 200.669 243.748 188.054 0.548091
1 501.668 336.437 509.422 348.377 481.944 366.221 474.19 354.282 0.556453
1 556.968 551.565 544.305 558.585 527.709 528.645 540.372 521.625 0.590965
1 320.284 220.165 315.975 232.679 286.459 222.516 290.768 210.001 0.591385
1 144.761 71.1968 144.006 85.5913 109.905 83.8041 110.659 69.4096 0.618777
1 488.508 304.331 494.972 317.017 466.22 331.666 459.757 318.981 0.650365
1 540.311 567.695 546.797 580.425 518.602 594.791 512.115 582.061 0.673029
