1 253.555 113.07 251.239 127.692 221.627 123.001 223.943 108.38 0.395771
1 558.264 249.473 564 260.73 540.646 272.629 534.91 261.373 0.416503
1 583.714 554.681 588.877 564.813 564.267 577.352 559.105 567.221 0.503941
1 418.663 261.149 428.494 272.865 402.422 294.742 392.591 283.026 0.507951
1 578.175 301.129 586.035 312.782 559.956 330.373 552.096 318.72 0.53425
1 351.745 165.176 345.34 178.307 314.96 163.49 321.364 150.359 0.555629
1 397.366 181.73 393.172 194.636 363.845 185.107 368.039 172.201 0.565067
1 618.384 532.553 624.753 545.053 596.977 559.206 590.608 546.705 0.600731
1 635.441 515.055 623.516 521.94 606.828 493.035 618.753 486.15 0.603456
1 221.879 32.7714 221.102 47.5932 186.645 45.7874 187.422 30.9656 0.630734
1 565.692 267.44 572.799 279.749 544.644 296.005 537.537 283.695 0.640365
