1 583.162 208.39 590.925 222.989 556.008 241.554 548.246 226.955 0.379082
1 174.827 232.219 172.534 246.699 142.582 241.954 144.875 227.475 0.387966
1 479.214 367.985 485.183 379.7 462.836 391.086 456.867 379.371 0.397845
1 556.819 632.636 544.769 639.876 527.438 611.032 539.488 603.792 0.513914
1 339.045 380.397 348.857 391.684 324.086 413.217 314.274 401.93 0.557838
1 501.3 418.76 508.69 431.058 480.599 447.937 473.209 435.639 0.558048
1 318.938 300.817 314.932 313.144 285.403 303.55 289.409 291.223 0.564164
1 272.944 284.051 266.716 296.819 236.401 282.034 242.628 269.265 0.591742
1 143.294 151.316 142.507 166.329 108.164 164.53 108.951 149.516 0.597506
1 487.824 385.544 494.266 398.188 465.195 413.001 458.753 400.357 0.647859
