1 409.482 616.675 390.875 634.644 337.451 579.322 356.059 561.353 0.387786
1 543.76 552.61 533.125 562.527 511.109 538.917 521.744 529 0.459826
1 177.017 353.801 165.325 365.492 140.033 340.2 151.724 328.508 0.512226
1 407.822 486.212 396.191 496.685 373.139 471.083 384.77 460.611 0.513677
1 28.1981 152.191 17.8741 161.819 -3.29913 139.113 7.02487 129.486 0.534742
1 515.598 587.733 504.927 598.404 480.457 573.934 491.128 563.263 0.542574
1 375.216 518.123 362.072 529.958 335.797 500.776 348.941 488.942 0.542755
1 171.951 313.464 162.769 323.311 139.931 302.013 149.112 292.167 0.549012
1 401.099 403.297 389.098 414.102 365.37 387.748 377.37 376.943 0.558592
1 484.166 593.514 472.514 603.291 451.177 577.863 462.829 568.086 0.583943
1 39.9259 49.5463 28.4848 59.1465 7.54646 34.1931 18.9875 24.5929 0.585305
1 390.345 352.218 379.483 363.081 354.484 338.082 365.346 327.22 0.613744
1 344.095 427.139 331.643 438.351 307.236 411.244 319.688 400.032 0.617695
1 391.496 434.207 380.162 444.776 356.706 419.622 368.04 409.053 0.622894
1 117.914 53.7343 107.231 63.6965 84.1744 38.9716 94.8574 29.0094 0.631283
1 303.58 562.804 291.802 572.687 270.604 547.424 282.382 537.541 0.646045
