1 266.896 512.196 257.181 522.613 233.741 500.755 243.456 490.337 0.491605
1 215.57 526.2 206.074 537.125 180.552 514.939 190.048 504.014 0.507137
1 398.254 595.555 387.835 607.541 361.656 584.783 372.075 572.797 0.540321
1 31.1113 369.424 18.5979 381.938 -8.02145 355.318 4.49194 342.805 0.544437
1 113.067 369.798 102.249 381.399 76.2105 357.119 87.0288 345.517 0.558061
1 94.4895 426.868 83.849 436.791 61.6649 413.001 72.3054 403.079 0.571526
1 322.803 636.02 310.619 648.204 285.999 623.584 298.183 611.4 0.574898
1 77.5648 521.001 67.2775 532.835 40.6097 509.653 50.897 497.819 0.587803
1 42.961 459.485 34.1112 468.975 11.2043 447.614 20.0541 438.124 0.608173
1 202.009 547.186 192.029 557.888 167.95 535.434 177.93 524.732 0.62399
1 317.818 594.435 307.558 605.438 282.801 582.351 293.061 571.349 0.628658
1 90.5874 386.705 79.7854 397.507 55.5637 373.285 66.3657 362.483 0.639005
1 77.1278 302.688 66.1244 313.692 40.4439 288.011 51.4473 277.008 0.645073
