1 539.404 87.5523 547.606 98.4363 522.93 117.031 514.728 106.147 0.451363
1 528.744 73.8043 537.118 85.3304 512.96 102.882 504.586 91.3558 0.459074
1 339.446 234.198 327.554 243.827 306.293 217.572 318.185 207.943 0.485538
1 342.366 111.914 331.303 121.875 307.967 95.9576 319.03 85.9969 0.525891
1 389.483 324.098 380.1 332.848 360.017 311.312 369.401 302.562 0.554642
1 366.568 263.427 356.43 272.88 333.589 248.385 343.726 238.932 0.562749
1 512.728 60.1448 520.751 71.6038 495.789 89.0829 487.765 77.6239 0.568669
1 477.039 14.7489 484.841 26.3159 458.465 44.107 450.663 32.54 0.586961
1 327.387 127.141 316.959 137.569 292.355 112.965 302.783 102.538 0.594569
1 422.858 370.287 412.047 379.357 390.126 353.232 400.936 344.161 0.604248
1 486.165 30.0542 493.92 41.5522 468.489 58.7057 460.733 47.2078 0.616597
1 496.312 45.562 505.248 56.5971 482.679 74.873 473.743 63.8379 0.621198
1 467.289 -2.90867 476 9.53244 448.468 28.8107 439.756 16.3695 0.634629
1 316.764 203.009 306.257 212.807 283.965 188.902 294.472 179.104 0.643146
