1 208.254 447.976 217.043 458.087 195.325 476.965 186.537 466.855 0.395387
1 295.721 551.041 303.704 561.636 280.879 578.835 272.896 568.241 0.410866
1 234.025 476.474 242.038 488.354 215.088 506.533 207.075 494.653 0.508737
1 99.898 572.826 88.8212 583.156 66.1784 558.874 77.2551 548.545 0.535708
1 284.82 535.319 293.391 546.289 269.783 564.734 261.212 553.764 0.546909
1 269.335 521.482 277.332 532.903 252.02 550.627 244.023 539.206 0.605035
1 243.782 492.571 251.435 503.501 226.174 521.189 218.521 510.259 0.605727
1 253.832 507.515 262.866 518.67 240.364 536.892 231.331 525.736 0.60978
1 84.9641 589.142 73.7244 600.381 48.07 574.727 59.3097 563.487 0.644015
1 222.938 459.082 232.12 470.834 205.824 491.379 196.642 479.627 0.666199
