1 223.849 -13.4032 232.914 -1.37401 207.584 17.7135 198.519 5.68432 0.325225
1 298.551 77.5831 306.576 89.0437 281.848 106.359 273.823 94.8983 0.346387
1 420.995 617.086 408.696 627.407 385.363 599.6 397.663 589.28 0.346402
1 286.206 62.2292 295.035 73.5301 271.638 91.8096 262.809 80.5087 0.458835
1 148.835 314.468 138.608 323.05 119.376 300.13 129.603 291.549 0.512841
1 98.0372 222.835 86.3836 232.272 65.2092 206.124 76.8628 196.687 0.553428
1 100.633 101.607 89.1929 111.206 67.9196 85.8534 79.3595 76.2542 0.561417
1 245.363 19.9873 252.763 30.9585 227.665 47.8876 220.265 36.9164 0.562538
1 271.317 48.6942 279.116 59.833 253.845 77.528 246.046 66.3892 0.578876
1 256.108 35.0878 264.654 46.4288 241.125 64.1587 232.579 52.8178 0.580057
1 125.665 252.702 115.263 262.403 92.7336 238.243 103.136 228.543 0.590665
1 236.069 3.28963 244.049 15.1212 217.228 33.2123 209.248 21.3807 0.592773
1 86.2528 116.276 75.1737 127.355 50.1031 102.285 61.1822 91.2055 0.621428
1 182.798 358.379 172.439 368.04 149.098 343.01 159.458 333.35 0.623995
1 75.535 191.352 64.774 201.387 42.1684 177.146 52.9295 167.111 0.650578
