1 295.719 310.998 303.737 321.639 280.89 338.855 272.872 328.215 0.369008
1 208.248 208.014 216.999 218.08 195.33 236.917 186.579 226.851 0.387393
1 97.0746 454.864 85.3195 464.383 64.3837 438.53 76.1388 429.011 0.499832
1 234.028 236.457 242.049 248.349 215.087 266.535 207.065 254.643 0.512796
1 99.8883 332.833 88.8083 343.165 66.176 318.895 77.256 308.563 0.519205
1 284.798 295.298 293.398 306.305 269.76 324.772 261.161 313.765 0.523877
1 148.304 546.225 137.701 555.122 117.424 530.957 128.027 522.06 0.545885
1 74.161 424.217 63.2472 434.394 40.8519 410.378 51.7657 400.201 0.596323
1 124.791 484.431 114.764 494.458 91.9046 471.598 101.932 461.571 0.599536
1 243.786 252.555 251.445 263.494 226.185 281.181 218.525 270.243 0.602103
1 269.337 281.462 277.344 292.896 252.005 310.639 243.999 299.204 0.603182
1 253.837 267.487 262.903 278.683 240.344 296.951 231.278 285.755 0.609953
1 84.9734 349.13 73.7272 360.376 48.0625 334.711 59.3086 323.465 0.642467
1 181.616 590.95 170.508 600.269 148.521 574.066 159.628 564.746 0.650589
1 222.941 219.089 232.117 230.833 205.831 251.369 196.656 239.625 0.661268
