1 296.988 433.287 304.98 444.702 281.22 461.339 273.228 449.924 0.300014
1 209.784 331.348 218.347 341.922 196.352 359.733 187.789 349.159 0.399482
1 285.073 418.462 293.471 429.212 270.844 446.89 262.446 436.141 0.455432
1 97.2108 579.122 85.2721 588.79 63.8042 562.279 75.7428 552.612 0.516678
1 270.485 404.551 278.533 416.045 252.897 433.996 244.848 422.501 0.537902
1 100.284 456.162 89.2071 466.135 66.5208 440.94 77.5975 430.966 0.544513
1 234.576 359.536 242.409 370.722 216.586 388.804 208.753 377.617 0.554495
1 244.4 375.52 251.692 386.332 226.017 403.651 218.724 392.839 0.55957
1 254.387 391.171 263.001 402.196 240.849 419.503 232.235 408.477 0.600715
1 124.852 608.134 114.582 617.712 92.4102 593.936 102.681 584.358 0.601241
1 85.694 471.827 74.2986 483.222 48.6163 457.54 60.0116 446.144 0.614062
1 74.8624 547.45 63.9904 557.588 41.3468 533.306 52.2188 523.168 0.63786
1 223.379 341.703 232.636 353.552 206.817 373.724 197.56 361.875 0.645782
