1 296.771 317.189 305.687 328.601 282.256 346.907 273.34 335.495 0.331589
1 209.175 215.83 217.711 225.65 196.613 243.99 188.077 234.17 0.394495
1 286.205 302.189 295.058 313.521 271.638 331.819 262.785 320.487 0.455709
1 148.871 554.465 138.606 563.078 119.326 540.101 129.591 531.488 0.518265
1 98.0176 462.847 86.4038 472.251 65.2422 446.119 76.8559 436.714 0.556456
1 100.607 341.623 89.1978 351.196 67.959 325.884 79.3677 316.311 0.563793
1 245.37 259.952 252.791 270.954 227.658 287.906 220.237 276.904 0.56482
1 271.312 288.7 279.11 299.836 253.834 317.535 246.036 306.398 0.573808
1 256.104 275.078 264.662 286.435 241.117 304.177 232.559 292.82 0.581921
1 235.981 243.479 243.928 255.261 217.124 273.341 209.177 261.558 0.588559
1 125.68 492.722 115.284 502.416 92.7389 478.239 103.135 468.545 0.592875
1 86.2663 356.279 75.1773 367.368 50.0921 342.283 61.181 331.194 0.624504
1 182.808 598.38 172.444 608.044 149.094 583.005 159.458 573.34 0.627972
1 224.5 226.09 233.834 238.037 207.833 258.352 198.499 246.405 0.632054
1 75.5273 431.36 64.7786 441.383 42.1662 417.134 52.9149 407.111 0.651721
