1 295.839 228.49 303.701 238.923 281.094 255.958 273.233 245.525 0.317192
1 209.631 124.646 218.188 135.214 195.342 153.714 186.784 143.147 0.390866
1 235.14 153.157 242.924 165.144 216.24 182.473 208.456 170.486 0.4609
1 148.387 461.538 138.147 470.13 118.797 447.069 129.036 438.477 0.467978
1 284.112 212.217 293.441 222.949 270.902 242.542 261.573 231.81 0.476618
1 100.291 250.551 88.2209 260.679 66.8801 235.247 78.9503 225.118 0.524966
1 254.447 184.348 262.981 195.271 240.577 212.775 232.043 201.851 0.526731
1 97.3668 371.12 86.0665 380.602 65.0621 355.57 76.3624 346.088 0.554983
1 270.003 197.709 278.331 209.602 252.055 228.001 243.727 216.108 0.561594
1 223.362 136.675 232.361 148.194 206.176 168.651 197.177 157.133 0.56343
1 125.196 401.006 114.829 410.673 92.8129 387.064 103.18 377.396 0.581977
1 85.0133 265.51 73.7036 276.82 48.5717 251.688 59.8814 240.378 0.600751
1 244.034 169.681 251.503 180.755 225.655 198.19 218.185 187.116 0.613856
1 182.507 506.288 171.114 515.848 149.145 489.667 160.538 480.107 0.628437
1 74.9791 340.327 64.1531 350.422 41.8309 326.484 52.6569 316.389 0.661306
