1 422.629 628.555 409.864 640.048 386.414 614.004 399.178 602.511 0.310042
1 299.399 87.5022 307.644 98.4442 282.927 117.07 274.682 106.128 0.422376
1 288.74 73.7966 297.122 85.3347 272.973 102.88 264.59 91.3421 0.450079
1 99.4264 234.188 87.5292 243.823 66.2644 217.563 78.1616 207.929 0.499621
1 102.368 112.076 91.6473 122.074 68.4164 97.162 79.1376 87.1643 0.532729
1 149.333 324.347 139.838 332.896 120.171 311.054 129.667 302.505 0.563104
1 272.724 60.1082 280.768 71.5973 255.748 89.1171 247.703 77.628 0.566794
1 126.446 264.009 116.368 273.406 93.822 249.229 103.899 239.831 0.567859
1 237.019 14.7323 244.841 26.3287 218.426 44.1457 210.604 32.5493 0.592486
1 87.4177 127.147 76.9712 137.593 52.327 112.949 62.7735 102.503 0.596191
1 182.873 370.297 172.056 379.373 150.119 353.23 160.936 344.153 0.602722
1 246.185 30.0338 253.944 41.537 228.472 58.7181 220.713 47.2148 0.614664
1 256.296 45.59 265.227 56.6189 242.683 74.8742 233.752 63.8453 0.624159
1 227.253 -2.87978 235.964 9.56109 208.465 28.8163 199.753 16.3755 0.635944
1 76.7706 203.006 66.2609 212.806 43.9745 188.907 54.4841 179.107 0.652916
