1 208.166 8.01231 216.804 17.9492 195.209 36.7219 186.571 26.785 0.376772
1 295.66 111.124 303.625 121.695 280.825 138.876 272.86 128.305 0.414182
1 97.0376 254.799 85.2026 264.383 64.2789 238.544 76.1139 228.96 0.505608
1 284.74 95.1731 293.486 106.368 269.719 124.938 260.972 113.742 0.522209
1 233.824 36.858 241.584 48.3627 214.78 66.4425 207.02 54.9379 0.525851
1 148.359 346.229 137.682 355.188 117.362 330.972 128.039 322.013 0.530826
1 99.8534 132.775 88.7345 143.144 66.0835 118.854 77.2023 108.485 0.544962
1 243.751 52.5957 251.375 63.4847 226.162 81.1391 218.537 70.25 0.577792
1 253.817 67.5226 262.898 78.736 240.275 97.0555 231.195 85.8421 0.595232
1 74.1677 224.281 63.269 234.444 40.8623 210.416 51.761 200.252 0.59755
1 124.776 284.358 114.731 294.403 91.8626 271.534 101.908 261.489 0.607713
1 269.157 81.5654 277.187 93.0346 251.834 110.787 243.804 99.3177 0.609257
1 181.679 390.899 170.494 400.284 148.462 374.026 159.647 364.641 0.637034
1 84.741 148.931 73.5453 160.127 48.2197 134.801 59.4154 123.606 0.646804
1 222.928 19.0684 232.132 30.8488 205.839 51.3915 196.635 39.6111 0.660384
