1 616.642 358.779 606.275 369.145 584.645 347.515 595.012 337.149 0.321433
1 358.048 505.723 342.696 511.009 330.449 475.439 345.801 470.153 0.391381
1 645.77 356.17 638.384 367.12 610.161 348.084 617.547 337.134 0.433505
1 535.017 253.551 537.327 268.137 503.977 273.419 501.667 258.833 0.491007
1 364.821 586.184 380.925 587.593 377.849 622.762 361.744 621.353 0.50052
1 303.144 549.856 312.501 561.833 287.517 581.354 278.159 569.376 0.534275
1 369.154 550.109 356.845 554.108 347.244 524.558 359.553 520.559 0.54946
1 522.217 231.188 524.004 243.903 491.407 248.484 489.62 235.769 0.555506
1 343.961 458.072 328.505 461.077 321.916 427.177 337.371 424.173 0.556982
1 585.483 349.146 586.043 365.187 546.716 366.56 546.155 350.519 0.593279
1 288.499 516.909 278.289 528.654 251.909 505.722 262.119 493.977 0.594305
1 479.171 344.042 482.084 359.027 447.937 365.665 445.024 350.679 0.621271
1 287.618 484.376 280.569 497.093 252.119 481.323 259.168 468.607 0.624204
1 549.361 374.057 541.496 385.716 513.27 366.677 521.134 355.017 0.640722
