1 498.131 123.926 483.178 129.075 472.039 96.7238 486.992 91.575 0.257872
1 535.513 200.346 522.808 206.271 509.371 177.455 522.076 171.531 0.427466
1 537.311 214.981 553.745 219.385 543.362 258.135 526.928 253.731 0.460926
1 506.707 214.896 493.297 221.436 478.172 190.424 491.581 183.884 0.500178
1 365.914 52.3218 370.793 65.7255 339.904 76.9679 335.026 63.5642 0.521747
1 616.577 363.74 603.153 371.182 585.748 339.784 599.173 332.343 0.558558
1 514.914 162.398 502.903 167.999 489.629 139.532 501.639 133.931 0.581663
1 595.26 436.736 583.125 442.655 569.108 413.916 581.243 407.997 0.582266
1 347.651 183.45 333.939 189.844 319.868 159.669 333.58 153.275 0.626474
1 365.467 168.695 350.602 175.945 334.169 142.252 349.034 135.002 0.628365
1 593.769 382.466 579.571 389.086 564.731 357.262 578.929 350.641 0.630316
