1 129.587 290.001 141.415 301.423 113.292 330.546 101.464 319.123 0.423962
1 131.247 154.253 145.803 155.015 143.972 189.952 129.416 189.189 0.454613
1 91.9301 240.51 105.867 241.729 103.002 274.48 89.0649 273.26 0.494654
1 124.269 244.499 137.557 245.661 134.95 275.453 121.663 274.29 0.521459
1 106.573 422.719 121.471 424.022 118.323 460.006 103.425 458.702 0.529704
1 52.8271 479.184 65.2954 480.274 62.7224 509.684 50.254 508.593 0.582583
1 94.7752 557.405 110.287 558.762 107.258 593.375 91.747 592.018 0.598636
1 79.145 426.745 94.0161 428.835 89.1214 463.662 74.2503 461.572 0.60035
1 127.071 200.679 141.342 202.685 136.72 235.575 122.448 233.57 0.613819
1 66.7142 61.4762 64.2833 75.2622 31.8423 69.542 34.2732 55.756 0.631
