1 607.851 442.009 619.814 453.561 592.494 481.852 580.531 470.299 0.401872
1 610.144 306.99 624.826 307.76 622.987 342.855 608.305 342.086 0.443715
1 570.884 392.349 585.509 393.629 582.55 427.46 567.924 426.18 0.487202
1 603.581 396.663 616.991 397.836 614.303 428.567 600.893 427.393 0.505061
1 584.915 575.061 600.203 576.399 597.113 611.714 581.825 610.376 0.556587
1 471.488 275.481 487.835 276.911 484.68 312.974 468.333 311.544 0.568164
1 567.276 67.4792 566.487 82.5433 533.945 80.8378 534.735 65.7737 0.594066
1 451.577 282.59 466.066 284.626 461.387 317.917 446.898 315.88 0.603236
1 558.683 578.965 573.687 581.342 568.225 615.829 553.221 613.452 0.608152
1 605.077 353.66 619.78 354.947 616.969 387.067 602.267 385.78 0.615103
1 546.088 213.794 543.614 227.822 511.489 222.157 513.963 208.13 0.644156
