1 367.456 459.552 379.397 471.083 352.093 499.357 340.152 487.826 0.349313
1 370.47 324.395 384.38 324.88 383.183 359.16 369.272 358.675 0.442786
1 363.79 414.14 376.851 415.283 374.163 446.018 361.101 444.875 0.454802
1 331.461 409.93 345.248 411.136 342.398 443.709 328.611 442.502 0.550029
1 231.301 293.396 247.518 294.815 244.367 330.826 228.15 329.407 0.559776
1 211.598 299.93 225.983 301.952 221.305 335.24 206.92 333.218 0.580633
1 344.959 593.248 359.87 594.029 358.024 629.256 343.113 628.475 0.595235
1 326.769 83.893 326.509 98.795 293.793 98.2239 294.053 83.3219 0.595425
1 365.225 371.166 379.633 372.426 376.841 404.341 362.433 403.08 0.601894
1 318.99 597.167 334.061 599.555 328.489 634.733 313.418 632.346 0.608833
1 306.116 231.273 303.391 245.292 270.993 238.994 273.718 224.975 0.657475
