1 162.243 325.282 176.488 327.539 171.032 361.989 156.786 359.733 0.331431
1 143.604 412.366 157.101 415.482 150.008 446.206 136.511 443.09 0.490903
1 142.294 458.536 152.49 471.586 119.739 497.173 109.544 484.124 0.504158
1 112 403.009 126.112 406.009 119.007 439.439 104.894 436.439 0.527594
1 100.2 586.309 114.96 589.178 107.989 625.042 93.2285 622.172 0.581974
1 73.0219 586.713 87.6184 590.899 77.8146 625.089 63.2181 620.903 0.591923
1 154.89 82.1916 152.026 96.9267 119.805 90.6636 122.669 75.9284 0.594697
1 112.683 224.427 108.393 237.633 77.5132 227.599 81.8041 214.393 0.598116
1 31.9915 274.072 47.1851 278.429 37.0545 313.758 21.861 309.401 0.619733
1 151.601 370.445 165.676 373.695 158.381 405.291 144.306 402.042 0.647127
1 9.71913 279.143 23.1117 282.983 13.9062 315.086 0.513698 311.246 0.647484
