1 306.114 102.009 293.888 107.71 280.754 79.5445 292.981 73.8434 0.389878
1 277.28 114.607 264.267 120.954 249.74 91.17 262.753 84.8229 0.395264
1 306.987 118.22 323.487 122.951 312.432 161.505 295.932 156.774 0.477328
1 354.929 342.137 343.015 346.95 331.622 318.751 343.536 313.937 0.583297
1 288.338 64.0526 275.404 70.0838 261.859 41.0365 274.793 35.0054 0.61463
1 137.26 64.0228 122.089 70.4623 107.759 36.7017 122.93 30.2622 0.618184
1 118.917 79.3566 105.138 84.646 93.139 53.3876 106.918 48.0981 0.626963
1 357.159 288.152 342.727 294.278 329.044 262.044 343.476 255.918 0.636671
1 380.658 270.691 366.542 277.575 350.845 245.392 364.961 238.507 0.640363
1 435.234 393.697 421.226 400.229 406.487 368.621 420.495 362.089 0.644035
