1 38.1637 -12.276 46.4507 0.98589 18.1026 18.6998 9.81558 5.43784 0.325623
1 45.3079 8.82922 51.0828 21.2135 25.3357 33.2195 19.5608 20.8353 0.377382
1 114.521 169.29 120.945 181.898 95.923 194.647 89.499 182.039 0.468807
1 90.4766 120.65 96.3042 133.148 68.7652 145.989 62.9376 133.492 0.523545
1 143.079 245.58 150.013 259.19 121.494 273.721 114.56 260.111 0.548806
1 131.457 203.453 138.449 217.789 106.169 233.533 99.1766 219.197 0.596268
1 61.7106 49.2486 68.6585 63.4938 37.4131 78.7332 30.4652 64.488 0.609659
1 68.1245 65.6973 75.3636 78.757 46.889 94.5408 39.6498 81.481 0.629238
1 105.602 150.965 112.445 164.395 83.2472 179.272 76.4042 165.842 0.656826
1 85.5077 103.972 91.5958 117.646 60.4976 131.492 54.4095 117.818 0.659393
1 49.184 26.1454 54.877 38.932 28.4081 50.7168 22.7151 37.9301 0.668456
1 98.7385 134.559 105.308 147.453 77.5872 161.578 71.0174 148.684 0.680493
