1 306.864 53.9044 292.674 58.7903 281.25 25.6127 295.44 20.7267 0.397813
1 328.463 153.172 343.778 159.673 328.459 195.764 313.144 189.263 0.451358
1 328.958 137.747 315.682 141.057 308.259 111.285 321.535 107.975 0.508178
1 345.383 381.939 332.903 385.283 325.096 356.146 337.576 352.802 0.517792
1 299.177 145.643 285.186 150.189 275.32 119.826 289.311 115.28 0.546407
1 167.871 76.7422 152.028 81.5861 141.338 46.6206 157.181 41.7768 0.609091
1 354.322 329.038 339.241 332.798 330.875 299.245 345.956 295.485 0.636403
1 380.122 314.81 365.465 319.572 354.345 285.347 369.001 280.585 0.637045
1 417.876 444.154 402.644 448.811 392.395 415.288 407.627 410.63 0.63829
1 146.493 89.4359 132.85 92.8376 124.844 60.7296 138.488 57.3279 0.643376
1 317.466 97.4439 302.983 101.872 293.618 71.2387 308.1 66.811 0.652604
