1 378.802 306.492 393.798 308.599 388.813 344.068 373.818 341.961 0.31815
1 366.371 395.349 381.365 396.661 378.536 428.99 363.543 427.678 0.418477
1 371.576 442.055 383.1 453.989 353.789 482.295 342.264 470.361 0.448884
1 219.614 277.724 233.707 280.463 227.364 313.098 213.27 310.358 0.46301
1 335.495 390.626 350.432 392.725 345.738 426.13 330.801 424.031 0.486554
1 240.459 271.448 256.501 273.703 251.431 309.783 235.389 307.528 0.581005
1 343.806 574.322 358.949 575.647 355.852 611.039 340.709 609.714 0.587392
1 342.932 66.5938 342.136 81.7835 309.533 80.0749 310.329 64.8852 0.591687
1 371.798 353.909 385.985 355.903 381.528 387.62 367.34 385.626 0.609911
1 316.721 212.615 313.767 226.514 281.634 219.684 284.588 205.785 0.648381
1 317.49 577.453 332.429 580.357 325.713 614.908 310.775 612.004 0.651385
