1 609.573 289.82 621.566 301.401 593.32 330.651 581.327 319.07 0.415052
1 611.21 154.187 625.708 154.947 623.874 189.929 609.377 189.17 0.445512
1 571.481 240.133 586.103 241.412 583.193 274.673 568.571 273.393 0.473151
1 604.122 244.347 617.713 245.536 615.086 275.572 601.494 274.383 0.514038
1 586.56 422.725 601.484 424.031 598.336 460.015 583.411 458.71 0.52987
1 471.959 123.445 488.21 124.866 485.093 160.491 468.842 159.069 0.551451
1 532.817 479.164 545.317 480.258 542.74 509.711 530.24 508.618 0.570668
1 574.772 557.397 590.303 558.756 587.273 593.39 571.742 592.031 0.597611
1 559.134 426.731 574.024 428.824 569.127 463.67 554.237 461.577 0.598041
1 452.139 130.682 466.514 132.703 461.852 165.877 447.477 163.856 0.604094
1 606.694 200.292 621.638 202.393 616.976 235.57 602.031 233.47 0.61267
1 546.723 61.468 544.288 75.2795 511.882 69.5655 514.317 55.754 0.632555
