1 129.274 329.383 140.86 340.97 112.607 369.223 101.021 357.637 0.447679
1 91.5413 279.968 105.196 281.163 102.34 313.816 88.6845 312.621 0.451555
1 104.777 461.112 119.731 461.895 117.895 496.932 102.941 496.148 0.465212
1 130.402 193.232 144.495 193.724 143.278 228.592 129.184 228.1 0.476064
1 65.9943 101.097 63.3444 114.73 30.7319 108.391 33.3818 94.7582 0.481517
1 124.151 284.418 136.742 285.52 134.178 314.823 121.587 313.721 0.505662
1 52.5728 518.32 64.8407 519.393 62.303 548.4 50.0351 547.326 0.592703
1 94.7717 596.358 109.833 597.676 106.845 631.831 91.7835 630.513 0.609824
1 126.483 239.739 140.772 241.747 136.165 274.526 121.877 272.518 0.614767
1 78.7438 465.596 93.5732 467.68 88.6629 502.619 73.8335 500.535 0.621376
