1 370.868 453.118 384.911 453.854 383.066 489.065 369.023 488.329 0.349635
1 210.624 430.006 224.823 432.002 220.163 465.165 205.964 463.169 0.45714
1 368.798 589.847 380.773 601.41 352.588 630.597 340.613 619.034 0.4796
1 363.111 543.508 376.608 544.689 374.024 574.226 360.527 573.045 0.488469
1 330.906 540.586 344.688 541.55 342.469 573.284 328.687 572.32 0.565459
1 298.873 26.3083 298.873 40.6916 264.591 40.6916 264.591 26.3083 0.572532
1 326.509 213.946 326.251 228.724 293.423 228.151 293.681 213.373 0.575979
1 231.249 423.363 247.351 424.772 244.204 460.744 228.102 459.335 0.588039
1 365.99 500.015 380.392 502.039 375.745 535.109 361.342 533.085 0.595231
1 305.992 360.549 303.778 374.53 271.303 369.387 273.517 355.406 0.630987
