1 375.839 9.96635 390.051 10.4627 388.815 45.8638 374.602 45.3675 0.397184
1 213.082 -12.5665 227.143 -10.3395 221.948 22.4588 207.888 20.2319 0.41533
1 338.229 421.953 353.399 423.28 350.379 457.802 335.208 456.475 0.475018
1 373.017 149.705 385.098 161.372 357.176 190.286 345.095 178.62 0.476148
1 367.476 102.27 381.543 103.501 378.853 134.253 364.786 133.022 0.51044
1 335.215 98.6307 349.26 99.8595 346.412 132.408 332.367 131.18 0.513398
1 294.917 341.168 307.967 342.309 305.307 372.721 292.256 371.579 0.534776
1 348.965 283.721 364.078 284.513 362.177 320.778 347.065 319.986 0.583266
1 322.108 288.461 337.37 290.606 332.313 326.587 317.051 324.442 0.589864
1 371.285 57.5835 385.922 59.6405 381.216 93.1259 366.579 91.0689 0.609314
