1 337.543 620.977 353.307 622.356 350.576 653.574 334.812 652.195 0.251935
1 375.695 210.07 389.991 210.569 388.755 245.96 374.459 245.46 0.434888
1 373.132 349.506 385.278 361.235 357.246 390.262 345.101 378.533 0.500352
1 367.422 302.202 381.597 303.442 378.911 334.143 364.736 332.903 0.508442
1 335.237 298.683 349.255 299.909 346.406 332.473 332.388 331.247 0.529251
1 294.954 541.247 307.974 542.386 305.32 572.723 292.3 571.584 0.546326
1 233.675 179.204 249.789 180.614 246.63 216.729 230.515 215.319 0.555159
1 349.009 483.763 364.051 484.551 362.158 520.683 347.115 519.894 0.58811
1 322.129 488.495 337.405 490.642 332.339 526.686 317.063 524.539 0.594334
1 371.128 257.506 386.015 259.598 381.297 293.169 366.41 291.076 0.603958
1 212.637 186.246 227.391 188.32 222.623 222.245 207.869 220.171 0.61909
1 308.886 115.563 306.401 129.659 273.802 123.911 276.287 109.815 0.641697
