1 -5.39871 176.067 10.8112 176.916 8.8337 214.65 -7.37625 213.8 0.389034
1 154.804 243.853 139.721 244.643 137.813 208.24 152.896 207.449 0.423089
1 131.682 301.733 145.755 302.964 143.037 334.023 128.965 332.791 0.528285
1 113.083 486.53 128.409 487.871 125.15 525.128 109.824 523.787 0.539927
1 137.563 349.756 149.949 361.717 120.81 391.891 108.424 379.929 0.549231
1 98.6358 298.137 112.777 299.374 109.921 332.014 95.7802 330.777 0.553239
1 57.229 545.735 70.6533 546.909 67.9499 577.809 54.5256 576.635 0.562744
1 84.8123 491.34 100.481 493.542 95.3889 529.775 79.7201 527.573 0.583285
1 72.1216 110.968 69.244 125.773 36.0524 119.321 38.93 104.517 0.592994
1 133.963 255.51 149.567 256.875 146.509 291.829 130.905 290.463 0.598928
