1 610.917 213.338 625.021 214.077 623.19 249.021 609.086 248.282 0.389737
1 574.382 615.917 589.786 617.264 586.845 650.889 571.44 649.541 0.418772
1 451.611 190.875 465.945 192.89 461.233 226.419 446.898 224.404 0.444613
1 603.505 303.735 616.896 304.907 614.307 334.503 600.915 333.332 0.459524
1 609.341 350.537 620.866 362.471 592.104 390.247 580.579 378.312 0.489684
1 571.335 300.606 584.878 301.791 582.093 333.626 568.55 332.441 0.555054
1 531.957 539.056 544.667 540.168 542.077 569.772 529.367 568.66 0.576076
1 471.437 183.733 487.559 185.144 484.428 220.93 468.306 219.519 0.587217
1 605.146 260.435 619.708 261.709 616.795 295.007 602.233 293.733 0.590848
1 585.224 481.688 600.122 482.992 597.036 518.263 582.138 516.96 0.595265
1 558.707 486.077 573.68 488.448 568.058 523.943 553.086 521.571 0.631813
1 546.181 121.433 543.483 135.312 511.317 129.059 514.014 115.181 0.634814
