1 609.62 569.37 621.176 581.336 592.412 609.113 580.856 597.146 0.394472
1 571.462 519.95 585.339 521.164 582.47 553.951 568.593 552.737 0.440366
1 610.287 433.193 624.57 433.692 623.347 468.696 609.065 468.197 0.476569
1 546.032 341.087 543.375 354.755 510.779 348.419 513.436 334.751 0.483216
1 603.985 524.229 616.897 525.358 614.31 554.924 601.398 553.794 0.50778
1 471.405 402.756 487.371 404.153 484.244 439.901 468.278 438.505 0.577641
1 566.359 192.619 566.103 207.287 533.353 206.715 533.609 192.047 0.579424
1 451.429 409.818 465.731 411.828 461.056 445.091 446.755 443.081 0.607721
1 606.412 479.657 620.905 481.694 616.28 514.604 601.787 512.568 0.614184
1 537.565 4.81406 538.062 19.0648 504.39 20.2407 503.892 5.98992 0.622815
