1 454.249 -15.3441 468.637 -12.5475 462.251 20.3055 447.863 17.5088 0.358063
1 619.535 7.18325 634.431 7.70341 633.149 44.413 618.253 43.8928 0.3607
1 611.733 101.829 625.718 103.053 623.006 134.045 609.022 132.821 0.514155
1 593.057 286.153 608.492 287.504 605.207 325.05 589.772 323.7 0.526112
1 617.245 149.876 629.774 161.975 600.702 192.08 588.173 179.981 0.532772
1 578.19 97.6988 593.038 98.9978 590.148 132.026 575.301 130.727 0.536486
1 537.219 345.8 550.682 346.978 547.976 377.91 534.512 376.732 0.544753
1 564.827 291.198 580.489 293.399 575.376 329.778 559.714 327.577 0.592003
1 614.946 55.2573 630.387 57.4274 625.516 92.0878 610.075 89.9177 0.604361
1 581.047 427.084 597.209 428.498 594.043 464.683 577.881 463.269 0.620301
