1 131.608 212.518 146.167 213.281 144.337 248.192 129.778 247.429 0.412294
1 95.2314 616.485 110.508 617.822 107.583 651.259 92.306 649.923 0.415403
1 124.193 303.419 137.674 304.598 135.058 334.497 121.577 333.318 0.507835
1 129.762 350.019 141.6 361.45 113.967 390.065 102.129 378.633 0.512951
1 92.1028 300.076 105.502 301.013 103.291 332.629 89.892 331.692 0.558013
1 106.028 482.007 120.862 482.784 118.993 518.448 104.159 517.671 0.591994
1 126.031 259.277 141.171 260.601 138.249 294.003 123.109 292.678 0.593147
1 53.5007 538.83 66.1706 540.611 62.0042 570.257 49.3343 568.476 0.606887
1 79.4636 486.273 94.3833 488.369 89.3809 523.963 74.4612 521.866 0.617103
1 67.2307 119.919 64.5105 133.913 31.9451 127.583 34.6653 113.589 0.643649
