1 370.733 174.535 385.397 175.303 383.526 210.994 368.863 210.225 0.35721
1 363.644 265.28 376.811 266.432 374.203 296.239 361.036 295.087 0.428018
1 331.035 261.328 344.938 262.3 342.686 294.499 328.783 293.527 0.493429
1 368.79 311.297 380.607 322.71 352.917 351.384 341.099 339.972 0.498939
1 211.788 151.666 225.967 153.912 220.693 187.208 206.514 184.962 0.523528
1 365.957 220.647 380.695 222.719 376.093 255.469 361.354 253.397 0.570608
1 345.062 443.32 360.242 444.648 357.187 479.567 342.007 478.239 0.57221
1 231.369 144.51 247.378 145.911 244.253 181.632 228.243 180.232 0.59004
1 293.151 499.447 305.822 501.227 301.64 530.985 288.969 529.204 0.600313
1 334.399 578.186 349.5 579.507 346.474 614.099 331.373 612.778 0.627246
1 318.585 447.343 333.583 449.451 328.619 484.772 313.621 482.664 0.633482
1 305.735 82.1024 303.076 95.7821 270.937 89.5348 273.596 75.8552 0.637235
