1 615.887 10.0406 629.883 10.5293 628.657 45.613 614.662 45.1243 0.383678
1 453.109 -12.4452 467.088 -10.2312 461.918 22.4103 447.939 20.1963 0.419335
1 578.225 421.942 593.42 423.271 590.399 457.811 575.203 456.481 0.480351
1 612.997 149.618 625.183 161.385 597.199 190.364 585.014 178.596 0.482783
1 607.389 102.176 621.663 103.425 618.957 134.351 604.683 133.102 0.508928
1 575.193 98.617 589.301 99.8513 586.449 132.45 572.341 131.216 0.511536
1 534.919 341.196 547.949 342.336 545.291 372.716 532.261 371.576 0.548707
1 588.949 283.694 604.085 284.487 602.183 320.784 587.047 319.99 0.583356
1 562.094 288.457 577.402 290.608 572.341 326.618 557.033 324.467 0.589784
1 611.228 57.5359 626.047 59.6186 621.327 93.2041 606.508 91.1215 0.607595
