1 372.109 452.553 386.141 453.78 383.101 488.525 369.069 487.297 0.388795
1 369.442 589.084 381.423 600.654 353.153 629.928 341.172 618.358 0.489337
1 364.11 543.108 377.115 544.246 374.486 574.296 361.481 573.158 0.494999
1 211.837 429.212 226.248 431.237 221.565 464.555 207.155 462.53 0.512422
1 331.697 539.687 345.338 540.88 342.561 572.614 328.921 571.421 0.564789
1 231.606 422.866 247.711 424.275 244.576 460.106 228.472 458.697 0.573225
1 327.408 213.399 326.892 228.173 293.848 227.02 294.364 212.245 0.583008
1 298.835 25.3486 299.087 39.8019 265.011 40.3967 264.759 25.9434 0.594451
1 365.764 499.434 380.173 500.695 377.269 533.885 362.86 532.625 0.60648
1 306.159 359.922 303.916 374.085 271.445 368.942 273.688 354.779 0.6459
