1 369.623 569.471 381.073 581.327 352.297 609.116 340.848 597.26 0.432331
1 331.472 519.966 345.316 521.178 342.451 553.916 328.608 552.705 0.441985
1 370.352 433.224 384.552 433.72 383.332 468.643 369.132 468.147 0.476983
1 306.057 341.078 303.393 354.782 270.77 348.44 273.434 334.736 0.481791
1 364.042 524.314 376.834 525.433 374.257 554.891 361.464 553.771 0.505945
1 326.342 192.62 326.086 207.295 293.346 206.723 293.602 192.048 0.573593
1 231.429 402.795 247.34 404.187 244.219 439.867 228.307 438.475 0.581449
1 211.4 409.81 225.755 411.827 221.076 445.123 206.721 443.105 0.607054
1 366.453 479.692 380.817 481.711 376.205 514.53 361.84 512.511 0.616448
1 297.55 4.81133 298.047 19.0595 264.404 20.2343 263.906 5.98618 0.619246
