1 610.479 213.15 624.711 213.647 623.476 249.027 609.244 248.53 0.34386
1 574.22 615.543 589.85 616.91 586.862 651.054 571.232 649.687 0.403895
1 608.802 349.725 620.88 361.388 592.565 390.708 580.488 379.045 0.450132
1 450.629 190.005 464.831 192.001 460.171 225.156 445.969 223.16 0.457078
1 602.988 303.401 616.711 304.601 614.113 334.3 600.39 333.099 0.473411
1 571.163 300.438 584.993 301.648 582.216 333.395 568.386 332.185 0.546546
1 531.895 538.906 544.585 540.016 541.998 569.582 529.308 568.472 0.570858
1 604.681 259.935 619.799 261.258 616.867 294.77 601.749 293.447 0.58425
1 471.228 183.357 487.379 184.77 484.23 220.768 468.079 219.355 0.588821
1 584.556 481.531 599.434 482.311 597.576 517.765 582.698 516.985 0.604352
1 558.633 485.812 573.707 488.199 568.045 523.944 552.971 521.556 0.631574
1 546.004 120.552 543.789 134.539 511.321 129.396 513.536 115.409 0.632895
