1 611.585 452.465 626.145 453.228 624.315 488.149 609.755 487.386 0.401493
1 609.682 589.946 621.683 601.536 594.05 630.151 582.048 618.561 0.495434
1 604.1 543.306 617.787 544.503 615.161 574.52 601.474 573.322 0.518507
1 452.104 429.051 466.468 431.07 461.802 464.265 447.439 462.246 0.547691
1 471.896 422.477 488.328 423.914 485.181 459.882 468.749 458.445 0.55419
1 572.081 540.043 585.572 540.986 583.356 572.666 569.866 571.723 0.559978
1 605.987 499.307 621.249 500.643 618.326 534.055 603.064 532.72 0.597283
1 539.598 22.9931 539.851 37.5023 505.757 38.0974 505.504 23.5883 0.611618
1 567.76 211.849 567.5 226.751 534.835 226.181 535.096 211.279 0.621279
1 547.214 359.944 544.5 373.904 512.03 367.593 514.744 353.633 0.65097
