1 128.346 90.5696 145.799 92.0966 142.398 130.969 124.945 129.442 0.444721
1 203.917 168.641 221.835 170.209 218.035 213.648 200.117 212.08 0.473873
1 170.462 95.7078 187.324 98.0776 182.314 133.727 165.452 131.357 0.513478
1 176.714 449.976 195.027 451.901 190.63 493.733 172.317 491.808 0.532185
1 173.816 39.7709 191.957 42.3205 186.234 83.0417 168.093 80.4921 0.534287
1 176.168 154.092 191.206 169.13 154.213 206.122 139.176 191.084 0.544268
1 78.914 391.959 95.0436 394.226 89.8559 431.138 73.7263 428.871 0.550644
1 146.761 320.191 164.411 321.735 160.469 366.793 142.819 365.248 0.558739
1 112.231 326.486 130.315 329.027 124.147 372.913 106.063 370.372 0.578513
1 131.368 492.664 150.339 494.324 146.58 537.293 127.609 535.633 0.662514
