1 335.488 627.767 331.066 643.189 297.862 633.668 302.284 618.246 0.286864
1 401.523 432.841 416.695 433.636 414.641 472.829 399.469 472.034 0.37961
1 354.522 533.19 370.976 534.63 367.705 572.022 351.251 570.582 0.477905
1 391.728 537.63 407.137 538.978 404.261 571.853 388.852 570.505 0.526399
1 240.057 397.578 258.2 399.165 254.605 440.256 236.462 438.669 0.554498
1 397.987 589.897 411.938 603.37 379.067 637.409 365.115 623.936 0.554823
1 453.775 239.842 472.16 241.45 468.508 283.192 450.123 281.584 0.569463
1 350.381 154.2 349.784 171.284 312.27 169.974 312.867 152.89 0.591559
1 216.572 405.328 232.691 407.881 226.64 446.086 210.521 443.533 0.593451
1 325.843 325.076 322.719 341.145 285.982 334.004 289.106 317.935 0.617679
1 395.629 486.194 412.31 488.538 406.998 526.334 390.317 523.99 0.630332
1 434.827 494.809 451.909 496.304 448.534 534.889 431.451 533.395 0.67238
