1 410.199 428.778 426.126 429.056 425.414 469.823 409.487 469.545 0.269797
1 114.648 432.436 103.247 433.233 101.619 409.958 113.02 409.161 0.295181
1 361.544 532.849 378.17 534.304 374.887 571.825 358.262 570.371 0.448886
1 406.331 592.197 420.611 605.514 385.763 642.884 371.483 629.567 0.492358
1 357.394 136.327 356.484 153.7 317.885 151.677 318.795 134.305 0.521795
1 399.97 537.059 415.954 538.458 412.887 573.504 396.904 572.105 0.542325
1 449.792 420.747 468.677 422.399 465.019 464.215 446.134 462.563 0.576304
1 404.014 483.164 421.642 485.641 416.088 525.16 398.46 522.682 0.57861
1 330.924 314.058 327.622 331.047 289.709 323.678 293.011 306.688 0.582708
1 216.591 398.48 233.371 400.838 227.682 441.312 210.903 438.953 0.593666
1 241.58 390.308 260.755 391.985 256.998 434.918 237.824 433.24 0.603646
