1 463.82 -7.95389 481.059 -5.53105 474.961 37.8595 457.722 35.4367 0.402661
1 388.1 441.46 403.794 442.283 401.809 480.154 386.116 479.331 0.437242
1 344.378 535.565 359.776 536.912 356.707 571.994 341.309 570.647 0.530707
1 385.886 589.807 398.618 602.539 367.284 633.872 354.552 621.141 0.537379
1 380.528 539.279 394.825 541.288 390.323 573.315 376.027 571.305 0.549513
1 381.858 491.424 398.187 492.853 395.045 528.771 378.716 527.342 0.56912
1 340.818 180.657 340.243 197.116 304.59 195.871 305.165 179.412 0.58037
1 236.82 408.353 254.222 409.876 250.848 448.446 233.445 446.924 0.600083
1 215.399 415.657 230.755 418.089 224.98 454.548 209.624 452.116 0.618319
1 440.64 241.864 456.839 243.281 453.639 279.866 437.44 278.449 0.624389
1 317.786 340.444 315.326 355.976 280.64 350.482 283.101 334.95 0.628729
