1 392.743 198.921 406.946 199.169 406.276 237.532 392.074 237.284 0.3813
1 383.334 298.384 398.553 299.716 395.68 332.551 380.461 331.219 0.483685
1 304.373 558.087 318.096 559.287 315.344 590.745 301.621 589.544 0.541759
1 347.753 294.776 363.163 296.124 360.05 331.703 344.64 330.355 0.547212
1 389.592 349.09 403.189 362.22 371.868 394.655 358.271 381.524 0.560415
1 237.953 164.789 255.77 166.348 252.319 205.784 234.503 204.226 0.580282
1 215.974 172.916 231.409 175.361 225.66 211.659 210.225 209.214 0.590363
1 320.927 95.2812 317.858 111.072 281.974 104.096 285.043 88.306 0.598203
1 387.4 250.014 403.392 252.262 398.403 287.759 382.411 285.511 0.599597
1 438.406 83.0128 455.169 84.4794 451.928 121.527 435.165 120.06 0.621806
1 334.067 500.671 350.559 503.283 344.372 542.352 327.879 539.74 0.630193
1 363.182 495.947 379.251 496.789 377.215 535.642 361.145 534.8 0.633256
