1 210.608 -17.1513 229.404 -14.8434 224.573 24.5026 205.777 22.1947 0.260189
1 120.613 92.3626 137.516 93.8415 134.127 132.587 117.223 131.108 0.402239
1 166.188 152.162 180.388 165.403 146.369 201.884 132.169 188.642 0.492901
1 72.7535 380.385 87.9279 381.713 84.9498 415.752 69.7754 414.425 0.511057
1 159.885 97.0309 175.986 98.4395 172.919 133.495 156.818 132.086 0.530451
1 164.037 43.1425 181.635 45.6157 176.055 85.322 158.457 82.8487 0.580335
1 106.189 317.446 123.39 320.171 116.76 362.032 99.559 359.308 0.603358
1 138.538 311.992 155.486 313.475 151.852 355.007 134.905 353.525 0.609395
1 123.88 475.063 142.099 476.657 138.423 518.668 120.204 517.074 0.622851
1 187.9 243.904 205.833 245.473 202.286 286.013 184.354 284.444 0.634315
