1 405.216 430.393 421.665 431.255 419.537 471.874 403.087 471.012 0.426488
1 401.47 591.651 415.476 605.657 381.491 639.642 367.485 625.636 0.44954
1 241.055 393.546 259.641 395.172 256.018 436.576 237.433 434.95 0.499643
1 357.756 532.687 374.465 534.148 371.136 572.194 354.427 570.733 0.523817
1 451.711 328.639 470.839 330.312 467.117 372.855 447.989 371.182 0.528723
1 433.684 587.191 450.36 588.65 446.991 627.158 430.315 625.699 0.538362
1 396.84 536.994 412.686 539.221 407.834 573.745 391.988 571.518 0.551645
1 353.435 145.523 352.822 163.063 315.002 161.742 315.615 144.202 0.560355
1 216.311 401.884 233.069 404.239 227.588 443.234 210.83 440.878 0.573362
1 399.779 484.979 416.919 487.388 411.537 525.688 394.397 523.279 0.585028
1 328.629 318.805 325.932 335.832 288.419 329.89 291.116 312.863 0.620043
