1 161.475 192.817 176.665 193.614 174.612 232.787 159.422 231.991 0.390732
1 114.522 293.126 130.986 294.566 127.709 332.02 111.245 330.58 0.472021
1 151.695 297.646 167.15 298.998 164.274 331.862 148.82 330.51 0.518615
1 0.330276 156.868 18.786 159.462 13.0221 200.474 -5.43363 197.881 0.543039
1 213.906 -0.605182 232.247 0.999492 228.572 43.0124 210.23 41.4077 0.552851
1 69.4061 568.187 84.3346 570.285 79.6182 603.844 64.6897 601.746 0.553794
1 157.985 350.027 171.749 363.318 139.668 396.539 125.904 383.248 0.56787
1 85.8947 85.0921 82.7693 101.171 45.9193 94.0078 49.0447 77.9291 0.614166
1 100.231 507.99 117.118 510.665 110.707 551.144 93.8201 548.469 0.621607
1 155.626 246.261 172.283 248.602 166.984 286.307 150.327 283.966 0.62826
1 131.326 502.977 147.732 504.412 144.219 544.567 127.813 543.132 0.637677
1 194.836 254.792 211.895 256.285 208.522 294.835 191.464 293.343 0.672006
