1 332.148 626.07 328.348 641.312 295.411 633.1 299.211 617.858 0.30516
1 457.972 154.437 475.776 157.257 469.088 199.478 451.285 196.659 0.407935
1 396.217 436.249 412.405 437.097 410.369 475.946 394.181 475.097 0.418266
1 394.4 589.765 407.605 602.97 374.008 636.568 360.803 623.363 0.531643
1 350.779 534.087 366.862 535.494 363.675 571.926 347.591 570.519 0.53275
1 387.888 538.626 402.457 539.901 399.622 572.305 385.053 571.031 0.53924
1 322.738 330.31 319.746 345.7 284.236 338.797 287.227 323.408 0.552639
1 238.637 401.364 256.36 402.914 252.896 442.501 235.173 440.951 0.557548
1 215.255 408.916 231.449 411.192 226.15 448.892 209.956 446.616 0.604777
1 389.747 488.389 406.524 489.857 403.273 527.022 386.495 525.554 0.611249
1 346.463 163.702 345.877 180.479 309.672 179.215 310.258 162.437 0.61397
1 435.688 407.398 452.466 408.866 449.165 446.596 432.388 445.128 0.657441
