1 368.318 90.5412 385.825 92.0728 382.416 131.031 364.909 129.499 0.438118
1 443.904 168.634 461.853 170.204 458.048 213.704 440.098 212.134 0.465549
1 409.42 96.0277 426.476 97.52 423.332 133.454 406.276 131.962 0.5059
1 413.805 39.7833 431.963 42.3353 426.24 83.0579 408.082 80.5059 0.532692
1 416.736 449.98 435.003 451.9 430.605 493.749 412.337 491.829 0.533258
1 318.957 391.993 335.011 394.25 329.834 431.084 313.78 428.828 0.547241
1 416.134 154.142 431.154 169.163 394.197 206.119 379.177 191.099 0.55627
1 386.763 320.18 404.42 321.725 400.475 366.819 382.818 365.274 0.558564
1 352.257 326.513 370.274 329.045 364.116 372.862 346.099 370.329 0.580496
1 371.381 492.671 390.332 494.329 386.573 537.302 367.622 535.644 0.663177
