1 414.676 184.2 430.73 184.76 429.241 227.393 413.187 226.833 0.379115
1 112.328 188.755 100.691 189.568 98.9783 165.076 110.615 164.262 0.404243
1 446.824 273.653 465.684 275.303 461.758 320.183 442.897 318.533 0.462832
1 408.523 241.96 426.135 244.435 420.538 284.266 402.925 281.791 0.466412
1 412.122 353.319 426.279 367.979 388.537 404.426 374.38 389.766 0.513772
1 364.406 291.794 381.7 293.307 378.21 333.199 360.916 331.686 0.51755
1 404.647 295.811 421.568 298.189 416.471 334.455 399.55 332.077 0.537149
1 217.012 155.207 234.057 157.906 227.57 198.863 210.525 196.163 0.55818
1 314.752 586.539 330.547 587.921 327.414 623.731 311.619 622.349 0.567459
1 242.323 145.885 262.207 147.975 257.526 192.518 237.641 190.429 0.570176
1 381.885 516.145 400.042 517.733 396.196 561.696 378.038 560.107 0.608786
1 334.101 68.297 331.376 85.5043 292.969 79.4212 295.694 62.2139 0.622613
1 348.647 522.187 366.742 525.053 359.87 568.438 341.776 565.572 0.633783
1 421.613 544.6 439.732 546.186 436.167 586.93 418.049 585.344 0.644042
