1 388.116 201.433 403.773 202.254 401.788 240.143 386.13 239.322 0.433398
1 344.371 295.567 359.779 296.915 356.711 331.986 341.303 330.638 0.519092
1 385.922 349.76 398.656 362.494 367.382 393.769 354.647 381.034 0.534924
1 380.518 299.292 394.832 301.303 390.331 333.332 376.017 331.32 0.541268
1 359.584 492.913 375.609 493.753 373.601 532.058 357.576 531.218 0.542564
1 303.019 553.805 316.733 555.732 312.258 587.574 298.544 585.646 0.558506
1 381.896 251.47 398.143 252.892 395.01 288.709 378.762 287.288 0.567837
1 331.158 497.496 347.188 499.749 341.888 537.458 325.858 535.205 0.595402
1 236.82 168.303 254.238 169.827 250.858 208.457 233.44 206.933 0.597298
1 215.39 175.619 230.772 178.055 224.987 214.579 209.605 212.143 0.614053
1 440.648 1.75326 456.869 3.17239 453.669 39.7485 437.448 38.3294 0.626992
1 317.762 100.459 315.309 115.944 280.654 110.455 283.107 94.9699 0.629458
