1 450.637 -17.0027 469.331 -14.7074 464.522 24.4525 445.829 22.1572 0.258748
1 360.62 92.3661 377.523 93.845 374.134 132.581 357.231 131.103 0.394756
1 406.228 152.315 420.315 165.452 386.43 201.789 372.342 188.653 0.476093
1 312.77 380.418 327.89 381.74 324.918 415.706 309.798 414.383 0.519281
1 399.928 97.0554 415.966 98.4585 412.907 133.419 396.869 132.016 0.532772
1 404.028 43.1631 421.629 45.6367 416.051 85.3226 398.451 82.849 0.580914
1 346.2 317.44 363.398 320.164 356.768 362.027 339.569 359.303 0.603256
1 378.523 312.012 395.503 313.497 391.867 355.053 374.887 353.567 0.606244
1 363.871 475.072 382.103 476.667 378.427 518.682 360.195 517.087 0.624363
1 427.888 243.904 445.827 245.474 442.28 286.016 424.341 284.447 0.635254
