1 104.042 269.294 80.6674 273.838 64.8825 192.632 88.2576 188.088 0.301022
1 534.421 484.051 525.149 493.993 503.669 473.963 512.941 464.021 0.382828
1 441.039 360.296 442.812 372.911 410.418 377.463 408.645 364.849 0.486435
1 279.484 636.159 264.294 641.39 251.714 604.855 266.905 599.625 0.486684
1 563.789 482.098 556.662 492.664 529.375 474.258 536.502 463.693 0.541837
1 265.087 587.125 249.967 590.895 241.616 557.4 256.736 553.631 0.558265
1 454.724 383.985 456.676 397.872 422.865 402.624 420.913 388.736 0.579194
1 504.604 476.093 505.736 492.279 466.882 494.996 465.75 478.81 0.609499
1 398.947 472.951 401.868 487.974 367.704 494.614 364.784 479.591 0.614093
1 584.752 409.171 587.474 423.172 554.866 429.511 552.145 415.51 0.618112
1 208.431 615.036 201.399 627.723 173.107 612.04 180.139 599.353 0.621774
1 468.826 501.454 461.449 513.259 432.768 495.337 440.144 483.532 0.638934
