1 112.961 399.504 108.437 416.39 70.0726 406.111 74.5973 389.224 0.259272
1 207.544 220.63 189.838 221.558 187.405 175.134 205.111 174.206 0.395323
1 187.481 355.5 203.082 371.655 161.691 411.626 146.09 395.471 0.401612
1 136.624 291.044 154.477 292.606 150.852 334.032 133 332.47 0.443886
1 83.6451 607.259 100.592 609.641 95.3519 646.923 78.4053 644.542 0.452264
1 183.609 236.488 203.042 239.219 196.95 282.571 177.516 279.84 0.479892
1 178.265 295.741 196.731 297.357 193.36 335.891 174.894 334.275 0.497473
1 195.134 569.686 215.527 571.47 211.515 617.321 191.123 615.537 0.550366
1 3.40945 132.804 24.9105 134.685 20.7071 182.729 -0.793899 180.848 0.573488
1 103.342 49.8729 99.8125 68.0324 59.0795 60.1147 62.6094 41.9552 0.575502
1 119.836 538.512 139.074 542.251 130.219 587.808 110.98 584.068 0.618457
1 154.949 531.409 173.992 533.075 169.823 580.729 150.78 579.063 0.641912
