1 207.192 638.58 199.766 651.443 171.966 635.393 179.392 622.53 0.293221
1 536.4 512.646 526.105 522.941 504.749 501.585 515.045 491.29 0.435729
1 563.411 509.663 556.678 519.646 529.716 501.461 536.45 491.478 0.508264
1 263.576 612.124 248.579 615.04 241.896 580.656 256.893 577.741 0.516143
1 441.967 385.149 443.749 397.824 410.988 402.429 409.206 389.753 0.555661
1 504.292 502.205 505.675 518.015 466.696 521.425 465.313 505.616 0.565302
1 584.955 436.142 587.666 450.089 554.935 456.451 552.224 442.505 0.593583
1 469.655 527.419 462.052 539.586 432.999 521.432 440.602 509.265 0.604825
1 455.434 409.18 457.409 423.231 423.476 428 421.501 413.949 0.613188
1 398.818 498.082 401.665 512.726 367.887 519.292 365.041 504.647 0.623548
