1 566.526 374.183 552.46 379.027 542.146 349.073 556.212 344.229 0.414167
1 541.225 289.835 527.506 295.102 515.145 262.902 528.865 257.635 0.438564
1 563.839 390.084 579.922 396.258 565.583 433.613 549.499 427.439 0.469431
1 536.053 383.827 521.67 388.78 510.656 356.794 525.039 351.842 0.495808
1 386.176 58.5615 390.495 72.6868 359.135 82.2745 354.816 68.1492 0.57797
1 586.223 617.889 573.83 621.443 565.241 591.491 577.635 587.938 0.592523
1 421.766 201.473 424.445 215.254 392.304 221.502 389.625 207.721 0.607503
1 619.892 548.626 605.177 554.274 592.554 521.389 607.268 515.741 0.613113
1 552.699 333.852 537.631 338.459 528.214 307.657 543.282 303.05 0.615861
1 402.792 315.463 386.619 320.718 375.395 286.176 391.569 280.921 0.615999
1 381.991 329.095 367.751 332.646 359.7 300.355 373.94 296.804 0.626625
1 593.934 564.386 578.842 568.43 569.965 535.303 585.058 531.258 0.626722
