1 286.596 97.0745 274.182 103.129 260.151 74.3621 272.565 68.3073 0.420201
1 287.998 111.228 304.718 114.782 296.473 153.573 279.752 150.019 0.491236
1 258.421 112.475 245.021 119.011 229.661 87.5191 243.062 80.9832 0.514431
1 350.43 330.707 338.823 336.368 325.101 308.234 336.708 302.573 0.564219
1 116.184 68.7355 101.605 75.8465 85.1479 42.1055 99.7276 34.9946 0.620561
1 370.41 258.465 357.225 265.773 339.967 234.639 353.152 227.33 0.633394
1 348.479 277.946 334.093 284.351 319.724 252.077 334.109 245.672 0.635074
1 432.943 377.719 419.95 384.922 403.022 354.383 416.015 347.181 0.638451
1 266.424 58.9736 254.651 65.771 239.076 38.7949 250.85 31.9976 0.639123
1 98.3418 83.9628 85.9911 89.722 71.9557 59.6232 84.3064 53.8639 0.665238
