1 382.905 310.428 398.314 311.776 395.236 346.952 379.827 345.604 0.337849
1 369.581 398.345 384.226 400.403 379.828 431.696 365.183 429.637 0.396159
1 372.438 446.358 383.661 458.393 354.781 485.323 343.559 473.289 0.488288
1 338.763 393.318 353.285 395.359 348.591 428.76 334.069 426.719 0.497576
1 355.607 69.5252 354.038 84.4513 321.371 81.0179 322.94 66.0917 0.581325
1 375.643 355.836 390.402 358.705 384.133 390.956 369.374 388.087 0.582252
1 315.229 579.006 329.788 581.836 323.136 616.059 308.576 613.229 0.590202
1 247.085 271.022 263.122 273.562 257.392 309.745 241.354 307.204 0.603627
1 226.046 277.105 239.656 279.75 233.296 312.47 219.686 309.824 0.604617
1 340.667 576.506 356.302 577.874 353.173 613.635 337.538 612.267 0.627064
1 324.847 214.301 321.458 227.895 290.111 220.079 293.5 206.485 0.670649
