1 72.9505 175.483 69.6004 188.92 41.0085 181.791 44.3586 168.354 0.270824
1 129.871 8.34146 142.923 8.56928 142.325 42.8502 129.272 42.6224 0.328766
1 123.29 98.4429 136.396 99.5896 133.725 130.119 120.619 128.972 0.442216
1 90.7599 94.2561 103.986 95.1809 101.763 126.964 88.5374 126.039 0.480318
1 128.182 143.362 140.395 155.156 111.541 185.034 99.3287 173.24 0.525303
1 104.876 276.32 119.818 277.628 116.823 311.856 101.881 310.549 0.557992
1 124.485 54.1158 138.993 55.3851 136.168 87.6822 121.66 86.4129 0.606641
1 52.7811 332.279 65.0464 334.003 60.9431 363.2 48.6778 361.476 0.609334
1 94.0411 411.038 109.058 412.352 106.083 446.356 91.0661 445.042 0.617627
1 77.9051 280.406 92.9974 282.527 88.0734 317.563 72.9811 315.442 0.636352
