1 330.51 165.919 343.861 167.087 341.047 199.249 327.697 198.081 0.388088
1 363.015 171.503 376.072 172.645 373.456 202.547 360.399 201.405 0.420157
1 369.063 80.8364 383.38 81.3364 382.168 116.036 367.851 115.536 0.437295
1 367.074 216.329 379.225 228.063 351.095 257.193 338.944 245.459 0.460873
1 291.498 404.951 304.043 406.049 301.435 435.861 288.889 434.763 0.559545
1 343.131 349.014 358.794 349.835 356.945 385.119 341.282 384.299 0.562443
1 230.611 49.6248 246.466 51.0119 243.309 87.0979 227.454 85.7108 0.592722
1 210.38 56.9891 224.082 58.9148 219.462 91.7877 205.76 89.862 0.596758
1 364.278 128.359 378.538 129.606 375.785 161.076 361.525 159.829 0.600146
1 333.072 484.188 348.226 485.514 345.225 519.813 330.072 518.488 0.607281
1 317.826 353.019 332.816 355.393 327.315 390.129 312.324 387.755 0.638887
