1 367.197 587.328 379.38 599.093 351.362 628.106 339.179 616.342 0.403769
1 370.243 452.006 383.723 452.477 382.532 486.57 369.052 486.099 0.427296
1 363.375 542.369 376.244 543.495 373.593 573.788 360.725 572.662 0.473881
1 330.682 538.713 344.36 539.909 341.542 572.115 327.864 570.918 0.544923
1 297.935 23.4739 298.43 37.6544 264.565 38.837 264.07 24.6565 0.551762
1 210.505 428.406 224.438 430.364 219.755 463.687 205.821 461.729 0.570452
1 230.756 422.027 246.664 423.418 243.559 458.912 227.651 457.52 0.574153
1 326.116 212.285 325.602 227.014 292.801 225.869 293.315 211.139 0.60464
1 364.84 498.71 378.968 499.946 376.112 532.597 361.983 531.361 0.635736
1 304.922 358.807 302.736 372.608 271.177 367.61 273.363 353.809 0.670679
