1 367.167 309.447 378.953 320.828 351.459 349.299 339.673 337.918 0.360151
1 369.879 171.919 383.631 172.399 382.402 207.6 368.649 207.12 0.395658
1 291.736 497.369 304.368 498.474 301.773 528.137 289.141 527.031 0.444719
1 362.554 262.757 375.484 263.661 373.448 292.781 360.518 291.877 0.477725
1 330.353 258.681 344.219 259.894 341.376 292.396 327.51 291.183 0.519791
1 210.139 148.841 224.073 150.799 219.373 184.245 205.439 182.287 0.563347
1 230.502 142.473 246.448 143.868 243.327 179.539 227.381 178.144 0.575319
1 344.313 440.917 359.33 442.231 356.224 477.733 341.207 476.419 0.60538
1 318.126 445.038 332.992 447.392 327.374 482.86 312.509 480.506 0.618788
1 364.775 219.322 378.77 220.547 375.938 252.913 361.944 251.688 0.628196
1 333.582 576.199 348.429 577.498 345.434 611.736 330.587 610.437 0.629169
1 304.901 79.8491 302.21 93.6939 270.041 87.4411 272.733 73.5963 0.674771
