1 130.305 151.933 144.296 152.422 143.084 187.125 129.094 186.637 0.389411
1 123.485 242.376 136.721 243.534 134.126 273.186 120.891 272.028 0.438435
1 91.4128 237.828 104.804 239 102.007 270.968 88.616 269.796 0.473478
1 129.026 287.931 140.649 299.554 111.926 328.277 100.302 316.654 0.493844
1 104.961 420.21 120.047 421.53 116.984 456.533 101.898 455.213 0.533946
1 52.3025 476.621 64.7225 477.707 62.1537 507.069 49.7337 505.982 0.60345
1 94.113 555.174 109.379 556.51 106.385 590.735 91.1188 589.399 0.614798
1 126.646 198.275 140.534 200.227 135.997 232.509 122.109 230.557 0.615127
1 65.7538 58.7042 63.1595 72.0512 30.8821 65.7771 33.4764 52.4301 0.622122
1 78.5196 424.546 93.2998 426.623 88.395 461.522 73.6148 459.445 0.627305
