1 606.996 491.448 619.141 503.177 591.774 531.516 579.629 519.788 0.392044
1 609.34 356.272 623.341 356.761 622.17 390.29 608.169 389.801 0.415657
1 603.475 445.818 616.3 446.94 613.737 476.227 600.913 475.105 0.429384
1 570.396 441.495 584.765 442.752 581.859 475.969 567.49 474.712 0.478971
1 68.8585 -7.36717 85.0478 -5.95079 82.0249 28.6007 65.8356 27.1843 0.533986
1 470.924 324.518 486.877 325.914 483.75 361.652 467.797 360.257 0.553054
1 450.388 331.877 464.395 333.846 459.768 366.772 445.76 364.804 0.606864
1 566.04 115.249 565.784 129.914 533.365 129.348 533.621 114.683 0.613938
1 605.409 402.406 619.702 404.414 615.227 436.256 600.934 434.247 0.639646
1 545.109 262.746 542.454 276.405 510.887 270.269 513.542 256.61 0.668122
