1 624.327 242.876 610.443 243.604 608.615 208.723 622.499 207.996 0.365139
1 570.63 294.159 584.19 295.107 581.949 327.164 568.388 326.216 0.442165
1 603.078 298.389 616.503 299.563 613.796 330.509 600.37 329.334 0.44399
1 574.629 610.969 589.557 612.275 586.632 645.705 571.705 644.399 0.494923
1 607.844 343.321 620.341 355.39 591.556 385.198 579.058 373.129 0.502495
1 584.846 476.256 599.889 477.572 596.891 511.846 581.848 510.53 0.550658
1 450.584 184.689 464.332 186.622 459.678 219.735 445.93 217.803 0.575415
1 470.886 177.477 486.646 178.856 483.523 214.55 467.763 213.171 0.583757
1 544.966 114.846 542.35 128.304 510.534 122.119 513.15 108.662 0.584121
1 604.504 254.468 619.359 255.768 616.499 288.451 601.644 287.151 0.586717
1 531.947 532.425 544.396 533.515 541.817 562.987 529.368 561.898 0.599501
1 557.913 480.281 573.054 482.409 568.111 517.577 552.97 515.449 0.631644
