1 470.991 -15.7779 486.89 -13.5434 482.12 20.3914 466.221 18.1569 0.296489
1 608.718 149.623 620.134 161.445 591.532 189.066 580.116 177.244 0.382307
1 609.843 12.858 623.635 13.3397 622.427 47.9323 608.635 47.4506 0.387278
1 450.26 -7.91148 463.603 -6.03629 459.189 25.3706 445.846 23.4954 0.407066
1 530.495 337.58 543.423 338.711 540.833 368.317 527.905 367.186 0.435094
1 601.638 102.789 615.739 104.023 613.115 134.013 599.014 132.779 0.45467
1 570.045 99.5588 583.856 100.525 581.599 132.794 567.788 131.828 0.563961
1 584.608 280.865 599.237 282.145 596.133 317.626 581.504 316.346 0.586987
1 557.83 285.371 572.647 287.717 567.064 322.966 552.247 320.62 0.614152
1 573.326 416.118 588.065 417.407 585.066 451.685 570.327 450.395 0.621263
1 604.456 59.7383 618.897 61.0018 616.054 93.4971 601.613 92.2337 0.62334
