1 610.809 428.969 624.7 430.184 621.657 464.967 607.766 463.752 0.342401
1 602.16 520.82 615.526 521.99 612.921 551.765 599.555 550.595 0.343873
1 608.473 566.854 619.989 578.779 591.501 606.289 579.985 594.364 0.391965
1 570.148 516.274 583.943 517.238 581.652 550 567.857 549.036 0.519511
1 450.284 407.238 464.019 409.168 459.351 442.38 445.616 440.45 0.552697
1 536.289 1.54919 537.033 15.7542 503.725 17.4998 502.98 3.2948 0.562516
1 565.258 189.941 565.002 204.625 532.568 204.058 532.825 189.375 0.581714
1 470.692 399.805 486.517 401.189 483.384 437.002 467.559 435.618 0.584313
1 604.322 476.572 619.013 477.857 616.165 510.417 601.473 509.132 0.59193
1 544.79 337.372 542.152 350.943 510.11 344.715 512.748 331.143 0.656088
