1 618.485 7.34895 632.242 7.5891 631.618 43.3474 617.86 43.1073 0.334162
1 453.52 -14.8041 467.285 -12.1285 461.132 19.5239 447.367 16.8483 0.344018
1 576.571 96.3611 591.293 97.6491 588.384 130.898 573.662 129.61 0.496836
1 610.934 100.89 624.442 102.072 621.737 132.995 608.228 131.813 0.506081
1 615.796 149.304 628.192 161.275 599.445 191.044 587.049 179.073 0.512695
1 536.159 343.983 549.216 345.125 546.524 375.891 533.467 374.749 0.548527
1 591.333 285.873 606.639 286.675 604.729 323.117 589.423 322.315 0.578836
1 563.918 290.432 579.204 292.58 574.168 328.414 558.882 326.266 0.590464
1 613.48 54.941 628.662 57.0746 623.862 91.2268 608.681 89.0931 0.617065
1 580.035 426.344 595.496 427.697 592.414 462.93 576.952 461.578 0.640368
