1 121.342 442.061 110.801 442.798 109.321 421.633 119.862 420.896 0.333375
1 346.691 534.106 362.065 535.451 358.925 571.346 343.551 570.001 0.454365
1 406.065 475.688 390.495 476.504 388.52 438.813 404.09 437.997 0.490515
1 381.749 537.563 397.083 538.904 394.213 571.699 378.88 570.357 0.490716
1 342.383 171.17 342.383 187.655 306.465 187.655 306.465 171.17 0.517225
1 459.164 64.1254 476.949 65.6814 473.401 106.239 455.616 104.683 0.553658
1 388.283 588.723 401.211 601.208 370.432 633.081 357.504 620.596 0.574895
1 237.874 403.62 255.636 406.116 250.104 445.478 232.342 442.981 0.576029
1 214.278 411.567 229.801 413.749 224.71 449.975 209.186 447.793 0.602241
1 385.996 489.301 401.695 491.507 396.686 527.151 380.987 524.945 0.602773
1 319.298 334.831 316.315 350.179 280.729 343.262 283.712 327.914 0.614473
1 437.823 313.76 454.151 315.188 450.961 351.658 434.632 350.229 0.630126
