1 336.393 619.965 352.241 621.351 349.426 653.524 333.578 652.137 0.306806
1 388.584 244.595 374.037 245.357 372.186 210.051 386.733 209.288 0.45812
1 366.045 301.13 380.347 302.382 377.626 333.485 363.324 332.234 0.488059
1 371.793 348.931 383.695 360.424 355.687 389.428 343.784 377.934 0.524076
1 333.741 297.94 347.416 299.136 344.575 331.614 330.899 330.418 0.558222
1 232.168 179.162 248.296 180.573 245.204 215.919 229.076 214.508 0.566404
1 368.941 256.837 384.264 258.99 379.59 292.247 364.267 290.094 0.587325
1 293.664 540.252 306.492 541.374 303.846 571.617 291.018 570.495 0.589408
1 321.162 487.216 336.04 489.572 330.436 524.953 315.559 522.597 0.604196
1 211.916 185.918 226.408 187.955 221.673 221.647 207.181 219.61 0.607113
1 347.425 482.34 362.562 483.133 360.677 519.096 345.54 518.303 0.619256
1 307.959 114.209 305.749 128.165 273.268 123.021 275.478 109.064 0.631477
