1 583.086 294.803 598.564 296.158 595.48 331.409 580.002 330.055 0.473471
1 623.713 349.1 636.949 361.881 607.039 392.854 593.803 380.072 0.515605
1 619.547 298.94 633.584 300.913 629.236 331.853 615.199 329.88 0.519094
1 598.457 491.409 614.518 492.251 612.511 530.533 596.45 529.691 0.555973
1 556.536 100.071 554.15 115.134 519.249 109.607 521.635 94.5433 0.580829
1 541.57 553.165 555.187 555.079 550.748 586.664 537.131 584.75 0.587372
1 621.176 250.85 637.237 253.107 632.309 288.175 616.247 285.918 0.59688
1 570.049 496.638 585.755 498.845 580.494 536.279 564.788 534.071 0.602855
1 475.641 168.169 493.351 169.718 489.981 208.234 472.271 206.684 0.618268
1 454.039 175.839 469.426 178.001 464.337 214.208 448.951 212.046 0.620744
