1 386.83 191.047 385.26 202.217 362.242 198.982 363.812 187.812 0.264488
1 524.112 88.6342 512.331 90.9242 507.502 66.0819 519.283 63.7918 0.269075
1 564.636 165.415 566.503 177.2 540.226 181.362 538.359 169.577 0.270627
1 384.538 203.102 382.722 216.024 355.991 212.267 357.807 199.346 0.275373
1 272.29 472.916 282.177 477.526 271.771 499.841 261.884 495.231 0.29464
1 398.83 88.6295 398.222 100.226 374.448 98.9797 375.056 87.3835 0.302522
1 401.669 76.9852 401.065 88.5016 378.136 87.2999 378.739 75.7835 0.30343
1 476.207 258.042 475.996 270.183 449.678 269.723 449.89 257.582 0.311142
1 403.829 64.7371 402.31 75.5401 380.237 72.4379 381.756 61.6349 0.315461
1 246.919 463.495 256.515 467.97 246.217 490.055 236.621 485.58 0.340375
1 162.893 493.815 173.845 496.956 168.631 515.14 157.679 511.999 0.348047
1 410.088 337.188 421.642 338.199 419.506 362.606 407.953 361.595 0.351602
1 566.21 193.19 568.29 204.99 544.266 209.226 542.186 197.426 0.352699
1 547.87 85.5827 535.232 87.5844 531.178 61.9888 543.816 59.9872 0.356416
1 569.738 220.54 571.569 232.104 548.288 235.792 546.456 224.228 0.367317
1 474.423 272.145 474.223 283.631 449.54 283.2 449.74 271.714 0.376676
1 450.747 341.976 461.759 342.94 459.647 367.085 448.635 366.122 0.387403
1 572.282 233.081 573.979 245.152 548.353 248.753 546.657 236.682 0.395001
1 394.501 128.385 392.619 140.269 368.744 136.487 370.626 124.604 0.398062
1 409.824 40.0998 408.085 51.0769 383.838 47.2365 385.577 36.2595 0.398993
1 464.724 341.103 476.742 343.007 472.744 368.253 460.726 366.35 0.401007
1 471.46 299.686 471.245 312.023 444.295 311.553 444.51 299.215 0.403044
1 479.472 341.361 491.069 342.991 487.393 369.146 475.796 367.517 0.414176
1 257.702 469.529 267.772 473.597 258.506 496.531 248.436 492.463 0.423014
1 568 207.367 569.802 218.743 545.46 222.598 543.658 211.223 0.4234
1 579 274.053 580.813 285.503 555.274 289.548 553.461 278.098 0.42601
1 382.223 332.7 393.234 334.444 389.197 359.934 378.186 358.19 0.42852
1 509.744 90.7303 498.531 92.91 493.645 67.7776 504.859 65.5979 0.431692
1 198.369 388.064 210.228 391.917 201.282 419.452 189.423 415.599 0.433088
1 235.867 459.588 245.714 464.18 235.37 486.363 225.523 481.771 0.435416
1 199.207 440.405 210.355 443.813 202.514 469.462 191.365 466.053 0.436362
1 284.993 478.988 295.203 484.883 282.614 506.688 272.404 500.793 0.446918
1 185.921 437.56 196.427 442.238 186.066 465.509 175.56 460.831 0.448816
1 565.651 178.26 567.887 189.763 542.685 194.662 540.449 183.159 0.454562
1 437.274 339.924 448.135 340.684 446.427 365.107 435.566 364.348 0.464199
1 396.642 334.011 408.076 335.822 403.949 361.879 392.515 360.068 0.519608
1 473.539 285.264 473.333 297.022 447.994 296.58 448.2 284.822 0.531594
1 423.63 338.857 434.69 339.825 432.565 364.115 421.505 363.148 0.535954
1 223.112 451.958 234.454 456.772 223.961 481.493 212.619 476.678 0.545727
1 581.638 286.851 583.314 298.782 557.399 302.424 555.722 290.493 0.551507
1 578.1 259.931 579.722 271.475 554.471 275.024 552.849 263.48 0.568221
1 481.284 244.213 481.071 256.368 453.282 255.883 453.494 243.728 0.580409
