1 209.257 334.109 201.012 334.542 199.964 314.535 208.209 314.103 0.265171
1 204.737 148.638 215.208 152.041 207.688 175.184 197.217 171.782 0.278562
1 177.902 293.295 190.196 294.371 187.964 319.875 175.67 318.8 0.291402
1 289.538 119.636 298.759 124.747 286.344 147.145 277.123 142.034 0.301237
1 198.241 424.709 187.982 427.267 181.817 402.542 192.077 399.984 0.320191
1 403.455 433.225 408.242 440.885 389.519 452.584 384.733 444.924 0.347335
1 249.033 238.649 258.799 240.547 253.828 266.12 244.062 264.222 0.356723
1 260.895 411.691 250.563 413.7 246.071 390.589 256.403 388.58 0.362623
1 476.388 404.019 481.884 412.814 461.71 425.421 456.214 416.625 0.384172
1 270.094 40.6064 280.581 43.2211 275.25 64.6022 264.763 61.9875 0.387163
1 605.293 375.59 610.35 383.087 590.553 396.44 585.496 388.943 0.406442
1 245.784 59.4881 256.451 64.4619 246.53 85.7363 235.864 80.7625 0.412088
1 547.15 396.453 552.086 404.055 532.544 416.746 527.608 409.144 0.433938
1 425.909 462.687 430.68 470.033 412.146 482.069 407.375 474.723 0.434864
1 628.127 315.99 632.773 322.878 613.83 335.655 609.184 328.768 0.448185
1 554.571 348.072 559.473 354.819 540.477 368.621 535.575 361.873 0.457898
1 428.954 436.087 434.1 443.716 415.339 456.37 410.194 448.741 0.466535
1 203.7 461.429 193.345 464.011 187.33 439.884 197.684 437.302 0.466729
1 176.772 322.592 187.515 323.343 185.682 349.554 174.939 348.803 0.491295
1 244.662 358.625 255.362 360.899 249.612 387.948 238.913 385.673 0.499186
1 449.499 484.117 455.261 491.764 435.504 506.652 429.742 499.005 0.509732
1 233.174 86.3795 243.091 91.4324 231.797 113.597 221.88 108.544 0.524001
1 183.541 243.495 195.533 245.395 190.549 276.862 178.557 274.963 0.529998
1 190.177 391.716 178.546 392.529 176.576 364.353 188.207 363.54 0.530147
1 186.205 209.47 196.782 211.526 191.789 237.214 181.212 235.158 0.531526
