1 320.604 180.208 328.805 187.089 313.314 205.55 305.113 198.669 0.252125
1 261.149 194.869 258.903 203.877 235.551 198.055 237.797 189.046 0.260306
1 201.483 264.675 213.519 268.586 205.608 292.932 193.572 289.022 0.262187
1 229.997 212.956 241.549 220.174 228.47 241.104 216.918 233.886 0.303242
1 367.047 54.7261 375.451 63.13 358.271 80.3102 349.867 71.9063 0.307081
1 306.909 208.109 315.517 213.914 302.985 232.494 294.377 226.688 0.314317
1 245.422 345.596 255.81 348.972 247.681 373.99 237.293 370.614 0.379583
1 191.532 290.391 203.218 293.522 196.605 318.2 184.92 315.068 0.408734
1 165.407 390.423 175.715 392.056 171.753 417.075 161.444 415.442 0.420097
1 190.638 383.225 200.187 385.081 195.791 407.699 186.242 405.843 0.466536
1 157.581 455.482 168.488 456.245 166.622 482.926 155.715 482.164 0.496904
1 183.088 320.536 193.524 323.332 186.752 348.606 176.316 345.81 0.543014
