1 387.809 487.292 384.305 495.163 366.546 487.256 370.051 479.385 0.281527
1 487.854 61.0213 484.564 70.5762 462.173 62.8664 465.463 53.3115 0.303531
1 384.711 292.701 382.568 301.296 362.064 296.184 364.207 287.589 0.359903
1 123.711 256.148 121.341 265.656 99.1753 260.13 101.546 250.621 0.38008
1 530.125 375.348 527.304 386.664 501.108 380.132 503.929 368.817 0.383263
1 285.603 442.238 281.857 451.508 259.755 442.578 263.5 433.308 0.384456
1 428.123 472.034 423.925 480.641 402.01 469.953 406.209 461.345 0.389873
1 26.9722 185.397 24.4355 193.204 5.05221 186.906 7.58887 179.099 0.39821
1 269.045 240.647 266.844 249.474 245.378 244.122 247.579 235.295 0.405343
1 52.3643 334.674 48.202 342.502 27.3982 331.44 31.5605 323.612 0.425599
1 58.1342 304.487 54.5117 312.623 31.8778 302.545 35.5003 294.409 0.432367
1 159.606 384.382 155.803 392.924 132.857 382.708 136.66 374.166 0.441178
1 190.048 365.877 186.427 374.009 164.234 364.128 167.855 355.996 0.450361
1 340.439 451.787 336.293 460.286 314.908 449.856 319.053 441.356 0.460285
1 580.403 47.285 577.698 58.1304 552.951 51.9601 555.655 41.1147 0.465477
1 195.452 275.904 193.024 285.64 169.481 279.77 171.909 270.034 0.467781
1 100.75 190.301 97.6496 201.114 68.0179 192.618 71.1185 181.805 0.469147
1 279.782 421.693 275.696 430.071 253.23 419.114 257.316 410.736 0.483262
1 411.269 321.659 408.959 330.923 387.289 325.52 389.599 316.256 0.485337
1 402.318 478.034 398.318 486.235 376.445 475.567 380.445 467.365 0.486175
1 86.3643 372.294 82.5762 380.802 59.6535 370.596 63.4415 362.088 0.496532
1 533.633 336.414 530.682 346.705 506.016 339.633 508.967 329.341 0.510881
1 107.077 341.796 102.608 350.958 78.471 339.186 82.9395 330.024 0.528135
1 170.904 411.652 166.693 420.286 142.57 408.521 146.781 399.886 0.533393
1 338.441 486.376 333.814 495.865 310.661 484.572 315.289 475.084 0.538537
1 197.734 258.245 195.294 268.032 172.006 262.226 174.446 252.438 0.544378
