1 586.016 71.1327 577.996 75.2191 567.688 54.9888 575.708 50.9024 0.253015
1 590.725 249.843 583.122 254.233 572.399 235.661 580.003 231.272 0.324189
1 536.585 87.6569 527.984 92.4247 516.345 71.4282 524.946 66.6604 0.336957
1 637.53 121.76 629.567 126.736 617.461 107.362 625.424 102.387 0.411278
1 552.433 245.289 543.814 250.265 532.129 230.025 540.747 225.05 0.420991
1 570.152 244.228 561.955 248.772 550.217 227.598 558.415 223.054 0.434953
1 494.917 107.007 486.81 111.138 476.238 90.3904 484.346 86.2595 0.450487
1 627.791 141.996 619.096 147.221 605.436 124.488 614.132 119.263 0.463876
1 473.87 35.832 465.27 40.7974 453.181 19.8593 461.781 14.8939 0.478741
1 508.042 67.2852 499.92 71.4239 489.412 50.802 497.535 46.6633 0.480968
1 584.104 99.762 575.72 104.603 564.487 85.1482 572.872 80.3072 0.482821
