1 558.92 98.9935 548.689 100.069 545.995 74.4322 556.226 73.3569 0.29743
1 557.446 247.111 548.158 248.416 544.973 225.758 554.261 224.453 0.392443
1 605.467 196.819 595.846 197.83 593.315 173.74 602.935 172.729 0.418767
1 594.221 252.259 585.235 253.203 582.791 229.955 591.778 229.01 0.420508
1 509.016 59.7451 498.88 60.8105 496.201 35.3215 506.337 34.2561 0.450238
1 565.323 406.371 556.562 407.292 554.148 384.328 562.91 383.407 0.452163
1 531.368 357.86 521.548 358.547 519.924 335.323 529.744 334.637 0.452681
1 634.619 422.357 625.914 423.119 623.876 399.822 632.581 399.06 0.485742
1 622.436 463.239 612.72 464.089 610.636 440.262 620.352 439.412 0.49168
1 607.377 78.2231 596.532 78.7915 595.193 53.2391 606.038 52.6707 0.512407
1 547.722 353.137 538.708 354.404 535.697 332.983 544.712 331.716 0.514638
1 607.291 385.066 597.157 385.952 595.086 362.285 605.22 361.398 0.515757
1 536.876 193.954 526.622 194.851 524.293 168.231 534.547 167.334 0.524739
1 587.7 130.979 578.49 131.785 576.436 108.305 585.645 107.499 0.531916
1 619.209 162.788 610.353 163.563 608.34 140.548 617.196 139.773 0.533056
1 524.217 38.7439 514.448 39.7707 511.774 14.334 521.544 13.3072 0.538816
1 579.97 35.1604 569.013 36.312 566.316 10.6514 577.273 9.49974 0.549488
1 503.791 103.981 493.843 104.676 492.034 78.8073 501.982 78.1116 0.55168
1 635.038 497.995 625.857 498.798 623.788 475.146 632.969 474.343 0.560849
