1 513.332 366.78 522.179 367.554 520.267 389.411 511.42 388.637 0.356741
1 511.064 72.2141 519.345 73.2309 516.646 95.2103 508.365 94.1936 0.370504
1 516.981 277.531 527.271 278.432 525.27 301.298 514.98 300.397 0.396759
1 608.204 375.047 617.476 376.515 613.914 399.001 604.642 397.532 0.42395
1 489.353 271.958 497.976 272.713 495.964 295.715 487.341 294.96 0.426352
1 588.939 347.123 598.453 347.788 596.82 371.135 587.306 370.47 0.434955
1 416.366 454.708 420.634 463.86 396.217 475.246 391.949 466.093 0.441416
1 602.869 11.1626 611.881 12.9144 607.469 35.612 598.457 33.8602 0.455168
1 540.059 48.3402 549.92 50.257 544.862 76.2777 535.001 74.3609 0.456689
1 615.808 29.4192 624.865 31.846 618.292 56.3758 609.235 53.9489 0.46613
1 547.291 270.019 556.561 271.487 552.98 294.095 543.71 292.626 0.470333
1 591.516 252.394 600.245 254.09 595.922 276.326 587.193 274.629 0.491054
1 579.848 69.5949 590.826 71.729 585.804 97.5652 574.826 95.4312 0.508792
1 566.353 244.131 575.625 245.27 572.741 268.759 563.469 267.62 0.519846
1 472.682 446.29 482.55 447.153 480.464 470.993 470.596 470.13 0.520077
1 622.972 107.367 632.572 109.233 627.843 133.561 618.243 131.695 0.532026
1 538.239 385.051 548.035 385.736 546.329 410.132 536.533 409.447 0.545805
1 575.576 155.242 584.671 157.01 580.187 180.079 571.092 178.311 0.546498
