1 633.676 105.985 643.665 108.661 636.878 133.993 626.888 131.316 0.338657
1 548.887 13.6668 558.126 15.1301 554.455 38.3086 545.216 36.8453 0.340725
1 527.398 54.3585 535.052 55.8463 530.612 78.6857 522.958 77.1979 0.341942
1 607.786 293.561 615.496 295.772 609.26 317.521 601.549 315.31 0.342871
1 471.19 434.728 479.754 436.393 475.808 456.693 467.245 455.028 0.343717
1 561.704 284.859 570.732 287.278 564.857 309.201 555.83 306.782 0.352937
1 498.95 383.21 508.508 385.068 503.511 410.776 493.953 408.918 0.452789
1 603.193 176.473 612.207 179.058 605.725 201.663 596.711 199.078 0.45771
1 614.493 362.282 624.366 364.38 619.473 387.397 609.601 385.299 0.457968
1 554.184 106.145 564.536 107.6 560.987 132.854 550.634 131.399 0.469756
1 586.616 397.919 595.882 399.72 591.529 422.114 582.263 420.313 0.474255
1 538.465 398.195 547.775 400.005 543.139 423.855 533.829 422.046 0.493897
1 582.661 265.294 591.678 267.376 586.268 290.808 577.252 288.726 0.497447
1 610.812 92.5981 620.978 94.9451 615.257 119.725 605.091 117.378 0.51782
