1 591.633 437.589 600.142 438.333 598.467 457.483 589.958 456.739 0.271603
1 423.706 56.7292 431.841 65.7641 414.5 81.3783 406.365 72.3434 0.297158
1 569.436 100.517 579.23 101.374 577.28 123.66 567.486 122.804 0.302968
1 470.113 18.3784 476.864 28.388 455.243 42.9718 448.491 32.9623 0.305844
1 578.271 473.855 569.2 474.331 568.124 453.806 577.196 453.331 0.324949
1 357.376 193.643 368.796 195.248 365.156 221.149 353.736 219.544 0.331947
1 618.433 197.273 627.502 198.066 625.593 219.882 616.525 219.088 0.336232
1 443.046 39.8031 450.392 49.5519 431.448 63.8275 424.102 54.0787 0.344519
1 589.729 229.706 598.862 230.505 596.963 252.205 587.83 251.406 0.407735
1 597.191 137.098 586.618 137.652 585.356 113.559 595.929 113.005 0.475522
1 371.896 19.796 380.467 27.7894 360.997 48.6691 352.425 40.6758 0.510402
1 613.114 366.319 623.477 367.225 621.308 392.016 610.945 391.11 0.513115
1 395.015 -3.13621 402.949 4.79809 383.85 23.8975 375.915 15.9632 0.564583
