0 292.799 336.228 284.201 345.777 260.945 324.837 269.543 315.288 0.262779
0 25.6403 326.836 16.3177 334.659 -1.73551 313.144 7.58708 305.321 0.302325
1 633.484 78.8331 625.205 84.0063 612.492 63.6616 620.771 58.4884 0.314148
1 546.445 386.58 538.306 392.069 525.758 373.466 533.897 367.976 0.358242
1 620.233 22.1866 612.196 27.2088 601.132 9.50308 609.169 4.48092 0.369815
0 334.422 300.885 323.787 308.899 302.929 281.219 313.564 273.205 0.379882
1 538.655 300.786 531.09 305.888 518.094 286.621 525.659 281.518 0.411704
1 452.756 146.111 444.749 151.512 430.015 129.667 438.022 124.266 0.417136
0 321.668 308.589 311.302 317.923 288.53 292.631 298.895 283.298 0.422314
1 481.66 290.37 473.647 295.774 460.117 275.714 468.129 270.31 0.437581
1 457.193 374.575 465.453 382.278 448.068 400.921 439.808 393.219 0.453482
1 391.017 134.136 383.1 139.888 368.105 119.249 376.022 113.497 0.466068
1 637.291 20.3895 628.751 25.7263 616.167 5.58772 624.707 0.250906 0.489181
