1 295.522 292.51 304.424 293.133 302.727 317.4 293.825 316.778 0.323818
1 291.191 474.474 300.578 475.131 299.025 497.332 289.639 496.675 0.343986
1 565.283 135.286 574.821 135.953 573.28 157.988 563.742 157.321 0.3499
1 557.45 182.404 566.114 183.162 564.117 205.987 555.453 205.229 0.357099
1 509.909 246.908 518.342 247.646 516.571 267.884 508.138 267.147 0.368104
1 477.381 437.789 487.053 438.635 485.027 461.795 475.355 460.949 0.397292
1 503.678 323.273 512.21 324.02 510.253 346.395 501.721 345.649 0.402678
1 280.44 277.899 289.929 278.729 288.139 299.188 278.65 298.358 0.42601
1 495.954 418.22 504.971 419.009 502.942 442.209 493.924 441.42 0.478006
1 490.552 280.006 500.591 280.885 498.291 307.169 488.252 306.291 0.482495
1 558.604 11.1743 568.819 12.4286 565.704 37.7971 555.489 36.5428 0.482612
1 274.226 452.2 283.611 453.021 281.614 475.854 272.229 475.033 0.489385
1 529.37 185.646 539.129 186.5 537.091 209.794 527.332 208.94 0.495242
1 497.947 158.363 507.513 159.199 505.392 183.442 495.826 182.605 0.496586
1 522.68 293.565 532.425 294.418 530.316 318.523 520.571 317.671 0.50213
1 545.536 238.008 555.591 238.887 553.396 263.968 543.341 263.088 0.525328
1 513.179 438.654 523.196 439.884 520.031 465.665 510.013 464.435 0.536609
