0 26.3612 256.05 16.6987 264.158 -1.14389 242.894 8.5186 234.786 0.276475
1 401.279 413.83 411.296 415.778 406.519 440.353 396.502 438.406 0.278225
0 294.74 264.043 285.744 274.035 261.698 252.384 270.695 242.393 0.30826
1 395.051 446.189 404.975 447.057 402.704 473.018 392.78 472.149 0.329178
0 336.402 230.016 325.149 237.607 305.114 207.903 316.367 200.313 0.334458
1 629.045 175.374 635.404 184.802 611.854 200.687 605.495 191.258 0.335033
1 478.437 129.346 470.484 134.711 456.918 114.599 464.872 109.234 0.355577
1 603.77 334.094 596.173 339.218 583.056 319.772 590.653 314.647 0.400634
0 324.123 236.805 313.676 246.212 290.727 220.724 301.174 211.317 0.453784
1 518.682 262.589 510.489 268.115 496.448 247.299 504.642 241.773 0.460424
1 451.47 165.295 443.579 170.225 430.791 149.759 438.681 144.829 0.47601
1 460.048 303.043 468.336 310.771 450.663 329.723 442.375 321.994 0.535554
