1 438.714 320.284 448.255 326.72 435.641 345.422 426.099 338.986 0.259381
0 384.071 95.6679 370.124 99.1453 362.439 68.3221 376.386 64.8448 0.275474
1 380.187 300.298 389.615 305.103 377.81 328.271 368.382 323.467 0.322156
1 456.352 291.97 466.139 299.345 450.742 319.779 440.955 312.404 0.336628
1 463.521 204.976 469.672 214.448 447.238 229.017 441.087 219.545 0.379952
1 489.962 61.4451 480.414 64.7327 473.132 43.585 482.68 40.2974 0.395321
1 625.985 344.42 616.664 347.813 608.163 324.457 617.484 321.064 0.420905
1 623.039 278.738 614.263 281.589 607.568 260.984 616.344 258.133 0.427336
1 589.512 123.234 580.15 127.016 571.333 105.192 580.695 101.409 0.438425
1 575.358 140.458 565.687 144.366 556.122 120.693 565.794 116.785 0.439561
0 360.508 104.455 347.816 109.327 334.646 75.0166 347.338 70.1446 0.448322
1 365.971 331.632 376.023 335.491 366.534 360.211 356.481 356.353 0.449526
0 346.503 108.018 334.043 114.925 317.651 85.3538 330.111 78.4471 0.479639
1 532.506 80.53 523.446 84.1908 513.678 60.0153 522.739 56.3545 0.487689
