1 554.93 33.9321 546.496 36.5107 539.942 15.0738 548.377 12.4952 0.287271
1 564.49 91.5465 556.064 94.1225 549.307 72.0194 557.732 69.4435 0.31239
1 541.432 187.082 533.322 189.408 527.751 169.981 535.862 167.656 0.322038
1 399.649 395.129 389.42 397.87 382.636 372.552 392.865 369.811 0.325154
1 312.688 136.03 303.326 138.714 296.322 114.285 305.683 111.601 0.330543
1 402.566 482.463 393.016 485.021 387.157 463.155 396.707 460.596 0.358775
1 365.219 313.22 356.031 315.681 349.906 292.822 359.094 290.36 0.371566
1 372.874 376.345 363.387 378.711 357.757 356.131 367.244 353.765 0.372429
1 560.436 267.979 551.539 270.033 546.258 247.158 555.155 245.104 0.377569
1 643.292 458.701 633.38 461.543 626.692 438.218 636.603 435.376 0.391996
1 339.88 294.302 330.899 296.708 324.618 273.265 333.598 270.858 0.407522
1 617.095 498.551 607.904 501.014 601.998 478.973 611.189 476.51 0.409271
1 591.123 234.154 581.002 236.865 573.884 210.301 584.005 207.589 0.416993
1 513.305 147.191 504.332 149.429 498.46 125.877 507.433 123.639 0.424156
1 544.347 265.199 534.714 267.601 528.593 243.051 538.226 240.649 0.439158
1 579.199 410.145 569.463 412.937 562.84 389.84 572.576 387.049 0.439898
1 586.22 375.43 577.02 377.895 570.695 354.291 579.895 351.826 0.458914
1 295.77 141.151 286.386 143.665 280.482 121.632 289.866 119.117 0.464309
1 548.174 146.72 539.154 149.136 533.092 126.511 542.111 124.095 0.476098
1 571.569 157.154 561.726 159.792 555.052 134.884 564.895 132.246 0.511078
1 606.827 383.154 596.784 385.289 591.319 359.576 601.362 357.441 0.520339
1 573.508 247.483 564.114 249.825 558.201 226.109 567.595 223.767 0.531853
