1 450.316 237.434 458.978 245.798 441.33 264.074 432.668 255.709 0.342039
1 413.749 283.048 423.912 290.164 409.753 310.384 399.59 303.268 0.365219
0 387.263 36.9638 373.881 40.0532 365.895 5.45963 379.276 2.37024 0.370138
1 429.819 263.411 438.643 270.816 423.582 288.765 414.758 281.361 0.376333
1 374.041 233.87 382.506 240.02 367.134 261.177 358.67 255.027 0.39824
1 355.61 261.398 364.955 266.578 351.632 290.612 342.287 285.432 0.404764
1 596.658 225.614 586.868 227.874 581.225 203.43 591.015 201.17 0.406483
1 392.607 455.68 380.916 457.323 377.059 429.875 388.75 428.232 0.441693
0 371.487 39.7229 357.455 44.0127 347.537 11.5696 361.568 7.27976 0.444047
1 604.332 162.099 594.245 164.059 589.894 141.675 599.981 139.714 0.448366
1 632.644 344.865 622.364 346.863 617.534 322.011 627.813 320.013 0.508336
1 472.153 152.019 477.024 162.465 452.531 173.887 447.659 163.44 0.508536
