1 342.842 314.763 352.603 316.838 347.594 340.403 337.833 338.328 0.277105
1 297.715 472.639 306.538 474.354 302.379 495.751 293.556 494.036 0.278773
1 369.1 160.976 378.226 162.751 373.955 184.726 364.828 182.952 0.296004
1 507.405 491.715 516.184 493.105 513.167 512.157 504.388 510.767 0.312813
1 552.118 339.005 561.306 340.791 556.638 364.805 547.45 363.019 0.329496
1 517.747 415.945 525.647 417.481 521.84 437.062 513.941 435.527 0.3653
1 310.881 93.3467 320.336 94.8442 316.584 118.533 307.129 117.036 0.369361
1 515.48 337.422 524.642 339.203 520.281 361.64 511.119 359.859 0.372299
1 312.423 281.388 321.706 283.193 317.209 306.327 307.926 304.522 0.37555
1 337.277 237.196 346.634 239.015 342.275 261.441 332.918 259.622 0.385832
1 569.693 23.51 579.069 25.3325 574.506 48.8066 565.13 46.9841 0.465031
1 583.311 161.912 593.126 163.82 588.647 186.862 578.832 184.954 0.502344
1 555.195 145.059 565.051 146.975 560.014 172.884 550.158 170.969 0.532128
1 295.257 246.051 306.094 248.157 301.21 273.281 290.374 271.174 0.570478
