1 331.822 220.097 341.384 221.611 337.728 244.692 328.166 243.177 0.3201
1 288.715 399.926 297.803 401.366 294.327 423.312 285.239 421.873 0.336538
1 312.727 349.611 322.686 351.547 318.009 375.611 308.049 373.675 0.345311
1 483.139 489.574 491.985 491.294 487.912 512.245 479.066 510.525 0.353456
1 536.883 69.7625 546.586 71.6484 541.904 95.7317 532.202 93.8457 0.356401
1 547.111 410.763 556.189 413.195 550.149 435.737 541.071 433.305 0.362916
1 323.649 1.64679 332.841 3.43354 327.921 28.7486 318.729 26.9619 0.36573
1 505.854 352.169 514.653 353.879 510.756 373.926 501.957 372.216 0.395377
1 311.941 223.897 321.144 225.686 316.233 250.952 307.03 249.163 0.404899
1 277.209 209.75 286.732 211.602 282.509 233.329 272.985 231.477 0.410602
1 531.334 452.018 539.304 454.153 533.425 476.093 525.455 473.958 0.415877
1 306.958 135.766 317.503 137.437 313.121 165.104 302.576 163.434 0.442325
1 494.975 426.647 503.821 428.527 498.945 451.462 490.1 449.582 0.479223
1 516.756 199.804 526.278 201.654 521.321 227.157 511.799 225.306 0.480856
1 558.087 169.03 567.518 170.863 563.013 194.041 553.582 192.208 0.491042
1 481.404 379.695 490.638 381.49 486.05 405.095 476.815 403.3 0.506205
1 530.797 322.638 540.004 324.428 535.386 348.183 526.179 346.394 0.525275
