1 400.003 249.754 389.875 250.462 388.213 226.699 398.341 225.991 0.301841
1 393.718 52.5061 384.238 53.3355 382.086 28.7384 391.566 27.909 0.307396
1 364.766 325.369 356.203 326.269 353.849 303.873 362.412 302.973 0.34089
1 611.303 308.462 601.73 308.963 600.511 285.704 610.084 285.203 0.347942
1 395.557 353.455 385.983 354.125 384.484 332.682 394.058 332.012 0.353535
1 379.486 194.315 370.366 194.953 368.674 170.755 377.793 170.118 0.372337
1 368.865 432.617 360.116 433.382 358.179 411.241 366.928 410.476 0.379274
1 579.634 401.931 568.354 402.72 566.392 374.661 577.672 373.872 0.417759
1 341.366 197.48 331.396 198.352 329.512 176.827 339.483 175.954 0.433025
1 326.229 353.672 316.331 354.538 314.231 330.538 324.13 329.672 0.477522
1 573.65 139.641 562.988 140.386 561.205 114.887 571.867 114.141 0.48328
1 371.424 60.5856 360.287 61.56 358.045 35.9299 369.181 34.9555 0.495593
1 609.428 132.716 598.883 133.453 597.16 108.817 607.705 108.079 0.516405
1 357.978 168.28 348.314 169.126 346.285 145.926 355.949 145.081 0.521801
1 336.703 73.214 325.859 74.1627 323.619 48.5532 334.462 47.6045 0.554678
