1 354.853 74.2396 345.506 75.0575 343.342 50.3284 352.69 49.5106 0.259628
1 332.085 504.031 322.392 505.05 320.266 484.817 329.958 483.798 0.269763
1 307.608 359.178 297.307 359.898 295.698 336.883 305.999 336.162 0.357129
1 336.947 122.783 327.557 123.605 325.343 98.2922 334.732 97.4707 0.364417
1 367.442 456.266 357.102 456.808 355.793 431.83 366.133 431.288 0.384369
1 344.652 355.754 335.716 356.536 333.657 332.998 342.593 332.217 0.405769
1 297.406 131.564 287.799 132.404 285.612 107.403 295.218 106.562 0.431504
1 324.976 336.034 315.209 336.546 313.882 311.227 323.649 310.715 0.469002
1 312.514 482.674 303.716 483.444 301.715 460.574 310.514 459.805 0.476052
1 572.949 158.216 562.558 158.943 560.804 133.851 571.195 133.125 0.484854
1 540.651 324.835 528.571 325.468 527.023 295.925 539.103 295.292 0.504415
1 347.438 295.079 337.632 295.936 335.507 271.649 345.313 270.791 0.519592
1 531.832 28.2419 521.614 28.7774 520.272 3.18361 530.491 2.64808 0.530125
1 552.541 467.808 541.746 468.374 540.459 443.822 551.255 443.257 0.533108
1 578.115 300.052 568.062 300.579 566.756 275.662 576.809 275.135 0.5711
