1 387.755 210.205 397.331 212.067 392.901 234.859 383.325 232.997 0.25007
1 530.204 483.246 539.918 485.311 535.577 505.734 525.863 503.669 0.312699
1 335.681 419.424 343.663 420.976 339.241 443.724 331.259 442.172 0.364344
1 388.418 107.335 398.188 108.882 394.018 135.21 384.248 133.663 0.374332
1 305.791 451.322 315.238 452.148 313.259 474.77 303.812 473.944 0.401375
1 310.269 371.855 320.222 373.79 315.446 398.362 305.493 396.427 0.419653
1 349.097 199.695 357.972 201.42 353.615 223.833 344.741 222.108 0.44503
1 575.637 349.863 584.559 351.597 579.908 375.528 570.985 373.794 0.50067
1 610.894 159.047 621.233 161.057 616.517 185.318 606.179 183.308 0.503934
1 596.071 92.6133 606.229 94.9584 600.195 121.096 590.037 118.751 0.520674
1 554.982 274.503 564.737 276.399 559.869 301.44 550.114 299.543 0.551386
