1 562.895 511.617 554.451 512.356 552.716 492.518 561.159 491.779 0.313506
1 367.529 482.821 356.927 483.377 355.653 459.06 366.255 458.505 0.388637
1 311.967 129.507 302.514 130.334 300.351 105.602 309.804 104.775 0.406266
1 320.433 296.335 310.751 297.182 308.549 272.015 318.231 271.168 0.423989
1 354.48 222.199 345.031 222.859 343.354 198.874 352.802 198.214 0.428911
1 340.97 289.529 331.744 290.336 329.584 265.648 338.81 264.841 0.449883
1 332.411 143.216 322.732 144.062 320.724 121.116 330.403 120.269 0.45812
1 591.363 294.985 581.822 295.485 580.54 271.024 590.081 270.524 0.471309
1 587.304 145.132 576.772 145.868 575.038 121.068 585.57 120.332 0.51787
1 556.024 349.553 545.526 350.471 543.192 323.793 553.69 322.875 0.533506
