1 285.002 205.6 294.373 206.256 292.684 230.422 283.312 229.767 0.318041
1 218.58 461.357 227.897 461.683 227.095 484.666 217.778 484.341 0.366334
1 500.335 346.783 510.779 347.513 509.02 372.673 498.575 371.942 0.373984
1 210.591 369.441 219.558 370.069 217.898 393.812 208.93 393.185 0.400696
1 205.339 302.662 214.544 303.305 212.997 325.434 203.792 324.79 0.406726
1 531.508 432.928 542.261 433.68 540.461 459.423 529.708 458.671 0.419233
1 265.357 308.038 274.692 308.69 272.983 333.124 263.648 332.472 0.431929
1 271.032 103.944 280.407 104.599 278.732 128.55 269.357 127.894 0.432071
1 249.733 404.267 239.581 404.977 238.017 382.61 248.169 381.9 0.440058
1 470.214 197.213 481.334 198.186 478.907 225.924 467.788 224.951 0.501145
1 479.845 325.705 490.48 326.635 488.246 352.173 477.611 351.242 0.501799
1 513.518 404.974 522.917 405.631 521.288 428.923 511.889 428.266 0.508014
1 505.678 206.485 516.205 207.221 514.442 232.432 503.915 231.696 0.534039
