1 72.5354 69.9258 55.6887 74.1261 43.3847 24.7776 60.2314 20.5773 0.294608
1 399.141 509.383 388.139 511.722 382.859 486.881 393.861 484.543 0.330878
1 418 419.055 407.743 421.613 401.631 397.1 411.888 394.543 0.352126
1 396.183 141.25 385.962 143.988 378.663 116.749 388.884 114.011 0.35571
1 75.1388 257.399 65.6616 259.938 59.4738 236.845 68.951 234.306 0.390235
1 76.9134 177.593 67.3218 180.163 61.1267 157.042 70.7183 154.472 0.424609
1 119.34 277.27 108.74 279.913 102.177 253.592 112.777 250.949 0.427985
1 140.581 359.18 130.341 361.923 123.722 337.22 133.962 334.477 0.443853
1 303.692 79.3369 294.229 81.6965 288.188 57.468 297.651 55.1084 0.447786
1 99.7667 166.65 90.1198 169.055 83.8792 144.026 93.5261 141.62 0.477343
1 161.041 359.559 151.667 361.896 145.835 338.503 155.208 336.166 0.483617
1 353.72 250.475 343.722 252.967 337.078 226.318 347.075 223.825 0.491818
1 378.781 328.167 368.853 330.642 362.337 304.505 372.264 302.029 0.507187
1 450.173 473.892 439.649 476.516 432.794 449.022 443.318 446.398 0.511198
1 448.548 376.07 438.376 378.606 431.954 352.85 442.126 350.314 0.512243
1 386.87 189.142 376.184 192.006 369.395 166.668 380.081 163.804 0.51691
