1 103.48 21.7009 112.839 24.2084 106.248 48.8036 96.8901 46.2961 0.333006
1 290.18 265.144 300.58 267.165 295.674 292.403 285.275 290.382 0.359453
1 27.8697 83.3043 38.264 85.704 33.0764 108.174 22.6821 105.774 0.372316
1 54.2181 214.544 63.2331 216.625 57.7548 240.354 48.7398 238.273 0.385533
1 193.896 443.548 203.068 446.006 196.68 469.847 187.508 467.39 0.431087
1 4.30981 392.945 14.1756 395.223 8.72114 418.849 -1.14466 416.571 0.461125
1 257.433 166.957 266.783 169.116 261.06 193.908 251.709 191.749 0.46227
1 51.4521 71.9281 61.9469 74.3511 55.953 100.313 45.4582 97.8906 0.470737
1 263.726 220.909 273.375 223.494 266.614 248.727 256.964 246.141 0.519386
1 334.553 65.3393 345.158 67.5935 339.536 94.0435 328.931 91.7894 0.535072
1 14.68 150.13 24.3784 152.728 17.8233 177.192 8.12497 174.593 0.536903
1 319.873 41.3542 330.022 43.6973 324.367 68.1929 314.218 65.8498 0.538256
1 30.688 159.468 40.4837 161.372 35.7957 185.49 26 183.586 0.562817
1 343.052 120.042 353.568 122.47 347.532 148.614 337.016 146.186 0.576215
