1 295.358 431.402 305.12 433.656 299.765 456.853 290.002 454.599 0.263188
1 363.564 385.844 375.065 388.079 369.968 414.302 358.467 412.066 0.360895
1 82.2335 453.458 90.2842 455.023 85.9547 477.296 77.9039 475.731 0.383949
1 157.839 145.522 166.841 147.767 161.006 171.169 152.004 168.925 0.396071
1 395.379 244.599 405.715 246.608 400.739 272.208 390.403 270.199 0.417377
1 112.785 167.712 121.327 170.001 115.301 192.49 106.758 190.201 0.418652
1 142.757 126.843 151.621 129.218 145.255 152.976 136.392 150.601 0.454701
1 428.48 8.64119 439.205 11.1171 433.633 35.2532 422.908 32.7773 0.470065
1 180.85 126.972 189.854 129.385 183.746 152.178 174.742 149.765 0.470519
1 123.429 294.574 132.827 297.092 126.388 321.12 116.991 318.602 0.474754
1 370.908 189.249 381.259 191.638 375.475 216.693 365.124 214.303 0.478202
1 138.391 52.1369 148.601 54.4941 143.125 78.2159 132.915 75.8587 0.478926
1 369.293 119.212 378.536 121.688 371.941 146.3 362.698 143.824 0.516171
1 443.648 117.831 453.349 120.071 447.818 144.031 438.116 141.791 0.519323
1 160.532 39.0826 171.439 41.6007 164.729 70.6629 153.822 68.1448 0.574337
1 432.679 73.5362 443.047 75.9299 437.033 101.979 426.665 99.5853 0.61144
