1 449.182 85.4134 458.584 87.584 452.768 112.774 443.366 110.603 0.27541
1 282.034 -5.4726 291.706 -2.88112 284.79 22.9287 275.119 20.3372 0.27938
1 199.645 122.978 208.479 125.345 202.616 147.226 193.782 144.859 0.298058
1 194.106 45.4645 203.812 48.0653 197.671 70.9854 187.965 68.3845 0.347658
1 124.215 456.659 132.815 458.33 128.463 480.719 119.864 479.047 0.370622
1 220.997 90.1859 230.938 92.481 225.48 116.121 215.539 113.826 0.378096
1 196.548 211.643 204.871 213.564 199.984 234.732 191.661 232.811 0.38757
1 232.015 7.03798 240.924 9.93287 233.191 33.7323 224.282 30.8374 0.396936
1 467.624 240.692 477.998 242.709 473.09 267.961 462.715 265.944 0.438865
1 450.404 158.869 460.152 161.119 454.406 186.009 444.658 183.758 0.440589
1 432.952 303.75 443.941 306.086 438.774 330.392 427.785 328.057 0.472101
1 199.202 286.924 208.674 289.11 203.171 312.948 193.699 310.761 0.479711
1 226.398 170.435 236.51 172.77 230.356 199.425 220.245 197.091 0.4822
1 503.038 3.24549 513.361 5.25197 508.814 28.6414 498.492 26.635 0.487819
1 373.597 408.674 383.058 410.685 377.986 434.547 368.525 432.536 0.489773
1 522.864 79.1029 533.77 81.2228 528.968 105.928 518.062 103.808 0.512161
1 503.06 78.2999 513.822 80.7843 508.082 105.646 497.321 103.161 0.588271
