1 420.663 242.486 430.954 244.486 426.155 269.172 415.864 267.172 0.318308
1 140.326 430.051 149.293 432.121 144.28 453.836 135.313 451.766 0.412547
1 97.7374 359.623 106.337 361.927 100.325 384.366 91.7249 382.062 0.416148
1 106.451 409.229 115.98 411.962 109.122 435.877 99.5932 433.145 0.429583
1 75.3766 459.068 84.6994 460.88 80.3171 483.425 70.9942 481.613 0.432399
1 119.545 442.007 128.377 444.046 123.08 466.99 114.248 464.951 0.449591
1 322.397 426.448 331.807 428.277 327.212 451.917 317.802 450.088 0.451943
1 398.446 179.398 408.357 181.325 403.301 207.336 393.39 205.409 0.452283
1 196.794 7.60636 205.996 10.0721 199.45 34.5014 190.248 32.0357 0.462855
1 396.402 108.033 406.077 110.267 400.384 134.922 390.71 132.689 0.475782
1 455.36 6.21723 465.529 8.56496 459.88 33.0357 449.711 30.6879 0.488003
1 385.247 356.411 395.908 358.483 391.031 383.572 380.371 381.499 0.490581
1 471.306 108.014 480.873 110.223 475.125 135.121 465.557 132.912 0.502027
1 123.983 323.288 134.219 325.277 128.83 353 118.595 351.01 0.524281
1 158.356 238.16 168.066 240.047 163.327 264.425 153.618 262.538 0.555055
1 140.371 230.755 150.018 232.982 144.427 257.202 134.779 254.975 0.579761
1 457.615 73.7292 468.544 76.2524 462.315 103.232 451.386 100.709 0.582267
