1 356.087 207.407 347.883 208.56 344.903 187.36 353.108 186.207 0.309354
1 362.999 506.677 353.448 508.019 350.33 485.832 359.881 484.49 0.392057
1 375.484 376.126 366.093 377.279 363.344 354.887 372.734 353.734 0.413076
1 548.062 186.354 538.188 188.274 533.517 164.243 543.391 162.324 0.434562
1 276.429 31.249 266.316 33.0321 261.85 7.70336 271.962 5.92029 0.436017
1 312.212 102.244 303.02 103.865 298.751 79.6527 307.943 78.0319 0.439968
1 332.945 296.237 323.099 298.151 318.172 272.803 328.017 270.889 0.444072
1 312.862 170.972 303.719 172.584 299.572 149.063 308.715 147.45 0.446219
1 322.011 59.5124 311.14 62.0221 304.16 31.7888 315.031 29.279 0.450837
1 396.607 481.565 386.318 483.012 382.501 455.853 392.791 454.406 0.462544
1 575.401 345.242 565.012 347.261 560.164 322.32 570.553 320.3 0.463977
1 548.803 71.8882 538.546 73.8819 533.813 49.5326 544.07 47.5389 0.473543
1 616.882 421.996 606.084 423.513 602.523 398.176 613.321 396.659 0.47406
1 589.032 235.831 579.686 237.479 575.441 213.404 584.787 211.756 0.493628
1 601.483 161.163 591.47 163.109 586.581 137.958 596.594 136.012 0.515878
1 404.312 412.424 394.547 413.796 391.025 388.732 400.789 387.359 0.545789
