1 370.396 185.564 379.242 187.606 373.824 211.075 364.977 209.033 0.286007
1 304.376 213.936 312.956 216.235 306.538 240.188 297.957 237.889 0.397772
1 332.017 349.791 340.631 352.099 334.539 374.833 325.925 372.525 0.402067
1 325.614 126.918 335.341 128.809 330.294 154.777 320.567 152.886 0.421676
1 369.67 133.618 377.553 136.179 369.917 159.678 362.035 157.117 0.423747
1 494.48 473.865 504.379 476.15 498.742 500.57 488.842 498.284 0.428746
1 301.365 341.752 310.553 344.387 304.029 367.138 294.841 364.504 0.433442
1 622.592 20.3375 632.606 22.6493 627.271 45.7581 617.257 43.4462 0.435778
1 356.082 58.2046 365.553 60.3911 359.183 87.9835 349.712 85.7971 0.436347
1 296.189 418.339 304.622 420.599 298.581 443.142 290.149 440.882 0.443207
1 588.946 255.374 599.137 257.727 593.486 282.205 583.295 279.852 0.450704
1 588.85 85.8048 598.377 88.0045 592.956 111.485 583.429 109.286 0.452589
1 515.856 320.213 525.614 322.109 521.061 345.532 511.304 343.635 0.456284
1 384.36 30.5588 393.462 33.3416 386.032 57.6444 376.93 54.8616 0.466711
1 251.604 432.97 262.529 435.094 257.64 460.243 246.716 458.119 0.46724
1 585.267 27.2948 594.643 29.4594 588.967 54.0422 579.591 51.8776 0.484243
1 531.33 402.547 540.968 405.13 534.408 429.614 524.769 427.031 0.520705
1 568.019 201.413 578.693 203.488 573.824 228.539 563.149 226.464 0.542067
1 623.302 91.3086 633.511 93.2931 628.685 118.123 618.475 116.139 0.569026
