1 280.383 294.739 284.109 303.962 261.743 312.998 258.017 303.775 0.252795
1 85.0365 368.444 86.5885 379.487 63.2941 382.761 61.7421 371.718 0.258998
1 493.428 32.1115 505.121 36.5999 496.179 59.8922 484.487 55.4038 0.277835
1 283.523 48.971 274.827 53.402 264.005 32.1637 272.701 27.7327 0.286581
1 485.676 57.8114 496.337 62.7826 487.108 82.5739 476.447 77.6027 0.288113
1 474.444 86.6771 484.985 92.5195 472.778 114.541 462.238 108.698 0.311135
1 533.354 488.755 524.737 492.773 515.379 472.704 523.995 468.686 0.320343
0 583.623 324.907 570.932 329.779 559.581 300.211 572.273 295.339 0.329182
1 83.4321 127.429 75.6529 131.392 65.2857 111.046 73.065 107.082 0.329726
1 561.805 9.6817 571.571 10.3646 570.072 31.8014 560.306 31.1185 0.336733
1 443.56 421.915 434.565 426.499 422.596 403.008 431.591 398.424 0.34475
1 546.952 70.4627 557.222 74.4053 547.777 99.0114 537.506 95.0687 0.347065
1 21.2072 372.868 22.3234 383.489 -5.90095 386.455 -7.01719 375.835 0.348638
1 307.27 283.09 311.97 293.17 288.085 304.307 283.385 294.228 0.383571
1 244.224 466.718 236.145 469.982 228.125 450.13 236.203 446.866 0.385018
1 123.051 159.991 115.126 164.029 104.391 142.96 112.316 138.923 0.404164
1 148.975 333.659 140.986 337.555 131.192 317.474 139.181 313.577 0.405078
1 217.033 434.337 208.827 438.164 199.381 417.906 207.587 414.08 0.415676
1 324.497 189.214 315.192 193.752 304.237 171.291 313.542 166.753 0.423432
1 491.736 90.2964 501.269 94.7418 490.518 117.797 480.985 113.352 0.444931
0 624.455 304.075 613.228 311.647 594.84 284.387 606.067 276.814 0.445061
1 114.897 258.822 106.524 262.727 95.7918 239.712 104.165 235.807 0.449271
1 98.1846 191.935 89.5596 195.957 79.7187 174.853 88.3437 170.831 0.451378
1 499.322 374.562 490.665 378.973 478.976 356.031 487.633 351.62 0.455902
1 68.2615 167.935 59.9584 172.166 49.9935 152.609 58.2966 148.378 0.457408
1 118.613 188.161 110.304 192.214 99.8584 170.798 108.168 166.745 0.458736
1 446.416 261.117 436.773 265.614 425.962 242.431 435.605 237.934 0.462872
1 194.551 370.854 186.096 374.27 176.944 351.619 185.399 348.203 0.464042
1 505.83 475.599 496.62 480.091 485.927 458.167 495.137 453.675 0.473008
1 33.7852 92.3296 25.1224 96.3691 15.7947 76.3659 24.4575 72.3264 0.47355
1 75.3583 64.3472 67.3997 68.0583 57.6166 47.0784 65.5752 43.3672 0.477901
1 198.291 436.704 189.828 440.651 179.949 419.465 188.412 415.518 0.479114
0 608.733 316.027 596.371 321.791 581.428 289.746 593.79 283.982 0.480153
1 347.908 99.4549 338.659 104.167 326.996 81.2762 336.244 76.5639 0.484805
1 554.894 38.3595 565.522 41.2074 558.707 66.6419 548.079 63.7939 0.491821
1 36.4772 56.2247 27.6452 60.3431 17.1752 37.8902 26.0072 33.7718 0.493713
1 476.363 366.926 467.203 371.593 456.033 349.67 465.193 345.002 0.494984
1 229.918 413.295 221.298 417.315 211.309 395.893 219.928 391.873 0.499225
1 384.244 216.748 374.951 221.483 363.517 199.044 372.81 194.308 0.517908
1 171.677 268.08 162.322 272.846 149.947 248.558 159.301 243.791 0.541068
1 57.0709 372.493 58.0022 383.138 33.2328 385.305 32.3016 374.66 0.555079
1 487.721 176.664 494.76 185.356 474.897 201.441 467.858 192.749 0.58451
1 445.125 377.083 436.103 381.68 424.488 358.885 433.511 354.288 0.588979
