1 552.513 37.9166 564.556 47.326 543.646 74.0892 531.603 64.6798 0.275761
1 466.964 210.031 457.586 214.605 446.265 191.394 455.644 186.82 0.282264
1 205.422 58.8053 196.701 62.8718 188.138 44.5085 196.859 40.442 0.288702
1 321.014 50.0586 325.978 60.704 301.568 72.0863 296.604 61.4409 0.323977
1 163.543 13.9959 154.453 18.2348 143.697 -4.83181 152.787 -9.07063 0.332291
1 294.174 62.0005 298.073 71.65 275.006 80.9695 271.108 71.3199 0.333959
1 66.5819 144.059 66.5819 154.174 42.0721 154.174 42.0721 144.059 0.349055
0 623.969 87.9667 611.766 93.9184 595.961 61.5146 608.164 55.5629 0.354431
1 194.313 81.7708 185.434 85.7242 175.624 63.6915 184.504 59.738 0.400893
1 298.328 297.243 290.236 301.016 280.498 280.132 288.59 276.358 0.402511
1 574.149 426.167 564.94 430.659 553.491 407.186 562.701 402.694 0.413025
0 639.657 78.1126 628.249 85.5214 609.743 57.0252 621.151 49.6163 0.414791
1 255.631 210.313 247.062 214.309 237.154 193.06 245.723 189.064 0.422816
1 235.144 244.108 225.976 248.579 213.69 223.389 222.858 218.917 0.446395
1 393.451 53.5192 385.177 57.7348 374.371 36.5271 382.645 32.3115 0.456196
1 246.267 151.336 238.22 155.089 228.286 133.785 236.333 130.033 0.461957
1 382.982 480.794 372.649 486.059 358.912 459.098 369.245 453.833 0.468499
1 465.978 69.0663 456.633 74.462 444.053 52.6736 453.399 47.278 0.476602
1 172.334 121.057 164.222 124.839 154.124 103.183 162.236 99.4006 0.48538
1 306.21 359.812 296.699 363.655 287.294 340.377 296.805 336.534 0.488583
1 599.132 309.549 590.452 313.782 579.522 291.371 588.201 287.137 0.497463
1 600.698 354.735 591.868 359.833 579.412 338.26 588.242 333.162 0.498215
1 172.172 78.3108 163.909 82.3409 153.12 60.2202 161.383 56.1901 0.506281
1 86.6737 119.032 88.157 129.586 62.7208 133.161 61.2375 122.607 0.530201
1 433.86 75.7667 425.191 80.7718 412.77 59.258 421.439 54.2529 0.533318
1 623.299 469.667 614.179 474.314 603.029 452.432 612.15 447.785 0.558274
1 532.372 253.202 522.867 257.839 511.436 234.402 520.942 229.766 0.585158
