1 477.229 281.066 489.756 285.875 481.113 308.391 468.586 303.582 0.25522
1 479.916 154.618 469.806 158.702 460.038 134.524 470.148 130.439 0.262948
1 515.405 366.677 524.645 372.451 513.001 391.085 503.761 385.311 0.310445
1 546.76 258.598 557.12 259.323 555.623 280.73 545.263 280.006 0.326626
1 365.952 508.794 357.304 513.2 346.134 491.279 354.783 486.873 0.332459
1 229.264 270.375 220.449 274.866 209.009 252.414 217.824 247.922 0.341389
1 548.856 144.806 539.823 150.899 525.028 128.965 534.061 122.872 0.344629
1 234.692 201.835 226.118 206.203 214.968 184.32 223.542 179.951 0.375029
1 155.428 32.7703 146.79 37.7573 133.727 15.1304 142.364 10.1434 0.376701
1 39.856 281.947 31.926 286.163 21.1721 265.938 29.1021 261.721 0.388145
1 281.871 249.845 273.273 254.417 262.152 233.502 270.75 228.931 0.390114
1 216.47 71.7281 208.008 76.0398 196.771 53.9849 205.233 49.6731 0.394803
1 470.995 305.531 481.398 310.382 471.893 330.766 461.49 325.915 0.39904
1 41.9773 342.73 33.8839 346.504 24.2417 325.826 32.3351 322.052 0.409484
1 95.8024 414.305 87.3868 418.779 76.9349 399.122 85.3504 394.648 0.418484
1 71.8626 337.84 63.6697 342.196 52.6839 321.535 60.8768 317.178 0.427151
1 325.586 342.693 316.915 346.736 307.016 325.508 315.687 321.465 0.438619
1 378.513 416.024 370.396 419.983 359.504 397.651 367.621 393.692 0.449647
1 293.482 402.005 284.04 406.816 272.186 383.55 281.628 378.739 0.459045
1 331.182 455.543 322.735 459.482 311.769 435.966 320.216 432.027 0.46682
1 246.43 156.081 238.136 160.307 226.598 137.663 234.892 133.437 0.47072
1 100.738 501.078 92.3693 505.717 80.758 484.77 89.1267 480.131 0.477478
1 545.771 227.846 556.388 228.775 554.398 251.525 543.781 250.596 0.49891
1 531.194 317.735 542.126 321.931 532.334 347.441 521.401 343.245 0.501518
1 491.893 304.612 502.124 307.937 494.506 331.381 484.276 328.057 0.503529
1 459.986 334.164 470.744 340.886 456.83 363.152 446.073 356.43 0.50631
1 540.078 286.121 551.026 289.055 543.871 315.755 532.923 312.822 0.520992
1 163.886 90.3971 154.818 95.0176 143.151 72.1211 152.219 67.5006 0.542228
1 471.46 423.817 478.237 432.186 458.613 448.077 451.836 439.708 0.546754
