1 131.793 492.232 134.812 503.498 112.019 509.605 109 498.339 0.27051
1 465.74 242.279 474.225 248.908 460.311 266.717 451.826 260.088 0.279906
0 623.528 387.482 612.535 394.351 596.451 368.611 607.443 361.742 0.280902
0 637.917 375.727 627.089 384.186 609.496 361.668 620.323 353.208 0.284106
1 333.602 392.894 338.828 401.945 316.649 414.75 311.424 405.699 0.30569
1 105.636 498.688 107.576 508.667 84.6088 513.132 82.6689 503.152 0.320108
1 489.858 130.94 502.374 134.528 495.408 158.821 482.892 155.232 0.331835
1 93.003 235.871 85.686 240.807 73.5184 222.767 80.8355 217.832 0.353768
1 505.764 219.214 513.972 224.751 499.904 245.606 491.697 240.07 0.368634
1 415.467 427.075 407.116 432.293 395.87 414.296 404.221 409.078 0.370875
1 485.508 155.165 496.279 159.3 487.983 180.91 477.212 176.776 0.384028
1 356.725 328.167 349.096 333.312 336.75 315.009 344.379 309.863 0.384516
1 477.026 185.161 488.917 190.706 477.516 215.156 465.625 209.611 0.403202
1 336.261 270.755 328.286 276.134 315.465 257.127 323.44 251.748 0.403614
1 195.618 385.684 188.3 390.62 175.821 372.119 183.138 367.183 0.411731
1 17.0154 146.788 9.56439 151.813 -2.79947 133.483 4.65158 128.457 0.419414
1 43.8223 246.513 36.5245 251.436 23.53 232.171 30.8279 227.248 0.419574
1 261.822 493.876 254.321 498.935 242.437 481.317 249.939 476.258 0.42697
1 458.323 459.515 450.855 464.552 438.423 446.122 445.891 441.085 0.436648
1 158.099 386.721 150.919 391.564 138.507 373.162 145.687 368.319 0.440403
1 202.553 98.4419 194.703 103.736 181.257 83.8007 189.106 78.5062 0.461519
1 385.706 273.664 377.174 279.419 363.298 258.846 371.829 253.092 0.462345
1 55.0448 488.311 55.8181 497.15 32.8623 499.158 32.089 490.32 0.466567
1 197.681 418.31 190.185 423.367 177.793 404.995 185.29 399.939 0.467
1 563.826 90.4421 553.23 91.1831 551.646 68.5421 562.243 67.8012 0.476957
1 546.806 160.66 557.409 163.501 550.372 189.761 539.769 186.92 0.478435
1 239.568 121.066 231.711 126.365 218.158 106.272 226.015 100.972 0.481163
1 227.942 62.6632 220.572 67.6341 207.352 48.0342 214.721 43.0633 0.483519
1 31.0828 198.514 23.3171 203.752 9.57132 183.373 17.3371 178.135 0.494245
1 552.596 127.65 563.796 129.827 558.474 157.205 547.274 155.028 0.497667
1 371.594 285.558 363.532 290.996 349.008 269.463 357.07 264.025 0.514064
1 496.884 272.947 504.638 280.435 487.513 298.169 479.759 290.681 0.534559
1 186.777 34.5705 178.177 40.3715 163.718 18.9359 172.319 13.1348 0.548972
1 444.753 370.417 435.999 375.887 422.606 354.454 431.36 348.984 0.561558
