1 546.765 248.858 557.003 249.574 555.443 271.887 545.204 271.171 0.277244
1 334.33 79.3708 342.318 88.5593 321.109 106.996 313.121 97.8074 0.284288
1 479.862 143.668 470.064 147.627 460.599 124.2 470.397 120.242 0.31661
1 548.353 133.91 538.992 139.759 525.656 118.417 535.017 112.568 0.324051
1 477.546 271.732 489.867 276.462 480.922 299.764 468.601 295.035 0.327121
1 175.967 150.796 167.056 154.951 157.086 133.571 165.997 129.415 0.360121
1 525.197 84.8198 515.578 89.3055 504.298 65.1171 513.918 60.6314 0.371106
1 291.903 398.214 283.329 402.212 273.156 380.396 281.73 376.398 0.386945
1 84.7253 353.062 76.793 357.641 65.6442 338.331 73.5765 333.751 0.395535
1 471.395 296.513 481.645 301.736 471.174 322.288 460.923 317.065 0.408294
1 74.05 482.518 65.7564 486.743 55.4461 466.508 63.7397 462.282 0.412832
1 306.677 384.397 298.438 388.595 287.426 366.981 295.664 362.784 0.413927
1 335.694 478.717 327.291 482.635 317.516 461.672 325.919 457.754 0.420992
1 206.942 95.3556 198.669 99.2136 189.026 78.5341 197.299 74.6761 0.421069
1 233.403 101.455 225.033 105.538 214.356 83.6469 222.726 79.5646 0.437903
1 253.657 215.618 246.002 219.861 234.95 199.923 242.605 195.68 0.445742
1 545.505 218.116 556.424 218.879 554.832 241.649 543.913 240.885 0.456159
1 203.733 162.96 195.276 167.085 184.191 144.358 192.649 140.233 0.460646
1 530.982 309.022 541.767 313.162 532.036 338.512 521.25 334.372 0.470844
1 88.8049 393.367 80.3013 398.276 68.3245 377.532 76.8281 372.622 0.47231
1 141.884 474.101 134.232 478.518 122.696 458.537 130.347 454.119 0.481679
1 458.84 324.999 469.931 331.147 456.941 354.582 445.849 348.434 0.502767
1 315.434 356.514 307.215 360.347 297.051 338.55 305.27 334.717 0.512545
1 48.7287 349.115 40.3539 353.199 30.0091 331.99 38.3839 327.905 0.51372
1 540.36 277.177 551.057 280.245 543.541 306.454 532.844 303.387 0.51423
1 462.615 358.136 470.742 364.956 454.755 384.008 446.628 377.189 0.515056
1 471.214 414.195 477.948 422.51 458.023 438.645 451.289 430.33 0.551498
