1 486.226 184.685 474.696 187.559 469.537 166.869 481.067 163.995 0.260998
1 524.554 97.4488 515.128 101.646 504.5 77.7747 513.926 73.5779 0.288876
1 477.67 284.574 489.596 289.152 480.551 312.715 468.625 308.137 0.306374
1 480.026 156.951 470.176 160.931 460.482 136.938 470.333 132.958 0.311356
1 470.782 308.796 481.218 313.662 471.72 334.03 461.284 329.163 0.331759
1 282.317 216.819 273.991 220.526 264.095 198.299 272.421 194.592 0.343684
1 215.07 243.943 206.073 248.331 195.732 227.129 204.729 222.741 0.360617
1 338.856 504.208 330.063 508.123 320.267 486.121 329.06 482.206 0.371078
1 334.255 92.7886 342.404 101.226 321.678 121.241 313.53 112.803 0.375229
1 50.6389 299.04 41.6876 303.214 32.3146 283.114 41.2658 278.94 0.377812
1 27.5453 401.775 18.5267 406.981 6.72186 386.535 15.7405 381.328 0.383354
1 248.513 272.062 239.725 276.16 229.05 253.268 237.838 249.17 0.408237
1 142.038 481.106 134.027 485.013 124.439 465.355 132.45 461.448 0.416948
1 246.936 186.604 239.046 191.159 227.298 170.811 235.188 166.255 0.424462
1 549.153 147.096 539.939 153.311 525.115 131.335 534.33 125.119 0.436176
1 106.486 418.136 98.9258 421.988 88.6108 401.744 96.1713 397.892 0.446143
1 296.146 367.767 287.288 372.28 276.067 350.258 284.925 345.744 0.450206
1 359.503 459.249 351.22 463.289 340.738 441.799 349.021 437.759 0.461767
1 16.1097 291.666 7.42454 296.68 -5.20827 274.799 3.47691 269.785 0.467891
1 303.309 327.263 295.09 331.451 284.715 311.089 292.934 306.901 0.469718
1 460.436 336.772 470.747 343.215 456.419 366.144 446.109 359.701 0.486574
1 343.883 472.944 335.079 477.625 323.526 455.897 332.33 451.216 0.488685
1 546.091 230.41 556.554 231.325 554.557 254.145 544.094 253.23 0.496057
1 210.049 101.309 201.429 105.701 190.482 84.2146 199.101 79.823 0.496967
1 116.131 494.83 107.784 499.083 96.9745 477.868 105.321 473.615 0.498701
1 531.387 320.36 541.834 324.37 532.125 349.663 521.678 345.652 0.506828
1 55.2776 340.029 47.113 344.555 35.6187 323.818 43.7834 319.293 0.522617
1 149.645 106.897 139.742 111.514 128.527 87.4647 138.43 82.8468 0.523313
1 474.406 351.292 483.673 356.428 471.687 378.051 462.42 372.914 0.52837
1 539.733 288.815 550.771 291.772 543.727 318.062 532.689 315.105 0.543386
1 471.443 425.955 478.162 434.253 458.571 450.117 451.852 441.82 0.601803
