1 490.217 492.309 496.115 500.135 477.307 514.307 471.41 506.481 0.298437
1 616.607 415.105 621.143 422.363 601.626 434.558 597.091 427.3 0.304377
1 533.968 405.038 538.456 413.48 519.07 423.787 514.582 415.345 0.307967
1 403.001 37.5056 399.926 49.8368 374.999 43.6217 378.073 31.2905 0.331836
1 184.399 23.3971 189.936 32.6121 167.189 46.2796 161.652 37.0646 0.338314
1 156.395 446.716 161.5 454.285 143.177 466.644 138.072 459.075 0.352532
1 350.369 292.06 355.322 299.134 335.081 313.307 330.128 306.233 0.377039
1 232.706 220.774 224.793 229.877 204.154 211.936 212.067 202.833 0.384563
1 363.367 314.535 368.511 322.161 350.863 334.065 345.719 326.438 0.390545
1 608.951 134.661 614.06 142.527 593.161 156.099 588.052 148.232 0.394221
1 515.025 196.625 519.528 203.558 499.979 216.253 495.477 209.319 0.399334
1 378.311 235.661 383.535 243.406 363.468 256.941 358.244 249.197 0.4103
1 563.401 407.738 567.82 415.392 549.118 426.19 544.699 418.535 0.41131
1 426.24 42.9926 423.328 54.6739 400.54 48.9923 403.452 37.311 0.42105
1 522.998 55.2531 516.626 63.4086 499.096 49.713 505.468 41.5575 0.421698
1 64.4722 461.153 69.0577 468.491 49.7848 480.534 45.1993 473.196 0.425469
1 459.55 53.8075 454.978 65.1256 430.716 55.3233 435.289 44.0051 0.437296
1 506.194 463.255 511.075 471.066 491.325 483.407 486.444 475.596 0.438037
1 154.9 417.756 159.533 425.467 140.04 437.18 135.407 429.469 0.468565
1 257.286 378.486 262.738 386.569 244.013 399.199 238.561 391.117 0.471201
1 269.383 307.149 274.215 314.881 253.981 327.524 249.15 319.792 0.473827
1 486.564 451.404 491.163 458.487 471.884 471.008 467.284 463.925 0.487055
1 89.6811 467.944 94.9073 475.692 75.004 489.117 69.7779 481.369 0.488696
1 395.887 -1.17634 395.298 10.0548 369.506 8.70305 370.094 -2.52807 0.490027
1 544.738 41.4393 537.476 49.793 518.258 33.0868 525.52 24.7331 0.568726
