1 172.2 398.771 177.28 406.901 158.21 418.817 153.13 410.687 0.286373
1 74.6266 462.572 79.6339 470.905 60.49 482.408 55.4826 474.074 0.293011
1 426.753 4.57758 423.958 15.7881 400.276 9.8837 403.072 -1.32681 0.293721
1 290.973 323.548 296.217 331.323 278.046 343.58 272.802 335.805 0.304917
1 581.635 69.6526 586.27 77.0699 565.536 90.0262 560.901 82.6089 0.316562
1 386.438 265.185 391.487 273.266 372.406 285.189 367.356 277.108 0.326373
1 460.235 15.9978 455.677 27.2808 431.059 17.3346 435.618 6.05159 0.356505
1 574.114 381.94 578.966 389.706 559.59 401.813 554.738 394.048 0.363337
1 448.653 201.743 452.998 208.975 433.492 220.696 429.146 213.463 0.367584
1 446.987 458.726 451.291 465.354 432.455 477.586 428.151 470.958 0.379674
1 619.31 333.419 623.809 340.619 605.601 351.996 601.102 344.797 0.384646
1 611.09 317.779 615.551 325.507 596.976 336.231 592.515 328.504 0.401133
1 560.368 411.171 564.934 418.77 545.777 430.281 541.21 422.682 0.401327
1 600.523 78.9089 606.486 87.4256 584.918 102.528 578.954 94.0113 0.422816
1 187.446 321.816 192.253 329.51 172.579 341.804 167.772 334.11 0.433624
1 545.27 139.492 549.976 146.739 530.065 159.669 525.359 152.422 0.459231
1 30.1636 468.775 35.1192 476.706 15.623 488.889 10.6673 480.958 0.462911
1 85.6171 418.892 90.3791 426.817 70.7866 438.589 66.0245 430.664 0.477466
1 288.878 297.667 294.051 305.055 272.916 319.854 267.743 312.466 0.494366
1 549.636 369.33 554.807 376.715 536.803 389.322 531.632 381.936 0.50117
1 298.428 250.42 303.622 258.418 282.596 272.072 277.402 264.074 0.561621
