1 482.646 24.3978 471.835 28.3326 462.592 2.93621 473.403 -0.998618 0.259966
1 270.78 143.251 262.571 147.434 252.868 128.389 261.076 124.206 0.262706
1 514.674 238.937 523.804 245.096 511.469 263.382 502.339 257.224 0.265034
1 407.005 511.602 397.508 515.439 389.715 496.15 399.212 492.313 0.265385
1 122.205 304.038 113.907 308.266 103.262 287.374 111.56 283.146 0.270537
0 557.527 433.457 544.591 437.412 536.043 409.453 548.979 405.498 0.281579
1 23.5602 475.394 23.9144 485.535 -1.39016 486.419 -1.74427 476.278 0.330895
1 290.49 266.148 281.995 270.477 270.99 248.878 279.485 244.55 0.330917
1 359.276 404.088 351.478 408.061 341.647 388.766 349.445 384.792 0.33504
1 546.756 100.794 558.168 101.792 556.183 124.478 544.771 123.479 0.344643
1 269.556 189.932 260.71 194.44 249.131 171.714 257.977 167.207 0.349426
1 294.391 394.437 298.984 404.286 274.649 415.633 270.057 405.784 0.351389
1 213.154 479.925 205.62 483.931 196.046 465.924 203.58 461.918 0.355878
1 470.86 177.876 481.377 182.78 471.982 202.926 461.466 198.022 0.374132
1 463.804 269.618 470.547 277.375 451.726 293.735 444.983 285.978 0.377685
1 15.4591 164.335 7.20908 168.908 -2.4788 151.43 5.7712 146.857 0.383575
1 191.028 501.695 182.406 505.716 173.191 485.956 181.814 481.936 0.407303
0 597.005 414.198 585.525 420.826 570.585 394.948 582.064 388.32 0.41152
1 449.013 253.428 457.537 261.953 440.471 279.019 431.947 270.495 0.422495
1 372.798 354.718 364.709 358.663 353.3 335.272 361.389 331.327 0.424578
1 27.2701 119.884 18.6124 123.921 8.78167 102.839 17.4394 98.8017 0.426273
0 582.624 424.568 570.49 430.226 556.707 400.667 568.84 395.009 0.426547
1 178.624 422.017 171.12 425.841 161.072 406.12 168.576 402.296 0.431109
1 124.222 450.202 116.109 454.886 104.84 435.367 112.953 430.684 0.458236
1 85.2298 300.248 77.0124 304.435 66.3045 283.42 74.522 279.233 0.464694
1 399.115 369.186 390.716 373.103 380.586 351.379 388.985 347.462 0.466979
1 56.1113 474.295 57.6747 484.166 34.5879 487.822 33.0245 477.951 0.473943
1 530.841 190.444 541.834 194.664 531.901 220.539 520.908 216.32 0.476112
1 356.646 365.442 347.805 369.947 336.336 347.437 345.177 342.932 0.476659
1 226.78 91.7682 217.887 96.9029 204.88 74.374 213.773 69.2393 0.484361
1 123.194 339.881 114.846 344.32 104.268 324.425 112.616 319.986 0.490707
1 540.566 158.989 551.515 162.129 543.883 188.746 532.933 185.606 0.499535
1 459.337 206.252 470.177 213.026 455.918 235.845 445.078 229.071 0.513995
1 443.234 462.476 434.658 466.846 423.361 444.675 431.938 440.305 0.517651
1 469.319 294.411 476.341 303.082 456.295 319.315 449.273 310.643 0.566653
