1 402.325 297.65 394.085 301.848 382.907 279.909 391.147 275.711 0.267999
1 115.227 352.812 105.71 357.661 93.2709 333.248 102.788 328.398 0.271659
1 589.411 155.405 580.636 158.95 571.625 136.649 580.4 133.103 0.281111
1 488.935 408.377 480.273 412.234 470.396 390.051 479.059 386.194 0.313126
1 133.793 120.155 145.161 124.519 136.572 146.894 125.204 142.53 0.335799
1 536.968 50.2892 528.179 54.3878 518.126 32.8285 526.915 28.7299 0.356699
1 363.559 171.465 353.903 175.968 344.016 154.766 353.672 150.263 0.359579
1 295.857 308.818 303.792 317.036 283.777 336.365 275.841 328.147 0.365862
1 411.047 178.975 402.256 183.263 391.472 161.154 400.264 156.866 0.373807
1 365.02 94.2617 355.816 98.9513 344.208 76.1688 353.411 71.4793 0.381785
1 70.0412 114.334 81.1547 116.9 74.9442 143.8 63.8306 141.234 0.425398
1 156.867 64.5422 167.394 71.1201 152.906 94.3063 142.379 87.7283 0.43101
1 142.366 96.5134 152.971 101.459 143.055 122.726 132.449 117.78 0.436599
1 448.317 297.81 440.123 302.54 428.465 282.348 436.659 277.618 0.463935
1 92.6359 300.381 83.967 306.68 69.2657 286.445 77.9345 280.147 0.466945
1 60.8909 178.808 71.7606 179.568 70.1971 201.927 59.3275 201.167 0.475843
1 642.709 155.135 633.682 159.735 622.268 137.332 631.294 132.733 0.47676
1 438.829 325.113 430.118 329.552 418.62 306.986 427.331 302.547 0.477592
1 112.326 288.78 102.688 291.183 96.6429 266.939 106.281 264.536 0.486198
1 605.766 117.152 597.241 121.495 586.594 100.598 595.118 96.255 0.498282
1 80.1206 82.6859 90.8265 86.1645 82.5739 111.563 71.868 108.085 0.513723
1 621.245 183.788 612.116 188.44 600.119 164.895 609.248 160.243 0.543744
1 89.3502 131.184 99.5276 133.534 94.143 156.857 83.9656 154.507 0.55209
