1 181.529 29.6387 191.093 36.8459 177.188 55.2986 167.623 48.0914 0.256683
1 125.58 -0.846922 134.749 4.88192 120.923 27.0075 111.755 21.2786 0.270335
1 469.162 426.058 458.82 427.881 454.859 405.419 465.202 403.596 0.27066
1 205.26 -0.309429 214.718 8.82432 194.635 29.6207 185.177 20.4869 0.274295
1 460.903 502.882 451.267 504.755 446.386 479.648 456.023 477.775 0.275774
1 612.672 273.876 602.853 275.256 599.444 250.998 609.263 249.618 0.315305
1 108.002 26.7792 117.996 32.3194 104.471 56.7189 94.4767 51.1788 0.322111
1 82.947 87.4255 92.7222 90.6017 86.22 110.613 76.4448 107.437 0.328999
1 631.813 412.436 621.869 413.833 618.461 389.579 628.404 388.182 0.332996
1 365.539 198.953 356.412 200.727 351.723 176.605 360.85 174.831 0.33969
1 590.129 156.934 581.202 158.508 577.095 135.219 586.023 133.645 0.391957
1 407.389 89.7423 395.79 92.6341 389.215 66.2617 400.813 63.3699 0.393539
1 424.073 338.462 415.612 339.954 411.608 317.248 420.07 315.756 0.400843
1 411.272 221.066 402.09 223.018 397.048 199.301 406.23 197.349 0.438684
1 380.966 62.1255 371.284 64.7197 365.332 42.5051 375.013 39.9109 0.443021
1 98.666 149.771 108.318 151.3 104.436 175.811 94.7838 174.282 0.445109
1 357.849 56.1009 347.716 58.2547 342.634 34.3452 352.767 32.1914 0.454355
1 130.034 468.352 141.108 472.603 131.619 497.323 120.545 493.072 0.47079
1 135.607 26.0274 144.478 32.0108 131.251 51.6204 122.381 45.637 0.4763
1 393.093 223.231 382.32 225.917 375.532 198.69 386.305 196.004 0.483086
1 641.158 246.474 631.197 248.592 626.042 224.337 636.002 222.22 0.521829
1 635.798 312.664 625.369 314.692 620.27 288.463 630.7 286.436 0.559981
