1 146.541 250.097 135.869 251.218 133.239 226.199 143.911 225.077 0.283098
1 95.0005 83.3514 104.436 86.9733 97.1342 105.995 87.6988 102.373 0.29597
1 629.426 460.039 620.567 461.284 617.376 438.578 626.235 437.333 0.308482
1 410.092 499.938 401.056 501.694 396.353 477.498 405.388 475.742 0.32031
1 600.955 128.112 590.804 130.085 585.986 105.295 596.137 103.321 0.33112
1 82.576 238.085 72.515 241.354 64.7473 217.448 74.8084 214.178 0.358024
1 114.945 299.155 104.431 301.009 100.007 275.923 110.522 274.069 0.371514
1 275.362 303.902 280.81 314.595 255.701 327.389 250.252 316.696 0.398688
1 188.833 56.9803 197.627 64.3595 182.725 82.1191 173.931 74.7399 0.401762
1 636.421 172.025 627.64 173.732 623.144 150.603 631.926 148.896 0.410195
1 212.182 30.2631 220.658 39.6767 200.631 57.7085 192.155 48.2949 0.412404
1 110.178 114.272 120.116 118.087 111.962 139.331 102.023 135.516 0.43259
1 337.082 153.595 327.128 155.53 322.404 131.229 332.358 129.294 0.433464
1 422.735 327.686 412.564 329.663 408.189 307.155 418.36 305.178 0.437658
1 451.91 499.429 443.499 501.064 439.152 478.701 447.564 477.066 0.443786
1 89.8768 294.707 79.0174 296.818 73.9286 270.638 84.788 268.527 0.456411
1 621.223 299.67 612.068 301.449 607.467 277.778 616.622 275.999 0.473545
1 114.256 52.2386 124.588 57.966 111.399 81.7595 101.067 76.0322 0.474479
1 629.071 115.995 619.505 117.855 614.86 93.9612 624.427 92.1017 0.492051
1 134.28 25.4206 143.099 31.8282 127.418 53.4122 118.598 47.0045 0.497154
1 579.141 97.856 569.588 99.7129 564.945 75.8298 574.498 73.973 0.505279
1 436.057 300.551 426.388 302.43 421.603 277.815 431.272 275.935 0.510667
1 601.978 57.6067 592.738 59.4027 588.201 36.0601 597.44 34.2641 0.519251
1 413.181 389.846 403.324 391.941 398.033 367.051 407.89 364.956 0.527347
1 87.19 112.372 97.1688 115.614 90.1586 137.189 80.1797 133.947 0.529299
1 629.899 239.302 620.256 241.177 615.793 218.217 625.436 216.343 0.552186
