1 590.877 214.388 599.992 215.185 598.112 236.675 588.997 235.878 0.267111
1 401.606 155.921 410.686 156.715 408.839 177.823 399.759 177.028 0.294805
1 140.185 199.998 150.129 201.573 146.189 226.448 136.245 224.873 0.301637
1 595.592 64.8917 605.23 65.7348 603.316 87.6132 593.678 86.77 0.354674
1 72.0765 229.943 82.9216 230.891 80.5976 257.455 69.7525 256.506 0.382283
1 260.249 308.838 263.042 320.041 235.503 326.907 232.71 315.705 0.382699
1 385.329 394.667 395.092 395.521 393.105 418.226 383.343 417.372 0.396333
1 134.228 53.0386 142.483 58.6064 131.313 75.1663 123.058 69.5984 0.401411
1 88.2551 200.311 77.1969 201.474 74.5103 175.913 85.5685 174.75 0.404162
1 213.17 64.0139 221.21 73.2635 202.735 89.3235 194.695 80.074 0.412546
1 624.811 118.911 635.012 119.803 632.87 144.28 622.669 143.388 0.412718
1 598.568 455.516 606.822 457.121 602.669 478.488 594.415 476.883 0.414513
1 260.825 27.4856 266.846 37.9137 243.857 51.1866 237.836 40.7585 0.421799
1 67.5749 464.291 78.0885 470.861 64.1014 493.245 53.5878 486.675 0.442675
1 605.94 356.927 615.155 357.733 612.782 384.86 603.567 384.054 0.444255
1 232.227 48.6426 239.071 57.7255 220.98 71.3587 214.135 62.2759 0.446333
1 630.471 34.6966 641.046 35.6218 638.968 59.3725 628.393 58.4473 0.451626
1 357.88 258.912 368.615 259.851 366.641 282.416 355.905 281.477 0.475301
1 120.942 79.225 129.486 84.9878 117.286 103.074 108.743 97.3116 0.49436
1 93.3205 274.51 103.549 275.226 101.839 299.682 91.6103 298.967 0.495122
1 614.312 274.605 623.416 275.401 621.404 298.395 612.3 297.599 0.500111
1 186.237 4.69579 193.891 13.5009 173.785 30.9788 166.131 22.1736 0.501862
1 606.203 127.771 615.934 128.622 613.837 152.589 604.106 151.738 0.513887
1 625.076 372.082 634.211 372.881 632.11 396.893 622.975 396.094 0.542296
1 612.927 32.4915 622.858 33.3603 620.859 56.2124 610.928 55.3436 0.569252
1 161.34 27.2943 169.47 35.1447 150.744 54.5355 142.615 46.6851 0.590056
