1 258.692 448.894 260.39 460.976 231.662 465.014 229.964 452.932 0.27714
1 394.696 360.403 404.629 362.334 399.94 386.456 390.007 384.526 0.279551
1 154.58 304.764 165.482 308.306 158.734 329.076 147.832 325.534 0.290439
1 76.9412 359.19 86.8762 360.763 82.751 386.809 72.8159 385.235 0.298752
1 242.124 113.818 246.506 123.215 226.393 132.594 222.01 123.197 0.319232
1 246.134 186.601 252.115 196.556 231.911 208.696 225.93 198.741 0.327387
1 273.751 167.674 279.853 178.243 257.162 191.343 251.061 180.775 0.365886
1 533.074 106.426 531.652 118.006 504.74 114.702 506.162 103.122 0.368134
1 145.26 333.259 155.393 335.229 150.461 360.602 140.328 358.632 0.370286
1 615.819 161.936 624.42 163.298 621.006 184.855 612.405 183.493 0.397723
1 560.311 112.949 558.652 123.422 532.874 119.339 534.533 108.866 0.407221
1 386.661 105.975 395.976 107.785 391.304 131.821 381.989 130.01 0.413328
1 225.025 201.752 231.824 210.775 212.843 225.078 206.044 216.055 0.424714
1 146.313 185.017 154.979 190.863 142.803 208.915 134.137 203.069 0.436162
1 92.8256 330.507 82.14 331.067 80.7716 304.958 91.4572 304.398 0.43743
1 435.897 195.472 446.369 196.943 442.744 222.741 432.271 221.269 0.4417
1 594.685 343.985 603.496 345.067 600.865 366.492 592.054 365.41 0.453068
1 624.657 446.267 632.809 447.851 628.326 470.91 620.175 469.325 0.454161
1 132.491 210.809 140.696 217.219 126.751 235.068 118.546 228.657 0.466961
1 174.758 161.508 182.543 169.57 163.253 188.199 155.467 180.136 0.495325
1 201.632 139.877 208.47 148.321 187.388 165.394 180.549 156.949 0.509919
1 192.697 178.216 199.359 185.88 180.931 201.899 174.269 194.235 0.511345
1 399.783 251.126 410.371 252.803 406.713 275.898 396.125 274.221 0.517908
1 320.149 92.6965 321.692 103.677 295.325 107.383 293.782 96.4022 0.571669
1 378.544 247.237 388.926 248.512 385.976 272.535 375.594 271.26 0.572754
