1 244.049 125.929 248.298 135.473 228.949 144.088 224.7 134.544 0.298767
1 371.231 199.241 379.937 200.619 376.678 221.196 367.972 219.817 0.304802
1 148.393 342.619 158.997 344.873 153.128 372.484 142.524 370.23 0.333769
1 603.933 396.791 612.548 398.466 608.263 420.511 599.648 418.836 0.333782
1 277.525 179.803 283.076 190.697 259.589 202.665 254.038 191.77 0.344282
1 247.611 199.346 253.869 208.284 235.283 221.298 229.025 212.36 0.35443
1 581.811 453.793 591.111 454.934 588.252 478.216 578.952 477.075 0.357898
1 261.265 459.687 263.577 471.581 235.261 477.085 232.949 465.191 0.371622
1 226.522 212.996 234.549 222.23 217.032 237.458 209.005 228.223 0.375449
1 149.163 196.705 157.285 202.606 144.775 219.825 136.653 213.924 0.390018
1 630.589 91.9833 639.633 93.0938 637.166 113.189 628.121 112.079 0.396338
1 536.408 119.661 534.628 130.899 507.272 126.566 509.052 115.328 0.411842
1 562.544 124.64 560.802 135.635 535.604 131.644 537.345 120.649 0.421706
1 346.311 408.708 355.648 410.523 351.111 433.861 341.775 432.047 0.455968
1 584.685 150.869 583.641 160.809 559.21 158.241 560.255 148.301 0.462388
1 389.073 192.955 398.703 193.798 396.881 214.623 387.251 213.781 0.471451
1 135.656 222.995 143.869 229.412 130.187 246.924 121.974 240.508 0.477987
1 354.136 457.697 363.125 459.444 358.817 481.602 349.829 479.855 0.478442
1 411.123 74.9978 420.47 76.1454 417.592 99.5834 408.245 98.4357 0.484945
1 165.374 224.064 172.885 229.724 158.752 248.479 151.241 242.819 0.499165
1 96.1703 342.297 85.0518 343.074 83.2165 316.828 94.3351 316.051 0.501857
1 203.829 151.808 210.86 160.49 190.321 177.122 183.291 168.44 0.525719
1 323.276 104.095 324.846 115.264 298.29 118.997 296.72 107.827 0.542271
1 177.417 172.92 185.735 181.238 166.471 200.502 158.153 192.184 0.565746
