1 386.803 434.632 400.668 436.828 393.764 480.418 379.899 478.222 0.269806
1 246.538 376.841 258.745 377.909 256.131 407.783 243.924 406.715 0.296099
1 465.47 -2.25754 474.688 -0.797426 470.745 24.0989 461.526 22.6387 0.296794
1 469.628 124.672 484.524 127.032 478.086 167.679 463.19 165.319 0.314181
1 159.125 335.155 170.441 339.499 161.333 363.227 150.016 358.883 0.362115
1 310.708 104.998 313.484 115.358 287.639 122.283 284.863 111.923 0.377102
1 579.799 116.06 578.298 128.287 549.021 124.692 550.522 112.465 0.41228
1 254.779 122.882 259.417 133.299 237.162 143.208 232.523 132.79 0.41933
1 148.702 202.601 157.146 209.198 143.038 227.255 134.594 220.658 0.427236
1 88.1917 363.144 75.5438 364.028 73.5209 335.1 86.1689 334.215 0.44154
1 290.444 183.536 296.918 194.749 272.179 209.033 265.705 197.82 0.451909
1 259.869 204.406 266.181 215.338 243.002 228.72 236.69 217.788 0.475035
1 146.735 366.501 158.419 369.198 151.77 397.998 140.086 395.301 0.484275
1 401.13 299.731 411.319 301.712 406.199 328.053 396.01 326.072 0.493325
1 609.432 123.504 607.114 135.429 579.694 130.099 582.012 118.174 0.493409
1 479.599 219.257 490.58 220.996 486.324 247.868 475.342 246.129 0.503166
1 450.215 418.759 461.144 420.295 457.513 446.13 446.584 444.594 0.506195
1 234.838 221.265 242.885 231.202 222.993 247.31 214.946 237.374 0.513765
1 438.49 59.9888 449.203 61.4945 445.467 88.082 434.753 86.5764 0.535072
1 132.232 231.505 140.908 237.808 126.668 257.407 117.993 251.104 0.545723
1 180.128 176.16 188.443 185.394 166.13 205.485 157.815 196.25 0.585751
1 209.998 151.98 217.337 161.373 193.897 179.686 186.559 170.293 0.59128
1 446.021 296.328 457.552 297.949 453.832 324.414 442.302 322.793 0.597814
1 342.944 100.053 344.218 112.175 314.876 115.259 313.602 103.137 0.631954
