1 413.82 387.891 425.687 389.771 421.249 417.789 409.382 415.91 0.291283
1 55.9892 383.696 42.2247 384.658 40.0762 353.934 53.8407 352.971 0.32408
1 651.263 106.479 649.307 120.399 619.875 116.262 621.831 102.342 0.32596
1 237.597 400.104 252.006 401.365 248.985 435.896 234.576 434.636 0.341039
1 457.401 239.889 469.243 241.765 465.091 267.978 453.25 266.103 0.36302
1 380.668 77.7521 381.351 90.7793 352.037 92.3156 351.355 79.2884 0.372891
1 440.907 369.117 451.686 370.825 447.525 397.101 436.745 395.393 0.406324
1 451.204 96.8178 463.158 98.4978 459.078 127.525 447.125 125.845 0.434807
1 33.842 425.399 46.788 427.219 42.6029 456.997 29.6569 455.178 0.441857
1 311.466 87.2579 314.589 98.9133 285.112 106.812 281.989 95.1562 0.442055
1 619.76 101.065 618.15 114.177 586.001 110.23 587.611 97.1177 0.449757
1 246.584 108.941 251.379 119.709 226.901 130.608 222.107 119.839 0.483615
1 137.251 352.562 149.396 357.225 139.275 383.59 127.13 378.928 0.486215
1 122.94 388.492 136.111 391.291 129.213 423.745 116.041 420.946 0.510665
1 427.088 85.707 439.999 87.7519 435.127 118.514 422.216 116.469 0.511429
1 252.31 201.577 259.446 213.454 233.746 228.896 226.61 217.019 0.517646
1 124.667 199.86 134.591 207.07 118.904 228.661 108.98 221.451 0.521062
1 288.61 178.268 294.979 190.767 266.337 205.361 259.968 192.861 0.524862
1 105.827 233.624 115.591 240.719 99.4453 262.941 89.6809 255.847 0.544737
1 493.802 113.496 507.172 114.666 504.52 144.973 491.15 143.803 0.548542
1 160.151 169.505 169.82 179.518 145.605 202.902 135.936 192.889 0.572429
1 430.895 227.746 442.852 229.427 438.62 259.539 426.663 257.859 0.575912
1 195.249 141.796 203.366 152.186 177.273 172.572 169.156 162.182 0.630978
1 225.102 221.327 233.673 231.91 210.655 250.55 202.084 239.966 0.647739
1 348.313 81.7759 349.716 95.1261 316.824 98.5832 315.421 85.2331 0.650448
