1 342.034 140.796 347.798 158.535 303.451 172.945 297.687 155.206 0.258645
1 194.879 161.297 207.918 177.399 159.799 216.366 146.76 200.263 0.372204
1 37.3933 469.762 56.85 473.544 48.9056 514.414 29.4489 510.632 0.408801
1 606.974 216.594 626.849 219.387 620.224 266.524 600.349 263.73 0.455498
1 7.27092 241.514 21.906 251.386 0.822246 282.644 -13.8128 272.772 0.458297
1 573.434 164.519 592.632 167.217 585.651 216.889 566.453 214.191 0.458855
1 55.5769 420.616 73.2859 426.714 60.7835 463.023 43.0744 456.926 0.462906
1 139.758 103.4 152.74 118.871 114.588 150.885 101.606 135.414 0.47593
1 417.955 9.41697 418.617 28.3938 373.36 29.9743 372.698 10.9974 0.479285
1 534.751 225.886 553.888 228.917 546.776 273.82 527.639 270.789 0.510716
1 35.0531 192.572 50.1862 202.779 27.3979 236.564 12.2648 226.357 0.514913
1 539.95 447.221 557.97 449.754 552.092 491.583 534.072 489.05 0.517737
1 511.45 91.1506 528.705 93.8835 521.758 137.746 504.503 135.013 0.519775
1 215.069 56.6506 221.99 72.1954 188.599 87.062 181.678 71.5171 0.522963
1 170.938 119.192 181.291 132.931 147.434 158.445 137.081 144.706 0.530976
1 260.322 34.321 269.186 50.9923 228.926 72.3989 220.062 55.7276 0.538572
1 321.236 72.5076 324.81 89.3211 285.636 97.6477 282.063 80.8341 0.544195
1 312.131 22.9263 316.984 39.851 274.713 51.9721 269.86 35.0474 0.548993
1 483.461 373.751 500.983 376.214 494.896 419.522 477.374 417.06 0.569923
1 278.366 159.638 288.361 176.273 249.427 199.666 239.433 183.032 0.571184
1 366.113 14.7501 368.532 34.4491 322.581 40.0913 320.162 20.3923 0.5781
1 226.825 193.162 237.393 210.076 199.003 234.065 188.435 217.151 0.583235
1 89.0615 145.568 103.681 161.245 66.6183 195.807 51.9985 180.129 0.608084
1 184.691 222.945 197.301 237.973 164.326 265.642 151.716 250.615 0.65125
