1 523.867 -15.6981 540.97 -12.9891 534.906 25.2995 517.803 22.5906 0.334905
1 268.459 62.1656 276.143 76.6182 241.083 95.2603 233.398 80.8077 0.369337
1 440.106 380.091 457.613 381.623 453.997 422.964 436.489 421.432 0.421343
1 311.708 52.9364 316.444 67.5129 281.417 78.8938 276.681 64.3173 0.429247
1 508.034 134.215 522.99 136.584 517.405 171.844 502.449 169.475 0.439112
1 95.3351 387.021 111.025 393.044 98.6823 425.198 82.9926 419.175 0.451051
1 551.585 289.628 567.535 291.87 562.31 329.051 546.359 326.809 0.451283
1 491.109 262.794 506.042 264.893 500.977 300.933 486.043 298.835 0.464694
1 399.395 42.189 399.954 58.203 362.919 59.4963 362.36 43.4823 0.465016
1 77.857 195.969 90.6469 204.596 71.4209 233.1 58.6311 224.473 0.490286
1 282.898 168.198 291.488 183.695 256.519 203.078 247.929 187.582 0.506504
1 220.304 446.383 238.555 447.979 234.754 491.42 216.503 489.823 0.511075
1 582.595 21.7395 599.915 24.1737 594.065 65.7965 576.745 63.3623 0.512412
1 471.055 141.844 488.343 144.274 482.412 186.471 465.124 184.041 0.516135
1 229.789 81.4126 235.918 94.5542 207.284 107.906 201.156 94.7645 0.52379
1 78.8505 430.325 95.7903 434.549 85.4423 476.052 68.5026 471.828 0.527763
1 514.366 344.944 529.99 347.419 523.959 385.499 508.334 383.024 0.528354
1 238.881 197.147 247.942 211.646 215.897 231.67 206.837 217.17 0.536284
1 203.684 221.899 214.258 234.5 186.516 257.779 175.941 245.178 0.587347
1 122.678 156.991 134.9 169.648 104.886 198.632 92.6635 185.976 0.596571
1 55.2698 238.436 66.5132 246.605 48.0467 272.022 36.8032 263.853 0.600893
1 165.86 121.892 176.757 134.88 144.985 161.54 134.087 148.553 0.608674
1 357.457 46.5021 359.544 63.4986 320.379 68.3074 318.293 51.311 0.613764
