1 525.061 189.949 528.562 198.613 508.848 206.578 505.348 197.913 0.271532
1 314.084 331.855 317.158 339.863 296.772 347.689 293.698 339.68 0.273997
1 94.0924 399.91 97.4007 408.099 78.7333 415.641 75.425 407.452 0.294314
1 545.509 148.228 548.683 156.496 528.356 164.299 525.182 156.031 0.299141
1 273.622 251.457 277.238 259.211 258.63 267.888 255.014 260.134 0.327021
1 353.705 238.343 357.314 247.745 334.76 256.403 331.151 247.001 0.351141
1 477.063 191.569 480.514 200.109 457.783 209.293 454.332 200.753 0.357941
1 86.048 373.434 89.3587 382.53 65.8031 391.104 62.4923 382.008 0.389246
1 214.945 324.794 218.673 334.504 194.096 343.938 190.369 334.228 0.395773
1 399.278 251.766 402.903 261.209 379.961 270.015 376.336 260.572 0.417383
1 195.915 297.212 199.086 305.472 176.23 314.245 173.06 305.985 0.448876
1 171.348 323.747 174.875 332.477 152.395 341.559 148.868 332.829 0.499346
