1 565.725 274.376 569.679 284.677 544.13 294.485 540.176 284.183 0.261136
1 282.529 430.685 285.799 439.669 263.417 447.815 260.148 438.832 0.267209
1 100.069 398.61 104.023 407.09 81.8514 417.429 77.8973 408.949 0.313553
1 160.125 465.306 163.385 473.801 142.636 481.766 139.376 473.271 0.318302
1 442.978 324.538 446.557 333.398 423.626 342.662 420.047 333.803 0.324995
1 396.012 324.66 399.74 332.655 379.91 341.902 376.182 333.907 0.357459
1 473.407 258.852 477.106 266.784 456.551 276.37 452.852 268.437 0.371532
1 203.879 363.743 207.663 372.242 187.402 381.263 183.618 372.764 0.403082
1 457.828 302.404 461.039 310.35 440.44 318.672 437.229 310.726 0.41359
1 132.501 445.519 136.16 455.572 111.591 464.514 107.932 454.461 0.419197
1 388.712 310.55 392.785 319.285 370.877 329.501 366.804 320.765 0.419913
1 307.538 373.143 310.941 382.495 286.66 391.333 283.257 381.981 0.473987
1 99.8323 438.944 103.323 448.038 79.9106 457.026 76.4197 447.932 0.491431
1 119.942 411.772 123.17 420.18 100.387 428.926 97.1594 420.518 0.528816
1 277.528 355.65 281.266 365.388 257.324 374.578 253.586 364.84 0.532747
