1 142.961 70.3971 158.244 71.7342 155.168 106.902 139.884 105.565 0.344925
1 129.637 158.373 144.172 160.415 139.767 191.759 125.232 189.716 0.403377
1 98.7924 153.318 113.217 155.346 108.528 188.705 94.104 186.678 0.497761
1 132.414 206.349 143.63 218.377 114.724 245.332 103.508 233.304 0.510406
1 84.2969 470.813 98.838 473.116 93.3973 507.467 78.8562 505.164 0.572697
1 135.694 115.83 150.392 118.687 144.118 150.962 129.421 148.105 0.585786
1 46.3857 388.633 59.0791 391.1 53.278 420.944 40.5845 418.477 0.588446
1 75.2244 338.964 89.7995 341.798 83.1327 376.096 68.5575 373.263 0.588879
1 100.69 336.465 116.295 337.831 113.163 373.637 97.5574 372.271 0.627151
1 7.7116 30.633 23.5558 33.7128 16.5122 69.9489 0.668007 66.8691 0.628271
