1 301.309 49.839 287.52 55.132 275.073 22.7068 288.862 17.4137 0.439297
1 326.57 134.218 312.461 139.076 302.141 109.104 316.25 104.246 0.440672
1 323.807 150.171 339.854 156.331 325.549 193.596 309.502 187.436 0.478427
1 296.075 143.834 281.663 148.796 270.648 116.807 285.06 111.844 0.510291
1 346.225 377.897 333.852 381.445 325.257 351.47 337.63 347.922 0.58619
1 379.894 308.647 365.233 314.275 352.599 281.363 367.261 275.735 0.615186
1 162.567 75.6822 146.229 80.6771 135.6 45.9135 151.938 40.9185 0.622274
1 312.689 93.8507 297.669 98.4428 288.259 67.6634 303.279 63.0714 0.624555
1 353.92 324.389 338.849 328.427 329.962 295.26 345.033 291.221 0.628549
1 141.992 89.0728 127.779 92.6163 119.747 60.4003 133.959 56.8568 0.62944
1 419.802 438.634 405.21 443.658 394.052 411.253 408.644 406.229 0.630164
