1 362.244 520.889 375.48 522.047 372.883 551.724 359.648 550.567 0.339269
1 370.226 429.189 384.065 429.914 382.239 464.752 368.401 464.026 0.340839
1 368.511 566.918 379.937 578.75 351.447 606.262 340.021 594.43 0.419853
1 330.17 516.304 343.9 517.265 341.611 549.986 327.882 549.026 0.523015
1 210.26 407.25 224.028 409.185 219.361 442.396 205.593 440.461 0.550454
1 296.279 1.55025 297.023 15.7479 263.744 17.4919 263 3.29431 0.55682
1 325.23 189.947 324.974 204.625 292.563 204.06 292.819 189.381 0.578712
1 230.729 399.863 246.479 401.241 243.354 436.953 227.605 435.575 0.588075
1 364.381 476.626 378.917 477.898 376.076 510.364 361.541 509.092 0.597526
1 304.815 337.366 302.174 350.955 270.103 344.721 272.744 331.132 0.652625
