1 569.685 150.431 583.612 151.65 580.792 183.883 566.865 182.665 0.34375
1 607.803 200.539 619.656 212.393 590.973 241.076 579.119 229.223 0.437196
1 623.654 100.058 609.179 100.816 607.337 65.6775 621.813 64.9189 0.452135
1 602.25 155.571 615.869 156.523 613.702 187.517 600.083 186.564 0.530707
1 583.525 333.888 598.665 334.681 596.826 369.771 581.686 368.978 0.554666
1 531.236 388.978 543.932 390.089 541.3 420.173 528.604 419.062 0.569305
1 470.927 34.1131 486.625 35.4865 483.487 71.3552 467.789 69.9818 0.575275
1 450.94 41.4663 464.679 43.3972 460.027 76.4961 446.288 74.5652 0.600417
1 572.987 468.324 588.173 469.652 585.153 504.171 569.967 502.842 0.606166
1 604.386 112.737 618.78 113.996 616.037 145.352 601.643 144.093 0.61245
1 557.671 337.768 572.514 340.119 567.089 374.366 552.247 372.015 0.633303
