1 369.769 448.339 382.96 448.569 382.362 482.845 369.171 482.615 0.358874
1 363.225 538.53 376.394 539.682 373.705 570.425 360.535 569.272 0.453289
1 330.679 534.194 344.117 535.134 341.88 567.118 328.442 566.179 0.457529
1 367.89 583.413 380.278 595.376 351.551 625.123 339.163 613.16 0.523557
1 210.57 424.68 224.328 426.614 219.67 459.759 205.912 457.826 0.575006
1 305.014 354.83 302.39 368.328 270.497 362.129 273.121 348.631 0.577512
1 230.927 417.54 246.595 418.91 243.48 454.512 227.812 453.141 0.586087
1 364.418 494.022 379.092 495.306 376.255 527.73 361.582 526.446 0.590829
1 325.826 207.764 325.307 222.64 292.509 221.495 293.028 206.618 0.610672
1 297.014 19.6365 297.758 33.8325 264.321 35.5848 263.577 21.3888 0.625538
