1 607.114 309.383 618.996 320.858 591.486 349.345 579.604 337.871 0.356121
1 609.836 171.899 623.691 172.383 622.46 207.645 608.605 207.161 0.39718
1 531.728 497.376 544.372 498.483 541.777 528.149 529.133 527.043 0.447893
1 602.428 262.652 615.55 263.57 613.501 292.863 600.38 291.946 0.485321
1 570.319 258.652 584.277 259.874 581.427 292.447 567.469 291.226 0.518737
1 450.157 148.832 464.065 150.787 459.365 184.234 445.456 182.28 0.566635
1 470.463 142.408 486.496 143.811 483.366 179.594 467.332 178.191 0.57153
1 584.296 440.868 599.363 442.186 596.251 477.752 581.185 476.434 0.604581
1 558.103 445.018 573.027 447.382 567.402 482.899 552.478 480.536 0.617528
1 604.706 219.252 618.871 220.492 616.03 252.967 601.865 251.727 0.623683
1 573.567 576.183 588.448 577.485 585.448 611.767 570.568 610.465 0.629068
1 544.904 79.8368 542.209 93.6985 510.031 87.4436 512.725 73.582 0.676853
