1 607.143 347.331 619.405 359.172 591.339 388.235 579.077 376.394 0.374561
1 573.999 614.261 588.897 615.042 587.143 648.521 572.244 647.74 0.424976
1 610.151 211.947 623.805 212.424 622.61 246.661 608.955 246.184 0.430821
1 603.247 302.242 616.326 303.386 613.658 333.876 600.58 332.732 0.463925
1 531.948 535.766 544.385 536.854 541.796 566.452 529.358 565.364 0.5045
1 570.656 298.653 584.425 299.857 581.602 332.128 567.833 330.924 0.525441
1 450.51 188.42 464.448 190.379 459.769 223.67 445.831 221.712 0.572984
1 470.717 182.018 486.693 183.416 483.584 218.946 467.609 217.548 0.573945
1 584.977 480.033 599.737 481.325 596.666 516.433 581.905 515.142 0.582594
1 557.84 483.97 572.644 486.051 567.754 520.84 552.95 518.759 0.604549
1 604.759 258.627 619.063 259.879 616.196 292.643 601.893 291.391 0.627425
1 544.903 118.817 542.721 132.593 511.208 127.602 513.39 113.826 0.673624
