1 370.508 163.274 384.54 164.01 382.736 198.419 368.705 197.684 0.402884
1 367.994 298.26 380.145 309.995 352.156 338.979 340.004 327.244 0.464198
1 363.124 253.318 376.48 254.487 373.795 285.174 360.44 284.006 0.477568
1 330.836 249.37 344.672 250.581 341.802 283.396 327.965 282.185 0.499001
1 292.088 487.453 304.532 488.541 301.938 518.197 289.494 517.108 0.519813
1 231.126 132.47 247.087 133.866 243.994 169.218 228.034 167.822 0.552542
1 344.761 431.895 359.873 433.217 356.814 468.183 341.701 466.86 0.578427
1 210.702 139.756 224.764 141.732 220.134 174.679 206.071 172.703 0.59737
1 318.002 435.452 333.04 437.565 328.155 472.328 313.116 470.214 0.607459
1 334.236 566.756 349.14 568.06 346.147 602.26 331.244 600.957 0.620111
1 365.743 209.368 380.129 211.389 375.542 244.03 361.155 242.008 0.622487
1 305.208 70.6349 302.61 84.0029 270.92 77.8431 273.519 64.4751 0.663577
