1 392.973 243.131 378.484 243.891 376.591 207.774 391.08 207.015 0.391369
1 336.584 296.522 351.264 297.806 348.358 331.022 333.678 329.738 0.504943
1 370.952 300.88 384.407 302.057 381.702 332.981 368.247 331.804 0.521384
1 376.218 349.158 388.493 361.013 359.753 390.774 347.478 378.919 0.522499
1 296.173 543.945 309.257 545.089 306.561 575.899 293.477 574.754 0.557799
1 323.91 490.654 339.092 492.788 334.085 528.419 318.902 526.285 0.584834
1 352.044 486.043 367.155 487.365 364.007 523.357 348.895 522.034 0.585908
1 213.192 182.521 227.764 184.829 222.291 219.385 207.719 217.077 0.59377
1 234.02 175.489 250.465 176.928 247.215 214.081 230.769 212.643 0.605806
1 373.522 254.886 388.741 257.025 383.93 291.251 368.712 289.112 0.613068
1 310.654 110.536 307.9 124.703 274.9 118.288 277.654 104.121 0.638921
