1 180.295 470.025 163.834 470.887 161.744 431.011 178.205 430.148 0.436587
1 116.276 530.866 132.842 532.316 129.485 570.682 112.92 569.233 0.504977
1 160.64 590.141 174.753 603.77 141.541 638.162 127.428 624.533 0.509023
1 0.191009 392.322 18.905 394.952 13.1513 435.891 -5.56267 433.261 0.509121
1 154.312 536.649 170.501 538.065 167.544 571.86 151.356 570.444 0.517638
1 158.477 483.993 175.718 486.416 170.346 524.639 153.105 522.216 0.582644
1 210.347 318.965 229.707 319.98 227.489 362.292 208.13 361.278 0.583148
1 112.459 145.601 111.863 162.676 74.2557 161.363 74.852 144.288 0.593131
1 192.938 577.432 210 578.925 206.623 617.525 189.561 616.032 0.624282
1 87.5726 319.183 84.382 335.598 47.1626 328.363 50.3532 311.949 0.6276
