1 370.991 452.249 385.049 452.985 383.226 487.757 369.168 487.02 0.380141
1 368.887 588.714 380.81 600.227 352.914 629.114 340.991 617.601 0.48097
1 363.12 542.807 376.592 543.985 373.994 573.678 360.523 572.499 0.511236
1 231.04 421.994 247.072 423.397 243.958 458.987 227.927 457.585 0.5658
1 210.661 428.508 224.751 430.489 220.083 463.698 205.994 461.718 0.568934
1 331.133 539.024 344.503 540.194 341.714 572.066 328.345 570.897 0.579489
1 326.552 211.832 326.036 226.617 293.442 225.479 293.958 210.694 0.582882
1 298.444 22.5148 298.942 36.7725 265.113 37.9538 264.615 23.6961 0.596314
1 365.271 499.189 379.697 500.451 376.844 533.062 362.417 531.8 0.618399
1 305.852 359.329 303.178 373.089 271.375 366.907 274.05 353.148 0.672005
