1 450.582 -10.9188 464.752 -8.92729 460.171 23.6648 446.001 21.6734 0.348424
1 610.666 12.4471 624.769 12.9396 623.555 47.7193 609.451 47.2268 0.369074
1 608.722 148.797 620.679 160.344 592.768 189.247 580.811 177.7 0.454407
1 531.827 337.276 544.645 338.398 542.013 368.48 529.195 367.359 0.494145
1 603.006 102.7 616.739 103.902 614.117 133.87 600.384 132.668 0.508636
1 571.024 98.857 584.616 100.046 581.805 132.178 568.213 130.989 0.558488
1 585.445 280.867 600.279 282.165 597.16 317.819 582.326 316.521 0.587809
1 558.655 285.126 573.722 287.513 568.093 323.053 553.026 320.667 0.610183
1 606.139 58.7539 620.567 60.7816 615.996 93.3085 601.568 91.2808 0.619902
1 574.018 415.919 589.099 417.238 586.07 451.858 570.989 450.539 0.62207
