1 609.049 452.342 622.618 452.579 622.006 487.657 608.436 487.42 0.330139
1 607.13 587.859 619.203 599.518 591.785 627.911 579.711 616.252 0.355526
1 538.02 25.73 538.02 39.8205 504.363 39.8205 504.363 25.73 0.513925
1 602.068 542.586 615.599 543.77 613.024 573.198 599.493 572.014 0.5228
1 565.52 213.129 565.268 227.588 532.706 227.019 532.958 212.561 0.564904
1 449.987 429.264 463.884 431.217 459.228 464.348 445.331 462.395 0.575925
1 569.935 539.475 583.592 540.43 581.348 572.517 567.691 571.562 0.576473
1 470.4 422.654 486.379 424.052 483.253 459.788 467.274 458.39 0.581676
1 605.177 499.274 619.548 501.294 614.988 533.74 600.617 531.72 0.61521
1 544.938 360.278 542.275 373.98 510.617 367.826 513.28 354.124 0.664692
