1 -4.846 175.657 10.5448 177.004 7.27247 214.407 -8.11837 213.061 0.254308
1 152.963 243.12 138.497 243.878 136.607 207.801 151.073 207.042 0.393988
1 96.9928 296.662 111.182 297.904 108.279 331.095 94.0889 329.854 0.504053
1 130.983 300.896 144.394 302.07 141.688 333 128.277 331.826 0.517159
1 136.218 349.152 148.49 361.003 119.742 390.772 107.47 378.921 0.519048
1 56.1969 543.986 69.2269 545.126 66.5376 575.865 53.5076 574.725 0.570096
1 83.919 490.645 99.099 492.778 94.0918 528.406 78.9118 526.273 0.586488
1 111.406 486.252 126.546 487.045 124.654 523.135 109.514 522.341 0.587389
1 133.535 254.865 148.756 257.004 143.942 291.257 128.721 289.118 0.608985
1 70.6249 110.547 67.8766 124.686 34.8404 118.264 37.5887 104.125 0.637173
