1 229.363 -15.6381 245.619 -14.2159 242.639 19.8373 226.384 18.4151 0.289995
1 369.092 12.5321 382.508 12.7662 381.896 47.8059 368.48 47.5717 0.330908
1 366.953 148.18 378.888 159.705 351.63 187.931 339.695 176.406 0.355285
1 210 -8.13587 223.364 -6.25768 218.96 25.0763 205.596 23.1981 0.432045
1 290.405 337.493 303.386 338.628 300.793 368.265 287.813 367.129 0.444971
1 362.141 102.739 375.547 103.912 372.98 133.26 359.573 132.087 0.503592
1 329.894 99.3919 343.629 100.352 341.382 132.487 327.647 131.526 0.56322
1 343.654 280.66 358.467 281.436 356.604 316.993 341.791 316.217 0.608643
1 317.644 284.892 332.678 287.273 327.039 322.882 312.004 320.501 0.614089
1 332.918 415.727 347.928 417.04 344.906 451.582 329.896 450.269 0.621082
1 365.308 59.2161 379.445 61.2029 374.886 93.6437 360.749 91.6569 0.621673
