1 392.957 483.115 378.513 483.872 376.623 447.813 391.068 447.056 0.396034
1 336.997 536.678 351.21 537.922 348.303 571.149 334.09 569.906 0.515901
1 376.135 589.224 388.411 601.078 359.764 630.743 347.489 618.888 0.526022
1 370.977 540.893 384.399 542.068 381.695 572.977 368.273 571.803 0.532954
1 332.345 197.221 332.083 212.192 298.524 211.607 298.786 196.635 0.586517
1 213.186 422.505 227.761 424.813 222.285 459.387 207.71 457.078 0.593703
1 303.971 1.33877 304.238 16.621 268.906 17.2377 268.639 1.9555 0.602437
1 234.02 415.492 250.471 416.931 247.22 454.086 230.769 452.647 0.606508
1 444.323 75.3176 459.672 76.6605 456.612 111.635 441.263 110.292 0.607923
1 373.505 494.888 388.75 497.03 383.933 531.306 368.688 529.164 0.614449
1 310.679 350.52 307.918 364.723 274.892 358.303 277.653 344.1 0.639693
