1 2.29098 145.064 22.3322 148.239 15.334 192.424 -4.70723 189.249 0.442685
1 172.522 183.536 189.354 184.419 187.117 227.097 170.285 226.215 0.443768
1 169.724 353.457 183.487 367.709 147.398 402.56 133.635 388.308 0.467921
1 122.761 290.54 139.808 292.031 136.387 331.129 119.34 329.638 0.504545
1 162.505 295.636 179.267 297.103 176.153 332.703 159.39 331.236 0.510705
1 206.259 262.708 224.111 264.27 220.352 307.242 202.499 305.68 0.530964
1 167.015 241.002 184.733 243.492 179.139 283.293 161.422 280.803 0.53293
1 92.8668 68.6156 89.5787 85.5316 51.5181 78.1334 54.8062 61.2174 0.568087
1 107.78 519.937 125.279 522.709 118.515 565.417 101.015 562.645 0.571352
1 73.9691 585.047 89.2393 586.383 86.1907 621.228 70.9205 619.892 0.58956
1 140.648 515.185 158.631 516.759 154.835 560.147 136.852 558.574 0.613561
1 181.358 533.662 199.437 535.244 195.864 576.082 177.785 574.501 0.646883
