1 169.725 186.589 184.295 186.843 183.583 227.653 169.013 227.399 0.252265
1 209.142 170.604 226.692 172.14 223.121 212.956 205.571 211.42 0.44974
1 119.502 290.946 136.145 292.402 132.81 330.527 116.167 329.071 0.474188
1 165.556 350.874 179.551 364.869 144.854 399.566 130.859 385.571 0.478809
1 158.636 296.013 174.612 297.411 171.575 332.121 155.6 330.723 0.490924
1 163.062 242.425 180.09 244.818 174.699 283.179 157.671 280.786 0.514516
1 71.7249 578.296 87.0086 579.633 83.9464 614.634 68.6626 613.297 0.532321
1 1.58472 149.145 20.5854 151.816 14.5603 194.687 -4.44039 192.016 0.569338
1 104.744 516.18 122.035 518.919 115.464 560.406 98.1729 557.667 0.583056
1 137.544 510.587 154.584 512.078 150.907 554.114 133.866 552.623 0.586042
1 89.7554 73.758 86.497 90.5208 48.6945 83.1728 51.9529 66.41 0.627192
1 187.68 433.155 205.462 434.711 202.016 474.097 184.234 472.541 0.641782
