1 344.329 392.931 340.234 409.355 305.205 400.622 309.3 384.197 0.28807
1 109.955 184.674 98.3611 185.892 95.7626 161.169 107.356 159.95 0.35578
1 435.627 223.57 418.175 224.485 415.927 181.578 433.378 180.663 0.405603
1 407.71 295.648 424.714 297.136 421.562 333.172 404.557 331.684 0.476563
1 366.835 289.434 384.722 290.998 381.198 331.275 363.311 329.71 0.485128
1 385.767 519.115 403.313 520.651 399.425 565.097 381.878 563.562 0.535404
1 415.663 353.35 429.94 368.135 392.469 404.321 378.191 389.536 0.558245
1 316.513 591.071 332.903 592.505 329.662 629.546 313.272 628.112 0.563826
1 411.936 239.05 430.119 241.606 424.412 282.216 406.229 279.66 0.566493
1 442.767 357.811 461.368 359.439 457.546 403.122 438.945 401.494 0.580227
1 216.133 150.299 233.434 152.73 227.623 194.08 210.322 191.648 0.603253
1 242.424 141.595 261.95 143.647 257.316 187.739 237.789 185.687 0.617834
1 350.608 525.418 368.849 527.981 362.722 571.578 344.481 569.014 0.628192
1 335.813 62.0543 332.456 79.3262 293.437 71.7417 296.794 54.4697 0.647575
