1 211.409 -8.76399 231.927 -7.68865 229.747 33.9095 209.229 32.8342 0.393242
1 159.341 191.949 174.931 192.766 172.848 232.523 157.257 231.706 0.403547
1 112.477 291.742 128.655 293.157 125.465 329.62 109.287 328.205 0.441644
1 149.863 296.155 165.337 297.509 162.403 331.051 146.929 329.697 0.470759
1 98.5578 507.731 115.256 510.078 109.777 549.066 93.0783 546.72 0.483442
1 -1.08116 156.068 17.2725 158.647 11.4283 200.231 -6.92538 197.651 0.512705
1 67.6601 567.569 81.9244 568.817 79.0284 601.918 64.7641 600.67 0.513585
1 156.73 349.442 170.249 362.961 136.91 396.3 123.39 382.781 0.528427
1 152.537 246.115 169.309 247.582 166.028 285.084 149.256 283.617 0.529081
1 130.234 502.409 146.338 503.818 142.894 543.179 126.79 541.77 0.574669
1 84.4149 84.2915 81.9101 100.106 45.7114 94.3727 48.2161 78.5582 0.586818
1 194.322 245.725 210.992 247.184 207.651 285.367 190.981 283.908 0.612783
