1 381.995 204.219 396.979 204.742 395.717 240.864 380.733 240.34 0.448418
1 374.106 299.904 388.819 301.191 386.041 332.941 371.328 331.653 0.48509
1 376.225 253.993 392.246 255.394 389.177 290.469 373.156 289.068 0.512082
1 339.821 295.996 354.918 297.316 351.915 331.632 336.819 330.311 0.515779
1 234.732 171.335 251.923 172.839 248.636 210.402 231.446 208.898 0.555939
1 380.004 349.21 392.509 361.286 362.82 392.03 350.316 379.954 0.580098
1 298.875 548.732 312.089 549.888 309.374 580.918 296.16 579.762 0.594824
1 213.623 179.238 228.531 181.6 223.047 216.224 208.139 213.863 0.607559
1 327.439 493.482 342.867 495.926 337.012 532.893 321.583 530.45 0.607651
1 313.782 105.847 311.048 119.917 278.062 113.505 280.797 99.4356 0.615942
1 354.776 488.978 370.405 489.797 368.462 526.869 352.833 526.05 0.628505
