1 92.3145 625.707 88.5602 640.765 55.9434 632.633 59.6977 617.575 0.373348
1 159.3 431.971 174.953 432.792 172.867 472.6 157.213 471.779 0.40677
1 112.482 531.749 128.653 533.164 125.466 569.597 109.295 568.182 0.454169
1 149.862 536.169 165.33 537.522 162.394 571.079 146.926 569.725 0.481837
1 -1.13605 396.051 17.2764 398.638 11.4271 440.258 -6.98535 437.67 0.504243
1 156.745 589.326 170.383 602.963 136.749 636.596 123.112 622.959 0.52898
1 152.506 486.061 169.322 487.533 166.035 525.109 149.218 523.638 0.529933
1 212.469 230.469 231.359 231.459 229.179 273.065 210.289 272.075 0.574357
1 84.4224 324.264 81.9121 340.114 45.6906 334.377 48.2009 318.528 0.581625
1 108.487 154.597 107.913 171.035 71.3308 169.758 71.9049 153.319 0.601249
1 194.307 485.658 211.019 487.121 207.671 525.389 190.959 523.927 0.610635
