1 409.733 153.755 423.371 167.878 387.621 202.401 373.982 188.278 0.465156
1 362.886 90.4494 379.805 91.9296 376.379 131.078 359.461 129.598 0.502469
1 402.539 95.6239 419.275 97.0881 416.157 132.726 399.421 131.262 0.515248
1 407.031 40.8563 424.829 43.3576 419.201 83.3997 401.404 80.8984 0.527825
1 446.186 62.6325 464.065 64.1967 460.298 107.248 442.419 105.684 0.533724
1 347.788 320.093 365.283 322.863 358.543 365.418 341.048 362.647 0.569237
1 365.931 482.228 384.009 483.81 380.419 524.838 362.341 523.256 0.578767
1 313.976 384.802 329.299 386.142 326.227 421.261 310.904 419.921 0.578873
1 380.566 314.706 398.812 316.303 394.956 360.382 376.71 358.786 0.597542
1 421.418 333.658 439.462 335.236 435.883 376.146 417.839 374.567 0.643979
