1 169.703 153.569 183.478 167.833 147.546 202.531 133.772 188.268 0.480212
1 122.91 90.5055 139.75 91.9789 136.337 130.988 119.497 129.514 0.511746
1 162.528 95.612 179.289 97.0784 176.168 132.751 159.407 131.285 0.517511
1 167.06 40.8565 184.822 43.3529 179.2 83.3604 161.437 80.864 0.532648
1 206.189 62.6185 224.085 64.1841 220.318 107.237 202.423 105.671 0.534805
1 107.78 320.076 125.292 322.849 118.545 365.449 101.033 362.676 0.567421
1 73.9707 384.791 89.3157 386.134 86.2413 421.275 70.8962 419.932 0.576571
1 125.924 482.225 144.005 483.807 140.416 524.832 122.335 523.25 0.578709
1 140.595 314.692 158.793 316.284 154.937 360.356 136.739 358.764 0.598215
1 181.409 333.627 199.481 335.208 195.898 376.167 177.826 374.586 0.643312
