1 14.6786 285.195 -1.78312 289.299 -9.12091 259.869 7.34079 255.765 0.266417
1 153.333 140.552 156.952 149.978 133.858 158.842 130.24 149.416 0.267227
1 153.703 59.3928 158.048 72.0097 124.311 83.6261 119.967 71.0092 0.322508
1 122.016 466.316 109.068 472.354 96.6922 445.814 109.64 439.776 0.388297
1 84.2554 474.021 69.4715 478.825 60.4613 451.094 75.2452 446.291 0.395473
1 175.603 267.677 182.798 280.139 155.374 295.972 148.179 283.509 0.408277
1 274.223 354.181 279.197 366.492 248.545 378.876 243.571 366.565 0.455824
1 160.205 390.656 165.065 405.612 132.407 416.224 127.547 401.267 0.46235
1 131.858 291.096 136.121 305.038 105.283 314.466 101.02 300.524 0.553236
1 25.5562 332.248 8.55083 337.447 -1.92111 303.195 15.0843 297.996 0.616731
1 232.948 365.442 238.593 378.122 208.201 391.654 202.555 378.973 0.617365
