1 591.474 638.245 576.486 643.998 564.668 613.211 579.656 607.457 0.299268
1 489.716 17.1026 473.761 21.3776 465.066 -11.0705 481.021 -15.3455 0.302575
1 620.204 241.27 607.253 246.241 596.271 217.631 609.221 212.66 0.522188
1 473.627 39.0824 458.967 43.5644 449.447 12.4248 464.107 7.94281 0.546859
1 565.509 333.583 548.908 339.299 536.71 303.874 553.311 298.158 0.578043
1 635.574 619.755 619.304 625.041 607.964 590.139 624.234 584.852 0.618414
1 464.322 417.617 453.375 429.775 425.754 404.904 436.701 392.746 0.628191
1 617.32 107.276 603.709 112.501 592.571 83.4852 606.182 78.2605 0.643108
1 618.157 487.673 601.9 492.955 590.907 459.122 607.164 453.84 0.650688
1 611.393 150.991 597.06 156.782 584.922 126.737 599.254 120.947 0.670127
