1 109.846 155.207 112.003 168.829 76.3881 174.47 74.2306 160.848 0.308751
1 85.2273 468.059 86.5248 480.403 49.1799 484.328 47.8824 471.984 0.343132
1 166.817 153.452 167.329 168.119 129.255 169.449 128.743 154.782 0.36054
1 85.9122 572.575 87.3701 589.239 37.0891 593.638 35.6312 576.974 0.375656
1 188.645 413.314 189.731 428.836 152.868 431.414 151.783 415.892 0.430864
1 497.256 19.5124 499.414 34.8659 464.118 39.8265 461.96 24.473 0.450199
1 117.867 412.618 122.407 426.591 88.506 437.606 83.9657 423.633 0.481085
1 66.4951 424.861 67.0208 439.914 32.3503 441.125 31.8247 426.071 0.517519
1 142.211 547.822 145.323 562.464 110.226 569.924 107.114 555.282 0.571457
1 188.288 548.246 190.085 562.883 154.506 567.252 152.709 552.615 0.572748
1 226.461 124.543 226.941 138.277 193.058 139.46 192.579 125.726 0.584381
1 61.4402 553.032 62.8465 569.106 25.6067 572.364 24.2005 556.291 0.605606
