1 439.634 542.584 440.642 557.01 405.242 559.485 404.233 545.059 0.325103
1 419.115 294.889 419.352 308.461 381.769 309.117 381.532 295.545 0.379953
1 205.904 602.069 190.537 602.875 188.907 571.778 204.275 570.972 0.47089
1 201.822 429.492 218.129 430.919 215.131 465.177 198.825 463.75 0.486876
1 390.405 272.88 391.526 285.694 358.792 288.557 357.671 275.744 0.488676
1 319.451 552.972 320.216 567.564 286.341 569.339 285.577 554.747 0.52752
1 189.248 315.317 189.248 329.734 152.759 329.734 152.759 315.317 0.546028
1 187.989 521.309 206.63 522.94 203.16 562.597 184.519 560.966 0.553105
1 371.879 541.764 375.681 555.954 341.366 565.149 337.564 550.958 0.572797
1 196.39 472.525 211.36 473.835 208.646 504.862 193.675 503.552 0.594839
