1 357.766 17.6456 344.712 20.1831 338.784 -10.316 351.838 -12.8534 0.352793
1 504.099 167.657 492.835 172.208 482.208 145.907 493.473 141.356 0.378191
1 430.587 18.0558 415.857 23.1278 406.081 -5.26299 420.811 -10.3351 0.461736
1 620.18 481.262 607.258 486.222 596.295 457.662 609.217 452.702 0.519931
1 488.566 256.042 473.963 261.07 462.975 229.159 477.578 224.13 0.533265
1 473.567 279.125 458.927 283.601 449.409 252.468 464.049 247.992 0.544928
1 402.917 83.9665 388.986 88.493 379.185 58.3297 393.116 53.8032 0.57125
1 565.495 573.569 548.914 579.278 536.728 543.885 553.308 538.176 0.576236
1 341.393 32.0561 326.249 36.9766 316.312 6.39179 331.455 1.47133 0.628631
1 617.319 347.276 603.713 352.499 592.579 323.495 606.186 318.272 0.640665
1 407.985 40.9974 394.17 45.7542 383.91 15.9584 397.725 11.2016 0.648969
1 611.398 390.991 597.049 396.788 584.906 366.732 599.254 360.935 0.667113
