1 328.345 77.4895 331.492 92.2957 297.854 99.4456 294.707 84.6394 0.343359
1 614.179 474.377 613.474 487.83 582.281 486.196 582.986 472.743 0.494406
1 250.85 101.16 235.956 101.94 234.204 68.5004 249.097 67.7199 0.515212
1 611.062 492.48 610.829 505.832 581.912 505.328 582.145 491.976 0.597077
1 378.011 127.432 388.353 139.757 360.055 163.502 349.713 151.177 0.602996
1 616.401 515.623 615.661 529.746 583.52 528.061 584.26 513.938 0.604643
1 615.613 576.587 614.152 590.49 582.576 587.171 584.038 573.268 0.60505
1 612.252 613.91 612.01 627.765 582.149 627.243 582.39 613.388 0.612237
1 617.039 557.742 615.533 572.067 584.431 568.798 585.937 554.473 0.641007
1 614.308 594.626 613.755 610.452 577.08 609.171 577.632 593.345 0.648713
1 617.266 535.402 617.018 549.601 586.459 549.067 586.707 534.868 0.673901
