1 367.343 346.252 367.111 359.559 335.648 359.01 335.881 345.702 0.463816
1 370.147 449.36 368.945 463.104 336.614 460.275 337.817 446.531 0.522753
1 525.799 513.548 511.193 514.313 509.436 480.787 524.042 480.021 0.531194
1 624.784 215.173 639.959 215.968 638.067 252.062 622.892 251.267 0.559072
1 595.977 340.887 610.484 341.393 609.286 375.697 594.779 375.191 0.565943
1 365.553 487.321 365.553 500.638 336.145 500.638 336.145 487.321 0.566524
1 130.862 -4.55902 141.879 7.67657 113.811 32.9498 102.794 20.7142 0.570441
1 595.764 383.773 611.632 384.604 609.686 421.731 593.818 420.899 0.578234
1 365.436 364.939 365.208 378.016 335.19 377.492 335.418 364.415 0.606976
1 551.434 513.148 534.027 514.671 530.757 477.289 548.164 475.766 0.615752
1 633.563 308.469 620.076 309.176 618.389 276.971 631.875 276.264 0.617349
1 370.994 431.177 369.833 444.445 338.398 441.695 339.558 428.427 0.630882
1 370.872 388.583 370.152 402.336 337.505 400.625 338.226 386.872 0.631973
1 367.197 467.763 366.919 483.689 330.641 483.056 330.919 467.13 0.638484
1 610.208 459.087 595.545 460.113 593.206 426.663 607.869 425.638 0.643606
1 371.487 408.701 371.487 422.672 340.34 422.672 340.34 408.701 0.701584
