1 624.883 21.3624 609.452 22.1711 607.627 -12.649 623.058 -13.4578 0.401714
1 586.102 55.3042 600.519 56.0597 598.729 90.2152 584.312 89.4597 0.458826
1 513.569 234.62 498.639 235.402 496.806 200.432 511.737 199.65 0.503612
1 586.195 99.9686 601.522 101.309 598.435 136.586 583.108 135.245 0.521049
1 349.464 206.331 349.464 219.916 320.511 219.916 320.511 206.331 0.54934
1 600.189 175.793 584.029 176.923 581.581 141.913 597.74 140.783 0.568875
1 355.636 167.247 354.885 181.576 321.679 179.836 322.43 165.507 0.586637
1 538.921 232.423 521.875 233.914 518.566 196.09 535.611 194.599 0.602446
1 352.843 60.3671 352.38 73.6501 320.456 72.5353 320.92 59.2523 0.60678
1 350.991 78.9655 350.747 92.992 320.269 92.46 320.514 78.4335 0.636679
1 355.588 146.46 355.348 160.226 322.625 159.655 322.865 145.888 0.649777
1 351.033 185.69 351.033 202.011 314.347 202.011 314.347 185.69 0.651258
1 356.331 124.951 356.331 139.477 324.071 139.477 324.071 124.951 0.651703
1 356.332 102.853 355.83 117.214 323.077 116.071 323.578 101.709 0.659759
