1 277.64 198.437 297.55 200.179 294.007 240.672 274.097 238.93 0.292769
1 287.789 252.279 301.744 264.409 273.143 297.31 259.188 285.18 0.394836
1 242.42 200.389 259.509 200.986 258.202 238.404 241.113 237.807 0.401885
1 201.678 7.49365 199.457 23.291 163.035 18.1721 165.255 2.37477 0.534823
1 238.552 497.128 221.947 498.581 218.92 463.983 235.525 462.53 0.545474
1 125.849 81.8866 143.482 82.5023 142.095 122.229 124.462 121.613 0.549767
1 276.067 154.557 292.425 155.128 291.183 190.691 274.825 190.12 0.557838
1 316.54 291.055 332.917 292.488 329.539 331.092 313.163 329.659 0.566854
1 102.407 91.7313 118.774 92.3028 117.47 129.67 101.102 129.098 0.583149
1 291.612 436.248 274.873 437.713 271.548 399.703 288.287 398.238 0.586159
1 290.039 582.097 273.724 582.952 271.777 545.797 288.092 544.942 0.591711
1 245.1 407.317 260.685 408.68 257.575 444.222 241.991 442.859 0.596331
