1 516.145 389.615 534.716 390.264 533.306 430.657 514.734 430.008 0.324829
1 499.45 428.584 481.63 429.518 479.644 391.631 497.464 390.698 0.408524
1 526.272 443.472 541.056 455.878 511.896 490.629 497.112 478.224 0.446969
1 483.218 606.469 499.49 607.322 497.484 645.6 481.212 644.747 0.463518
1 442.482 204.874 440.325 220.227 404.618 215.209 406.776 199.856 0.52386
1 366.58 275.133 383.895 276.041 381.921 313.694 364.607 312.787 0.527708
1 451.528 54.5117 451.528 69.4659 418.412 69.4659 418.412 54.5117 0.571112
1 343.916 283.448 360.105 284.864 356.944 320.994 340.755 319.577 0.573889
1 530.918 380.344 514.23 381.219 512.446 347.183 529.134 346.309 0.576919
1 532.002 640.084 514.846 641.585 511.181 599.692 528.337 598.191 0.602333
