1 527.375 392.876 542.367 405.016 514.136 439.878 499.144 427.738 0.326122
1 482.031 341.725 499.106 342.62 497.154 379.862 480.079 378.967 0.344424
1 477.638 652.293 460.184 653.82 456.993 617.341 474.447 615.814 0.362377
1 367.102 227.397 384.334 227.999 383.036 265.147 365.805 264.545 0.517066
1 442.5 157.755 440.657 172.765 405.472 168.444 407.315 153.435 0.54815
1 346.385 236.084 361.874 237.439 358.82 272.338 343.331 270.983 0.549642
1 531.007 331.128 515.074 331.963 513.296 298.048 529.229 297.213 0.555165
1 553.586 478.254 570.99 478.862 569.565 519.673 552.161 519.065 0.5784
1 532.391 585.541 515.102 587.053 511.593 546.953 528.882 545.44 0.589629
1 483.546 553.786 499.945 554.645 497.876 594.132 481.476 593.272 0.598375
1 452.01 10.5975 452.01 25.0366 418.89 25.0366 418.89 10.5975 0.613379
