1 542.444 367.68 559.477 371.927 550.319 408.656 533.287 404.41 0.311455
1 543.571 418.473 554.03 432.869 517.099 459.701 506.64 445.305 0.423462
1 429.037 607.819 443.771 611.493 435.22 645.788 420.486 642.115 0.423922
1 507.477 360.074 524.984 363.478 517.884 400.005 500.376 396.602 0.445413
1 549.828 325.006 566.183 328.483 558.883 362.826 542.528 359.35 0.538099
1 510.471 166.2 504.499 180.982 470.951 167.427 476.923 152.646 0.56922
1 545.846 517.645 534.645 528.847 506.163 500.365 517.364 489.163 0.569372
1 420.96 222.107 437.524 226.237 428.34 263.071 411.777 258.942 0.592408
1 396.852 224.61 412.484 228.508 403.37 265.063 387.738 261.165 0.611646
1 465.707 557.284 480.916 561.645 470.39 598.352 455.181 593.991 0.619934
1 494.256 556.647 510.668 560.135 502.483 598.645 486.07 595.156 0.630272
1 555.423 9.36325 551.545 24.9143 517.783 16.4964 521.66 0.945348 0.64162
