1 528.935 168.331 542.471 180.518 513.356 212.854 499.82 200.666 0.366476
1 503.134 152.625 484.811 153.586 482.898 117.09 501.221 116.129 0.388831
1 375.484 -2.26348 392.248 -0.796751 389.102 35.1667 372.337 33.7 0.458825
1 565.375 284.605 551.38 294.405 526.656 259.096 540.651 249.296 0.492836
1 453.032 374.289 467.291 375.536 464.491 407.546 450.232 406.298 0.532196
1 521.371 73.44 537.639 74.8633 534.628 109.271 518.361 107.848 0.544607
1 351.56 4.029 367.538 5.42685 364.358 41.7667 348.381 40.3689 0.573515
1 479.018 318.958 494.571 320.319 491.358 357.045 475.805 355.684 0.601826
1 507.129 313.446 523.967 314.034 522.652 351.699 505.813 351.111 0.622633
1 500.593 457.236 516.952 458.094 515.022 494.929 498.663 494.071 0.623899
