1 275.241 80.6931 276.39 93.8278 247.409 96.3633 246.26 83.2286 0.322989
1 195.073 66.7311 193.966 79.3819 161.599 76.5501 162.706 63.8994 0.352881
1 204.538 22.306 202.948 37.4296 166.741 33.624 168.331 18.5004 0.354296
1 209.576 4.08351 209.282 20.896 171.004 20.2278 171.298 3.41537 0.398348
1 245.113 275.545 245.113 288.394 214.856 288.394 214.856 275.545 0.402305
1 192.409 112.183 192.154 126.776 156.359 126.151 156.614 111.558 0.420433
1 251.249 224.152 251.024 237.039 219.818 236.494 220.043 223.607 0.426506
1 240.37 312.791 240.37 328.164 205.162 328.164 205.162 312.791 0.433312
1 271.019 112.523 271.019 125.017 242.77 125.017 242.77 112.523 0.476427
1 260.536 191.415 260.007 206.584 225.092 205.364 225.621 190.196 0.478859
1 280.758 35.2836 280.545 47.4778 250.733 46.9574 250.946 34.7633 0.486087
1 177.115 192.773 175.491 208.219 139.7 204.457 141.324 189.011 0.488771
1 192.386 96.8419 190.811 111.826 156.843 108.256 158.418 93.2718 0.490315
1 248.452 255.709 248.452 270.121 215.641 270.121 215.641 255.709 0.51813
1 281.003 49.8208 281.003 63.595 249.816 63.595 249.816 49.8208 0.528413
1 226.381 355.099 226.381 369.135 195.04 369.135 195.04 355.099 0.530714
1 281.935 20.0987 281.935 32.4374 251.115 32.4374 251.115 20.0987 0.532823
1 191.588 128.172 190.773 143.733 153.942 141.803 154.757 126.242 0.545037
1 201.108 37.7379 199.412 53.8711 163.487 50.0952 165.183 33.962 0.546118
1 184.181 143.926 183.665 158.691 148.007 157.445 148.522 142.68 0.554592
1 273.773 95.2202 274.886 107.936 245.441 110.512 244.328 97.7963 0.559769
1 277.114 66.6165 276.879 80.0685 247.207 79.5506 247.441 66.0985 0.575648
1 179.145 176.636 177.9 190.861 144.176 187.91 145.42 173.686 0.577104
1 262.648 153.712 262.648 167.75 229.169 167.75 229.169 153.712 0.581463
1 265.329 128.525 265.091 142.195 236.801 141.701 237.04 128.032 0.583637
1 172.851 207.4 172.289 223.485 136.902 222.249 137.464 206.164 0.595937
1 181.043 160.647 180.307 174.681 146.394 172.903 147.129 158.87 0.614009
1 253.616 208.052 253.372 222.064 220.725 221.494 220.969 207.482 0.620835
1 194.91 80.1548 194.173 94.2064 161.351 92.4863 162.087 78.4346 0.624401
1 251.618 239.431 251.368 253.726 218.843 253.158 219.093 238.864 0.649007
1 260.821 170.623 260.821 184.866 228.221 184.866 228.221 170.623 0.649543
