1 266.873 25.9809 266.873 40.48 231.662 40.48 231.662 25.9809 0.344616
1 249.883 108.851 249.655 121.931 220.409 121.421 220.637 108.341 0.387488
1 184.127 26.993 182.506 42.4132 147.175 38.6998 148.796 23.2795 0.433096
1 185.582 10.9248 184.026 25.7276 148.922 22.038 150.478 7.23524 0.440788
1 254.49 72.5433 254.49 86.2254 223.611 86.2254 223.611 72.5433 0.456634
1 229.834 187.256 230.316 201.072 198.291 202.191 197.808 188.375 0.471876
1 178.589 41.6742 178.047 57.2135 143.904 56.0212 144.446 40.4819 0.476791
1 245.487 145.213 245.487 160.719 210.079 160.719 210.079 145.213 0.533804
1 268.169 4.14367 268.169 19.1244 234.246 19.1244 234.246 4.14367 0.620839
1 259.049 42.2241 259.049 55.8712 226.574 55.8712 226.574 42.2241 0.630058
1 252.216 90.36 251.97 104.458 219.817 103.897 220.063 89.7988 0.631919
