1 257.18 298.347 256.942 312.006 225.475 311.457 225.713 297.798 0.263127
1 283.68 157.253 283.68 170.208 255.537 170.208 255.537 157.253 0.337288
1 203.702 143.843 202.603 156.399 170.064 153.552 171.163 140.996 0.34586
1 266.939 265.914 266.939 280.416 231.732 280.416 231.732 265.914 0.367318
1 277.619 188.517 277.404 200.825 249.243 200.333 249.457 188.026 0.372019
1 226.911 37.6464 226.676 51.1069 195.232 50.5581 195.467 37.0976 0.385175
1 250.21 348.782 249.979 362.059 220.022 361.536 220.254 348.259 0.392542
1 220.138 83.2571 219.605 98.534 182.893 97.252 183.427 81.9752 0.40899
1 254.536 313.825 254.296 327.586 222.819 327.037 223.059 313.275 0.431361
1 184.354 267.469 182.748 282.749 146.8 278.971 148.406 263.691 0.44331
1 201.265 188.815 200.212 203.876 163.931 201.339 164.984 186.278 0.446638
1 212.999 97.4219 212.258 111.57 178.886 109.821 179.628 95.673 0.460186
1 212.258 114.882 210.632 130.349 174.465 126.548 176.091 111.081 0.46763
1 229.692 427.886 229.692 441.455 198.163 441.455 198.163 427.886 0.480273
1 178.81 282.006 178.262 297.691 143.333 296.471 143.88 280.786 0.487049
1 187.542 251.493 185.964 266.506 149.912 262.717 151.49 247.703 0.489353
1 304.878 22.4452 305.361 36.2796 274.051 37.3729 273.568 23.5386 0.504535
1 191.207 219.532 190.467 233.644 156.254 231.851 156.993 217.739 0.510171
1 280.386 171.16 281.437 183.167 252.952 185.659 251.902 173.652 0.516506
1 202.446 173.083 200.847 188.297 165.159 184.546 166.758 169.332 0.517491
1 222.543 68.867 222.286 83.612 188.424 83.0209 188.682 68.2759 0.520127
1 200.323 204.703 198.705 220.101 161.678 216.21 163.296 200.811 0.521257
1 245.35 385.162 245.35 400.886 209.723 400.886 209.723 385.162 0.524415
1 289.809 111.71 289.59 124.271 259.285 123.742 259.504 111.181 0.529928
1 226.611 8.60127 226.611 21.1965 197.395 21.1965 197.395 8.60127 0.532445
1 298.457 52.0976 299.133 65.0066 268.268 66.6241 267.591 53.7151 0.534982
1 290.974 96.803 290.974 109.301 260.159 109.301 260.159 96.803 0.541421
1 273.017 204.242 272.783 217.667 242.777 217.143 243.011 203.718 0.5484
1 270.236 228.183 270.236 242.045 236.348 242.045 236.348 228.183 0.575468
1 469.345 126.553 482.369 127.692 479.807 156.975 466.783 155.835 0.577347
1 221.823 52.3805 221.085 66.4558 187.224 64.6812 187.962 50.606 0.583961
1 284.847 142.29 284.847 155.728 255.932 155.728 255.932 142.29 0.590889
1 225.525 23.3726 225.525 36.7169 195.283 36.7169 195.283 23.3726 0.604679
1 188.143 235.478 187.417 249.323 153.583 247.55 154.309 233.704 0.605207
1 259.234 282.692 258.991 296.558 226.396 295.989 226.638 282.123 0.614308
1 203.578 156.1 202.847 170.053 169.291 168.294 170.022 154.341 0.61904
1 251.755 330.242 251.755 344.149 220.181 344.149 220.181 330.242 0.620099
1 288.998 126.051 288.756 139.906 257.203 139.355 257.445 125.501 0.623278
1 267.723 244.942 267.723 259.355 235.141 259.355 235.141 244.942 0.63558
1 297.344 69.8418 297.095 84.1041 265.181 83.547 265.43 69.2848 0.638236
