1 253.89 58.1198 253.66 71.3394 223.965 70.821 224.196 57.6014 0.287793
1 189.228 -4.62473 187.599 10.8683 151.315 7.05466 152.943 -8.43837 0.326992
1 249.779 109.685 249.549 122.866 220.174 122.353 220.404 109.172 0.37653
1 264.456 27.6822 264.221 41.1674 230.592 40.5804 230.828 27.0952 0.428262
1 184.026 28.1084 182.435 43.2489 147.02 39.5266 148.611 24.3861 0.45676
1 229.334 188.185 229.814 201.939 197.942 203.052 197.462 189.298 0.490108
1 245.281 146.375 245.281 161.825 209.553 161.825 209.553 146.375 0.523647
1 178.458 42.731 177.912 58.3538 143.229 57.1426 143.774 41.5198 0.525332
1 186.425 12.0635 184.865 26.9052 149.371 23.1747 150.931 8.33295 0.550873
1 254.738 74.5439 254.738 88.3148 223.142 88.3148 223.142 74.5439 0.550916
1 258.533 43.2174 258.533 56.5996 226.316 56.5996 226.316 43.2174 0.594054
1 251.828 91.1617 251.584 105.112 219.617 104.554 219.86 90.6037 0.600324
1 267.727 4.93969 267.727 20.0841 234.092 20.0841 234.092 4.93969 0.633459
