1 232.614 107.276 246.603 110.764 238.173 144.573 224.184 141.085 0.299852
1 315.895 145.008 304.092 159.584 271.194 132.943 282.997 118.368 0.407685
1 26.2598 130.026 26.2598 144.379 -7.07641 144.379 -7.07641 130.026 0.416125
1 461.771 138.253 462.279 152.807 425.078 154.106 424.57 139.552 0.459708
1 366.572 101.19 366.572 116.494 331.504 116.494 331.504 101.19 0.497595
1 364.24 137.048 364.24 151.441 330.516 151.441 330.516 137.048 0.511071
1 544.973 26.2086 559.64 28.27 554.932 61.7715 540.264 59.7102 0.561414
1 172.744 130.297 173.288 145.873 133.851 147.251 133.307 131.675 0.578049
1 411.386 135.795 411.386 150.479 376.207 150.479 376.207 135.795 0.592618
1 165.432 101.73 164.896 117.089 127.25 115.775 127.786 100.415 0.605198
1 108.057 77.7259 107.827 90.8884 75.6296 90.3264 75.8594 77.1639 0.625927
