1 460.705 579.564 461.234 594.715 423.443 596.035 422.914 580.883 0.445345
1 25.6293 570.432 25.6293 585.486 -9.42265 585.486 -9.42265 570.432 0.447346
1 364.624 577.231 364.624 592.616 328.651 592.616 328.651 577.231 0.453466
1 315.036 587.25 302.843 601.276 270.78 573.404 282.973 559.378 0.494222
1 365.66 542.483 365.66 557.425 330.475 557.425 330.475 542.483 0.494412
1 410.237 578.174 410.237 592.076 375.718 592.076 375.718 578.174 0.537607
1 543.827 467.92 558.761 470.019 554.059 503.477 539.125 501.378 0.543688
1 170.643 572.087 170.643 587.445 133.345 587.445 133.345 572.087 0.587447
1 474.34 406.73 473.82 421.603 437.847 420.347 438.367 405.474 0.59941
1 483.566 429.718 483 445.924 443.862 444.557 444.428 428.351 0.599642
1 164.304 542.809 163.783 557.72 126.383 556.414 126.904 541.503 0.606632
1 106.985 518.506 106.754 531.778 74.4308 531.214 74.6625 517.942 0.617001
