1 225.294 77.388 226.967 89.2916 202.555 92.7225 200.882 80.8189 0.302448
1 76.1049 345.18 64.3145 359.74 31.0618 332.812 42.8521 318.252 0.427664
1 221.609 338.205 222.12 352.826 184.874 354.126 184.363 339.506 0.451749
1 124.343 336.996 124.343 351.405 90.4874 351.405 90.4874 336.996 0.50459
1 126.077 301.575 126.077 316.197 91.8403 316.197 91.8403 301.575 0.506684
1 474.694 274.161 458.671 275.001 456.881 240.86 472.905 240.02 0.533553
1 304.911 226.238 319.704 228.317 314.995 261.822 300.202 259.743 0.551666
1 171.388 335.67 171.388 350.539 136.15 350.539 136.15 335.67 0.59135
1 235.219 165.654 234.705 180.366 198.715 179.109 199.229 164.398 0.602356
1 243.748 187.978 243.161 204.773 204.636 203.427 205.223 186.633 0.605127
