1 465.408 317.373 467.084 329.303 442.605 332.743 440.928 320.814 0.282444
1 232.61 547.265 246.563 550.744 238.157 584.462 224.203 580.983 0.290332
1 26.2673 569.989 26.2673 584.322 -7.18674 584.322 -7.18674 569.989 0.405321
1 316.393 585.209 304.426 599.988 270.828 572.781 282.796 558.002 0.438146
1 461.67 578.137 462.185 592.896 424.819 594.2 424.304 579.442 0.45732
1 364.394 576.94 364.394 591.444 330.452 591.444 330.452 576.94 0.494559
1 366.225 541.839 365.969 556.537 331.737 555.939 331.994 541.242 0.502956
1 544.902 466.262 559.683 468.339 554.974 501.841 540.193 499.763 0.559258
1 172.679 570.353 173.22 585.835 134.136 587.2 133.596 571.718 0.574884
1 411.402 575.66 411.402 590.55 376.149 590.55 376.149 575.66 0.589417
1 475.224 405.638 474.709 420.39 438.721 419.133 439.236 404.381 0.600043
1 165.478 541.786 164.945 557.054 127.237 555.738 127.77 540.469 0.605035
1 483.775 427.98 483.188 444.787 444.639 443.441 445.226 426.634 0.605424
1 108.084 517.731 107.852 531 75.5176 530.436 75.7492 517.166 0.617754
