1 314.513 345.741 302 359.639 270.897 331.634 283.411 317.736 0.382707
1 26.3738 329.649 26.3738 344.785 -10.4268 344.785 -10.4268 329.649 0.401313
1 232.448 240.482 246.461 241.708 243.782 272.325 229.77 271.099 0.424445
1 461.654 338.113 462.172 352.959 424.377 354.279 423.858 339.433 0.464447
1 363.995 337.121 363.995 351.519 329.88 351.519 329.88 337.121 0.505574
1 366.347 301.327 366.347 316.736 330.878 316.736 330.878 301.327 0.525373
1 544.238 226.016 559.442 228.153 554.689 261.977 539.484 259.84 0.565763
1 411.206 335.85 411.206 350.674 375.903 350.674 375.903 335.85 0.574302
1 172.607 330.975 172.607 346.632 133.296 346.632 133.296 330.975 0.582467
1 474.593 165.683 474.079 180.419 438.224 179.167 438.738 164.431 0.608958
1 165.082 302.118 164.548 317.426 126.916 316.112 127.45 300.804 0.609664
1 484.3 188.218 483.719 204.838 444.26 203.46 444.84 186.84 0.612623
1 107.504 277.805 107.27 291.165 74.7427 290.598 74.9759 277.237 0.620705
