1 224.51 77.806 226.21 89.8991 201.47 93.3761 199.77 81.2829 0.330437
1 74.3363 346.282 61.9587 360.521 29.66 332.444 42.0377 318.205 0.429071
1 221.534 338.574 222.06 353.64 184.088 354.966 183.562 339.9 0.474819
1 170.96 336.143 170.96 351.025 135.566 351.025 135.566 336.143 0.526332
1 473.985 274.431 457.949 275.271 456.177 241.47 472.213 240.629 0.535417
1 124.189 337.541 124.189 352.062 89.6507 352.062 89.6507 337.541 0.541372
1 125.361 302.47 125.361 316.718 91.0679 316.718 91.0679 302.47 0.545615
1 303.989 226.661 318.951 228.763 314.209 262.507 299.247 260.404 0.558595
1 242.476 188.669 242.19 205.09 204.305 204.429 204.592 188.008 0.598047
1 234.122 166.262 233.606 181.033 197.912 179.787 198.428 165.015 0.617449
