1 464.536 318.64 466.419 330.532 441.639 334.457 439.755 322.565 0.326247
1 25.4829 570.947 25.4829 586.384 -10.2142 586.384 -10.2142 570.947 0.468237
1 234.563 354.743 250.119 355.286 248.896 390.308 233.34 389.765 0.475315
1 460.746 578.893 461.804 594.014 424.181 596.645 423.124 581.524 0.483567
1 314.809 587.44 302.756 601.305 270.439 573.212 282.492 559.347 0.498028
1 364.822 577.915 364.822 593.137 329.254 593.137 329.254 577.915 0.513607
1 365.904 542.652 365.904 557.655 330.883 557.655 330.883 542.652 0.523254
1 410.616 578.341 410.616 592.547 375.902 592.547 375.902 578.341 0.542446
1 544.016 467.687 559.081 469.804 554.372 503.316 539.306 501.199 0.553704
1 164.377 543.536 163.853 558.538 126.633 557.238 127.157 542.236 0.598656
1 474.257 407.012 473.743 421.738 438.008 420.49 438.523 405.764 0.605965
1 483.437 429.919 482.875 446.028 443.863 444.666 444.426 428.556 0.608662
1 107.696 519.156 107.459 532.714 74.552 532.14 74.7887 518.581 0.610314
1 170.116 572.358 170.392 588.171 133.364 588.818 133.088 573.004 0.613359
