1 315.923 145.764 303.517 160.036 271.682 132.361 284.087 118.09 0.404106
1 26.8107 129.616 26.8107 144.811 -7.73966 144.811 -7.73966 129.616 0.405271
1 365.445 136.628 365.445 151.578 330.133 151.578 330.133 136.628 0.437719
1 461.587 138.144 462.102 152.917 424.924 154.215 424.408 139.443 0.45089
1 366.484 101.199 366.484 116.618 331.487 116.618 331.487 101.199 0.467828
1 544.985 26.2396 559.814 28.3238 555.148 61.5265 540.318 59.4423 0.569679
1 172.684 130.327 173.226 145.844 133.854 147.219 133.312 131.702 0.570054
1 411.331 135.75 411.331 150.333 376.45 150.333 376.45 135.75 0.603253
1 165.592 101.649 165.049 117.183 127.328 115.865 127.87 100.332 0.611915
1 108.259 77.798 108.03 90.9299 75.6259 90.3643 75.8551 77.2324 0.617847
