1 223.632 319.171 225.467 330.756 201.497 334.552 199.662 322.967 0.264157
1 75.0966 587.874 63.1495 601.617 30.6487 573.365 42.5959 559.621 0.477677
1 220.699 579.363 221.757 594.49 184.164 597.119 183.106 581.992 0.485874
1 126.225 542.895 126.225 557.805 90.9139 557.805 90.9139 542.895 0.50267
1 124.315 578.551 124.315 593.092 89.7809 593.092 89.7809 578.551 0.509661
1 303.299 468.162 318.641 469.504 315.686 503.277 300.344 501.935 0.540829
1 474.135 515.259 458.067 516.101 456.318 482.721 472.386 481.878 0.558572
1 171.195 578.174 171.195 593.207 135.579 593.207 135.579 578.174 0.5592
1 242.752 429.999 242.176 446.504 204.371 445.184 204.948 428.679 0.600109
1 234.691 407.201 234.173 422.044 198.117 420.785 198.636 405.942 0.604032
