1 314.939 345 302.664 359.122 270.942 331.547 283.218 317.425 0.396299
1 27.0083 329.379 27.2715 344.457 -7.63687 345.066 -7.90006 329.988 0.421031
1 366.466 301.497 366.188 317.447 331.549 316.842 331.827 300.892 0.440862
1 461.766 337.867 462.289 352.834 424.932 354.139 424.409 339.171 0.47484
1 364.784 337.029 364.533 351.443 330.327 350.846 330.578 336.432 0.489484
1 544.982 226.071 559.777 228.15 555.098 261.443 540.302 259.364 0.565907
1 172.535 330.313 173.074 345.732 134.324 347.085 133.786 331.666 0.571916
1 411.471 335.63 411.471 350.371 376.429 350.371 376.429 335.63 0.59637
1 475.385 165.438 474.866 180.289 438.917 179.034 439.436 164.183 0.606403
1 483.807 187.786 483.219 204.641 444.608 203.293 445.196 186.438 0.608435
1 165.257 301.733 164.72 317.108 127.419 315.806 127.956 300.43 0.608647
1 108.465 277.731 108.234 290.965 75.7984 290.399 76.0294 277.164 0.628047
