1 224.557 317.791 226.26 329.915 201.44 333.403 199.736 321.279 0.310037
1 74.6085 586.345 62.104 600.73 29.5869 572.463 42.0914 558.078 0.442612
1 221.581 578.519 222.111 593.695 184.054 595.024 183.524 579.848 0.475834
1 170.973 576.127 170.973 591.044 135.546 591.044 135.546 576.127 0.524496
1 473.983 514.425 457.949 515.265 456.179 481.495 472.213 480.655 0.53225
1 124.827 577.237 124.827 592.343 89.2807 592.343 89.2807 577.237 0.534332
1 125.406 542.438 125.406 556.766 91.0685 556.766 91.0685 542.438 0.53891
1 303.968 466.665 318.97 468.773 314.221 502.557 299.219 500.449 0.556467
1 242.493 428.648 242.205 445.13 204.268 444.468 204.556 427.986 0.595522
1 234.184 406.227 233.665 421.079 197.882 419.83 198.401 404.978 0.612729
