1 224.323 79.1695 226.164 90.7985 201.886 94.6437 200.045 83.0147 0.335606
1 74.62 347.937 62.3484 361.567 30.6605 333.035 42.9321 319.406 0.388438
1 220.789 339.746 221.823 354.523 184.428 357.138 183.395 342.36 0.474844
1 124.472 338.842 124.216 353.537 89.8588 352.938 90.1153 338.243 0.51608
1 126.344 303.086 126.344 317.912 91.0889 317.912 91.0889 303.086 0.523712
1 304.45 227.791 319.597 229.92 314.876 263.508 299.729 261.379 0.541395
1 474.221 275.458 458.294 276.293 456.531 242.665 472.458 241.83 0.558666
1 170.911 338.632 170.911 353.008 136.096 353.008 136.096 338.632 0.568524
1 244.155 190.207 243.592 206.35 204.064 204.97 204.627 188.827 0.60483
1 234.988 167.192 234.469 182.059 198.295 180.795 198.814 165.929 0.61075
