1 475.854 328.597 490.561 329.111 489.351 363.773 474.644 363.259 0.433815
1 649.606 577.361 650.131 592.415 615.897 593.61 615.371 578.557 0.436115
1 554.807 587.784 542.967 601.404 510.705 573.359 522.545 559.739 0.460901
1 606.211 542.935 606.211 557.743 570.954 557.743 570.954 542.935 0.494004
1 231.516 624.515 231.516 640.965 193.796 640.965 193.796 624.515 0.496408
1 604.29 578.6 604.29 593.054 569.818 593.054 569.818 578.6 0.510337
1 404.792 543.657 404.268 558.664 366.856 557.358 367.38 542.351 0.594945
1 264.995 571.043 264.995 586.639 228.949 586.639 228.949 571.043 0.60693
1 409.951 572.6 410.228 588.43 373.206 589.077 372.929 573.247 0.617633
1 347.552 519.47 347.318 532.85 314.802 532.283 315.036 518.903 0.619309
