1 464.229 318.522 465.916 330.529 441.796 333.918 440.108 321.912 0.26822
1 25.3869 570.976 25.3869 585.642 -10.072 585.642 -10.072 570.976 0.429644
1 314.915 585.918 303.042 600.58 269.781 573.646 281.654 558.985 0.437536
1 461.267 579.478 461.797 594.646 423.721 595.975 423.191 580.807 0.451081
1 365.189 577.674 365.189 592.663 329.108 592.663 329.108 577.674 0.504804
1 411.214 577.773 411.214 592.463 375.749 592.463 375.749 577.773 0.509404
1 365.923 542.445 365.923 557.343 330.748 557.343 330.748 542.445 0.528928
1 243.824 25.8885 259.361 27.2478 256.154 63.9129 240.617 62.5536 0.541212
1 544.127 466.921 559.188 469.038 554.419 502.973 539.357 500.856 0.559779
1 176.366 616.923 179.471 631.529 144.715 638.917 141.61 624.31 0.563875
1 483.745 429.602 483.185 445.66 443.968 444.29 444.529 428.233 0.603279
1 164.363 543.182 163.84 558.15 126.645 556.852 127.168 541.883 0.60945
1 474.408 406.556 473.886 421.497 438.071 420.246 438.593 405.306 0.611276
1 170.31 572.369 170.31 587.906 133.78 587.906 133.78 572.369 0.617736
1 107.552 518.85 107.319 532.199 74.857 531.632 75.09 518.283 0.631197
