1 224.097 78.5435 225.779 90.5131 201.731 93.8929 200.049 81.9233 0.279803
1 74.6023 345.844 62.8915 360.305 29.9105 333.598 41.6213 319.136 0.423786
1 221.182 339.572 221.706 354.57 183.794 355.894 183.27 340.896 0.447004
1 125.124 337.743 125.124 352.617 89.1775 352.617 89.1775 337.743 0.509931
1 171.194 337.789 171.194 352.448 135.756 352.448 135.756 337.789 0.512578
1 125.698 303.042 125.447 317.436 90.9481 316.834 91.1994 302.44 0.525221
1 474.055 274.705 458.039 275.544 456.262 241.64 472.278 240.801 0.542887
1 304.146 226.899 319.2 229.015 314.431 262.949 299.376 260.833 0.550811
1 243.737 189.629 243.178 205.617 203.983 204.248 204.542 188.261 0.603514
1 234.4 166.587 233.88 181.455 198.079 180.205 198.598 165.337 0.614889
