1 127.731 628.002 128.03 645.184 90.3336 645.842 90.0337 628.66 0.266312
1 464.393 318.624 466.278 330.524 441.614 334.431 439.729 322.531 0.317716
1 25.1817 571.169 25.1817 586.068 -10.453 586.068 -10.453 571.169 0.454364
1 315.118 587.496 302.85 601.609 270.43 573.427 282.698 559.313 0.464524
1 461.252 579.741 461.782 594.917 423.755 596.245 423.225 581.069 0.493741
1 239.403 159.652 254.304 160.172 253.051 196.071 238.15 195.551 0.495176
1 365.129 578.035 365.129 593.109 329.491 593.109 329.491 578.035 0.523277
1 410.479 578.248 410.479 592.524 375.755 592.524 375.755 578.248 0.538977
1 365.957 543.335 365.707 557.691 331.23 557.089 331.481 542.733 0.548064
1 543.95 467.885 559.059 470.008 554.359 503.454 539.25 501.331 0.556202
1 164.746 543.445 164.215 558.67 126.66 557.358 127.191 542.133 0.604464
1 474.413 407.045 473.898 421.789 438.114 420.539 438.629 405.796 0.606772
1 483.194 430.009 482.636 445.996 443.829 444.641 444.387 428.654 0.608001
1 170.19 572.268 170.466 588.078 133.411 588.725 133.135 572.915 0.612531
1 107.655 519.074 107.42 532.52 74.6192 531.948 74.8539 518.502 0.618617
