1 224.463 318.004 226.157 330.052 201.656 333.495 199.963 321.447 0.326662
1 74.9148 586.598 62.4676 600.917 29.6394 572.38 42.0867 558.061 0.43874
1 221.448 578.646 221.987 594.087 183.879 595.418 183.34 579.977 0.441952
1 125.261 577.631 125.261 592.333 89.5603 592.333 89.5603 577.631 0.506458
1 170.943 576.334 170.943 591.082 135.572 591.082 135.572 576.334 0.509148
1 474.023 514.574 458.018 515.412 456.249 481.654 472.254 480.815 0.544314
1 125.421 542.571 125.421 556.691 91.3162 556.691 91.3162 542.571 0.550204
1 304.022 466.789 319.089 468.906 314.332 502.756 299.265 500.639 0.559741
1 242.711 429.204 242.142 445.48 204.517 444.166 205.085 427.89 0.590049
1 234.377 406.372 233.859 421.198 197.982 419.945 198.5 405.119 0.609494
