1 224.844 319.058 225.884 330.951 201.56 333.079 200.519 321.186 0.288264
1 75.1081 586.475 62.664 600.79 29.9386 572.342 42.3827 558.027 0.464097
1 221.455 578.701 221.996 594.171 183.965 595.499 183.425 580.029 0.464919
1 170.64 577.709 170.64 591.886 136.222 591.886 136.222 577.709 0.53559
1 125.744 577.079 125.744 592.435 89.9947 592.435 89.9947 577.079 0.538725
1 474.238 514.811 458.142 515.654 456.353 481.516 472.449 480.672 0.548214
1 125.866 542.556 125.866 556.924 91.7642 556.924 91.7642 542.556 0.554923
1 304.264 466.9 319.383 469.025 314.636 502.803 299.517 500.678 0.555732
1 242.969 429.245 242.399 445.563 204.611 444.243 205.181 427.926 0.591326
1 234.704 406.403 234.183 421.312 198.118 420.052 198.638 405.143 0.612104
