1 464.301 318.543 466.193 330.493 441.59 334.39 439.697 322.44 0.333738
1 25.4983 570.535 25.4983 585.623 -10.1854 585.623 -10.1854 570.535 0.455498
1 460.513 578.582 461.576 593.779 423.971 596.409 422.908 581.211 0.474542
1 315.187 587.386 302.999 601.408 270.509 573.164 282.697 559.143 0.490892
1 364.787 577.579 364.787 592.803 329.242 592.803 329.242 577.579 0.521094
1 365.793 542.465 365.793 557.158 330.406 557.158 330.406 542.465 0.540871
1 410.207 578.347 410.207 592.335 375.806 592.335 375.806 578.347 0.546019
1 543.983 467.497 559.028 469.611 554.284 503.371 539.239 501.256 0.551929
1 483.163 429.834 482.609 445.712 443.895 444.36 444.449 428.482 0.598359
1 164.028 543.203 163.509 558.047 126.488 556.754 127.007 541.91 0.603648
1 474.115 406.878 473.599 421.655 437.88 420.408 438.396 405.631 0.60879
1 169.785 572.151 170.054 587.541 133.482 588.179 133.214 572.789 0.616248
1 107.288 518.825 107.055 532.141 74.5691 531.574 74.8016 518.258 0.618084
