1 7.00104 148.613 22.3268 149.954 19.3194 184.329 3.99363 182.988 0.366066
1 223.716 405.336 224.27 421.198 187.097 422.496 186.543 406.634 0.438726
1 78.5588 413.704 66.737 427.303 34.2995 399.106 46.1213 385.506 0.445608
1 129.095 369.682 129.095 384.802 93.5642 384.802 93.5642 369.682 0.467526
1 127.796 404.947 127.547 419.214 93.1085 418.613 93.3576 404.346 0.485136
1 307.647 294.309 322.993 296.465 318.16 330.857 302.813 328.7 0.51152
1 476.719 341.683 460.392 342.253 459.197 308.053 475.525 307.483 0.512658
1 247.093 255.025 247.093 271.817 207.683 271.817 207.683 255.025 0.60311
1 173.689 404.837 173.438 419.19 139.215 418.592 139.465 404.24 0.608867
1 237.759 234.589 236.724 249.393 200.776 246.879 201.811 232.075 0.614682
