1 224.983 78.4727 226.664 90.4335 202.595 93.8163 200.914 81.8554 0.290227
1 75.0104 345.894 63.3308 360.317 29.7587 333.131 41.4384 318.708 0.434438
1 220.89 339.331 221.418 354.44 183.742 355.756 183.214 340.647 0.459378
1 -1.06614 154.616 14.7143 155.997 11.6575 190.937 -4.12296 189.556 0.490863
1 124.633 337.889 124.378 352.495 90.0177 351.896 90.2726 337.29 0.514287
1 171.257 337.408 171.257 352.288 135.704 352.288 135.704 337.408 0.518532
1 304.4 227.229 319.491 229.35 314.748 263.096 299.657 260.975 0.554022
1 474.326 275.034 458.106 275.884 456.326 241.916 472.546 241.066 0.554948
1 125.665 302.744 125.665 316.783 91.7238 316.783 91.7238 302.744 0.554954
1 243.977 189.519 243.414 205.64 204.167 204.27 204.73 188.148 0.606603
1 234.73 166.56 234.212 181.398 198.255 180.142 198.773 165.304 0.616837
