1 554.516 610.854 542.285 624.924 511.387 598.065 523.618 583.995 0.318238
1 607.511 567.721 607.511 582.825 571.777 582.825 571.777 567.721 0.444753
1 649.952 602.263 650.21 617.036 617.238 617.611 616.98 602.838 0.445439
1 606.553 602.541 606.553 618.196 570.997 618.196 570.997 602.541 0.46282
1 481.969 387.024 496.535 387.532 495.353 421.401 480.786 420.892 0.478539
1 473.819 191.823 489.896 193.23 486.573 231.211 470.496 229.804 0.537662
1 267.45 595.285 267.45 611.259 230.156 611.259 230.156 595.285 0.582408
1 406.323 567.994 405.786 583.358 367.695 582.027 368.232 566.664 0.611959
1 413.59 597.069 413.865 612.841 374.704 613.525 374.428 597.753 0.614433
1 349.081 543.916 348.847 557.363 316.806 556.804 317.041 543.357 0.62074
