1 26.8187 137.554 26.8187 153.008 -8.24576 153.008 -8.24576 137.554 0.397206
1 315.987 154.208 303.602 168.456 271.654 140.684 284.039 126.436 0.40821
1 461.771 145.767 462.819 160.752 425.276 163.377 424.228 148.392 0.432868
1 483.295 -4.54498 482.679 13.0961 444.441 11.7608 445.057 -5.88027 0.487501
1 365.593 144.812 365.593 159.947 329.834 159.947 329.834 144.812 0.502656
1 366.362 110.107 366.362 124.435 332.08 124.435 332.08 110.107 0.543984
1 545.077 34.5718 560.005 36.6698 555.26 70.427 540.333 68.3291 0.564643
1 173.172 138.891 173.446 154.585 134.006 155.274 133.733 139.58 0.590752
1 411.431 143.839 411.431 158.74 376.347 158.74 376.347 143.839 0.596757
1 165.342 110.084 164.811 125.278 127.153 123.963 127.684 108.769 0.603172
1 108.313 85.9586 108.085 99.0303 75.7116 98.4653 75.9398 85.3935 0.620568
