1 229.903 11.5515 231.651 23.991 206.925 27.4659 205.177 15.0265 0.259834
1 223.857 272.815 223.857 288.671 187.194 288.671 187.194 272.815 0.347844
1 127.6 270.362 127.34 285.254 93.7599 284.668 94.0199 269.776 0.401898
1 79.3295 277.391 67.7428 291.7 34.1596 264.504 45.7463 250.196 0.437687
1 223.489 -1.45798 224.971 9.08784 201.984 12.3184 200.502 1.77262 0.469922
1 129.187 235.708 129.187 250.25 94.5813 250.25 94.5813 235.708 0.542393
1 477.979 207.203 461.356 208.074 459.564 173.866 476.186 172.995 0.543491
1 307.927 160.441 323.276 162.598 318.553 196.206 303.204 194.049 0.583458
1 174.166 270.449 173.916 284.781 139.384 284.178 139.634 269.846 0.608399
1 238.419 99.4957 237.893 114.57 201.579 113.302 202.105 98.2276 0.624721
1 247.659 122.117 247.078 138.759 207.806 137.388 208.387 120.745 0.640349
