1 315.812 246.151 299.278 247.598 296.237 212.837 312.771 211.39 0.262067
1 269.035 240.824 252.639 241.396 251.558 210.441 267.954 209.868 0.27904
1 569.104 129.278 582.979 130.492 580.178 162.501 566.304 161.287 0.326162
1 417.487 123.091 433.304 124.474 430.171 160.281 414.354 158.897 0.328117
1 379.598 217.71 393.781 218.702 391.666 248.948 377.483 247.957 0.41925
1 560.288 259.75 546.829 260.455 545.317 231.602 558.776 230.897 0.463729
1 523.721 259.134 508.494 259.932 506.913 229.751 522.139 228.953 0.467883
1 415.458 220.776 430.736 222.112 427.905 254.474 412.627 253.137 0.488887
1 334.498 250.013 320.413 250.998 318.302 220.802 332.387 219.817 0.500504
1 245.515 240.036 230.206 240.839 228.516 208.59 243.825 207.788 0.519558
1 622 130.099 637.394 131.446 634.237 167.528 618.844 166.181 0.537155
1 510.186 130.981 526.101 132.373 522.984 168.002 507.069 166.61 0.554698
1 292.84 249.442 275.948 250.328 273.962 212.431 290.853 211.546 0.563075
1 602.551 226.717 616.994 227.221 615.815 260.968 601.373 260.464 0.56589
1 489.384 222.686 504.261 223.726 502.102 254.608 487.225 253.568 0.569524
1 454.707 126.499 469.997 127.836 466.971 162.422 451.681 161.084 0.57855
1 472.661 126.896 488.375 128.271 485.223 164.298 469.509 162.923 0.580256
1 491.622 129.867 507.934 131.294 504.752 167.663 488.44 166.236 0.580657
1 397.614 121.736 415.219 123.276 412.119 158.708 394.515 157.167 0.58262
1 602.991 128.141 620.14 129.641 616.888 166.81 599.739 165.309 0.586104
1 436.075 124.638 451.998 126.031 448.88 161.663 432.958 160.27 0.586186
1 530.495 130.204 546.175 131.576 543.129 166.392 527.449 165.02 0.59243
1 543.894 260.494 529.483 261.755 526.672 229.626 541.083 228.365 0.594021
1 635.588 260.698 619.125 261.561 617.272 226.2 633.735 225.337 0.610056
1 339.747 213.972 355.901 214.536 354.728 248.146 338.573 247.582 0.611989
1 549.847 131.295 565.454 132.66 562.404 167.526 546.797 166.161 0.616263
1 564.202 228.551 579.103 229.593 576.966 260.154 562.065 259.112 0.628571
1 475.459 253.478 459.321 254.324 457.434 218.324 473.572 217.478 0.630038
1 395.986 215.383 411.824 216.213 409.996 251.092 394.158 250.262 0.631082
1 375.473 250.587 360.01 251.398 358.287 218.517 373.75 217.707 0.638928
1 582.476 227.323 599.006 227.901 597.847 261.107 581.317 260.53 0.653811
1 456.74 252.812 440.12 254.266 437.068 219.379 453.688 217.925 0.668314
