1 27.8208 461.86 24.1372 476.634 -10.0766 468.103 -6.39301 453.329 0.423718
1 15.3908 349.434 -1.05734 352.334 -6.595 320.929 9.85316 318.029 0.434837
1 134.507 484.277 122.666 487.45 115.744 461.615 127.584 458.443 0.468323
1 244.269 595.38 237.997 608.239 208.889 594.042 215.161 581.183 0.484895
1 356.603 37.6734 367.026 47.738 342.156 73.4913 331.734 63.4267 0.526547
1 98.4614 364.793 104.695 378.161 74.2524 392.356 68.0191 378.989 0.592344
1 223.164 558.092 217.386 572.395 183.656 558.767 189.435 544.464 0.598903
1 68.6092 240.013 84.3513 242.506 79.0929 275.707 63.3508 273.213 0.631565
1 82.3336 349.036 88.9105 361.944 58.1396 377.622 51.5627 364.715 0.645163
1 259.986 629.995 249.945 640.762 225.367 617.843 235.408 607.075 0.663294
