1 223.265 465.064 209.701 468.698 201.846 439.383 215.409 435.748 0.325935
1 82.7593 246.386 68.8469 249.855 61.912 222.04 75.8244 218.572 0.365204
1 11.6827 -17.0243 29.3695 -14.223 23.3524 23.7677 5.6656 20.9664 0.390592
1 199.425 363.486 192.175 378.35 160.568 362.935 167.818 348.07 0.477858
1 45.0778 118.579 51.3405 132.646 18.2209 147.392 11.9582 133.325 0.601974
1 217.889 417.616 213.212 431.199 182.371 420.579 187.048 406.997 0.603591
1 214.644 400.342 203.872 411.893 178.312 388.058 189.084 376.507 0.609804
1 176.056 324.283 169.886 339.554 134.419 325.224 140.588 309.953 0.615902
1 26.9588 101.464 33.941 115.78 -0.260311 132.461 -7.24245 118.146 0.63292
1 228.123 570.915 217.482 583.155 190.849 560.003 201.489 547.763 0.665295
