1 608.641 188.629 602.147 203.929 561.539 186.692 568.034 171.392 0.28291
1 258.808 455.427 244.689 459.211 236.795 429.752 250.914 425.968 0.31838
1 632.075 110.252 622.666 122.738 592.907 100.313 602.316 87.8266 0.339561
1 122.421 246.025 110.037 249.113 103.3 222.094 115.685 219.006 0.4185
1 234.006 357.247 227.336 370.923 198.262 356.742 204.932 343.066 0.481592
1 212.511 320.296 207.048 334.529 172.983 321.453 178.447 307.219 0.50263
1 55.7732 -4.17753 72.4894 -0.928229 65.787 33.5524 49.0708 30.3031 0.574959
1 86.9983 123.532 93.189 137.436 61.366 151.605 55.1752 137.7 0.585971
1 249.105 392.883 239.144 403.565 214.329 380.424 224.29 369.742 0.597053
1 69.9693 107.335 76.9255 120.988 45.0121 137.248 38.0559 123.596 0.633904
1 240.054 523.231 224.862 528.167 214.636 496.693 229.827 491.757 0.635198
1 254.075 409.499 249.566 422.594 218.522 411.905 223.031 398.809 0.648208
