1 337.84 545.411 324.82 549.642 315.749 521.725 328.77 517.495 0.345267
1 24.0273 206.85 27.2528 218.888 0.527805 226.049 -2.69772 214.011 0.388213
1 313.366 453.494 306.272 466.835 277.919 451.759 285.012 438.418 0.47887
1 201.881 345.153 189.534 348.231 182.449 319.814 194.795 316.735 0.529458
1 148.588 208.063 155.582 221.217 124.265 237.869 117.271 224.714 0.546221
1 328.324 486.56 318.96 497.333 294.24 475.844 303.605 465.071 0.551785
1 164.421 224.286 171.143 236.929 141.153 252.875 134.43 240.232 0.563178
1 291.261 415.939 286.32 430.289 253.678 419.05 258.619 404.699 0.566932
1 78.9874 209.33 63.9947 211.704 59.0159 180.269 74.0086 177.895 0.571397
1 91.7612 321.1 88.3348 334.843 56.2257 326.837 59.6521 313.095 0.578488
1 41.7438 204.017 29.8995 213.271 8.84847 186.327 20.6928 177.073 0.622542
1 135.015 100.039 150.471 103.324 143.426 136.469 127.969 133.184 0.632218
1 332.767 502.791 328.284 515.809 297.998 505.381 302.481 492.363 0.64394
1 110.543 305.924 104.21 318.909 74.4491 304.393 80.7819 291.409 0.668192
