1 46.5881 203.847 49.8238 215.923 24.0798 222.821 20.8441 210.746 0.280638
1 358.104 546.526 345.437 550.642 336.307 522.541 348.974 518.425 0.391803
1 333.054 452.043 326.218 466.058 296.961 451.788 303.797 437.773 0.394187
1 30.2708 205.045 16.291 207.259 11.943 179.807 25.9228 177.593 0.41646
1 221.524 342.475 209.333 345.741 202.157 318.958 214.347 315.692 0.474773
1 64.5845 201.84 52.2902 211.796 30.8507 185.32 43.145 175.364 0.545412
1 352.593 503.352 348.104 516.389 317.268 505.771 321.756 492.735 0.551
1 100.012 207.733 85.3384 210.057 80.3399 178.498 95.0134 176.174 0.566609
1 232.808 390.291 221.751 400.247 199.804 375.873 210.861 365.917 0.575708
1 113.393 319.021 109.744 333.658 76.5492 325.381 80.1985 310.745 0.579433
1 348.148 486.182 338.029 497.034 313.831 474.468 323.95 463.616 0.606856
1 153.988 97.0119 169.715 99.5027 164.388 133.136 148.661 130.645 0.617525
1 184.471 222.07 190.87 235.794 160.149 250.12 153.749 236.396 0.620451
1 310.739 415.44 305.274 429.676 272.201 416.981 277.665 402.745 0.631488
1 27.4119 234.408 15.5475 243.028 -3.15419 217.288 8.71021 208.668 0.639758
1 168.196 205.573 175.13 219.183 143.539 235.279 136.605 221.67 0.646823
