1 473.516 589.559 461.548 597.037 446.334 572.69 458.302 565.212 0.26628
1 319.787 304.819 306.263 308.443 298.466 279.343 311.99 275.72 0.325853
1 295.569 210.029 288.768 223.973 259.386 209.642 266.187 195.699 0.386502
1 183.765 99.5691 171.653 102.589 165.097 76.2951 177.209 73.2751 0.466686
1 430.797 530.931 421.816 540.562 400.439 520.628 409.42 510.997 0.526948
1 77.041 76.328 73.3968 90.9439 39.908 82.5942 43.5522 67.9783 0.583401
1 273.527 172.339 267.888 187.029 234.203 174.099 239.842 159.409 0.590109
1 314.487 260.175 309.9 273.496 279.368 262.983 283.955 249.662 0.601303
1 309.974 243.886 300.085 254.49 276.185 232.202 286.073 221.599 0.61743
1 218.796 176.739 207.104 185.873 186.885 159.994 198.577 150.859 0.658668
