1 91.7928 252.468 94.9349 264.195 68.7208 271.219 65.5787 259.492 0.303795
1 76.2299 253.182 61.1534 255.841 56.2226 227.877 71.299 225.218 0.308064
1 405.108 594.21 390.68 598.898 381.678 571.194 396.106 566.506 0.364401
1 378.52 500.797 371.229 514.51 342.775 499.381 350.067 485.668 0.474618
1 145.168 255.705 130.088 258.093 125.17 227.041 140.249 224.653 0.511997
1 394.828 534.666 385.128 545.824 359.558 523.596 369.257 512.438 0.515963
1 356.841 463.67 351.319 478.057 317.971 465.256 323.494 450.869 0.531869
1 55.4476 290.628 44.3815 299.913 24.2949 275.975 35.361 266.689 0.566037
1 266.944 391.382 254.591 394.462 247.757 367.051 260.11 363.971 0.572586
1 72.9333 282.924 61.2307 292.067 41.2405 266.481 52.9431 257.338 0.591074
1 230.533 270.279 237.173 283.893 205.822 299.185 199.182 285.571 0.608691
1 109.072 250.375 96.5589 259.466 76.2045 231.451 88.7181 222.359 0.613707
1 159.217 367.01 155.528 381.806 121.88 373.417 125.57 358.62 0.628133
1 199.625 145.115 215.233 148.148 208.676 181.882 193.068 178.848 0.632231
1 213.677 254.464 220.568 267.987 189.165 283.988 182.275 270.464 0.645905
1 398.708 551.328 394.173 564.499 363.233 553.846 367.768 540.674 0.648189
1 253.632 412.345 243.095 422.882 219.91 399.698 230.448 389.16 0.660829
