1 422.032 537.278 409.413 545.163 392.947 518.811 405.565 510.926 0.26388
1 133.388 42.8196 121.121 46.1065 114.166 20.1505 126.433 16.8635 0.428981
1 25.6705 18.6333 22.7475 33.6708 -13.7411 26.5782 -10.8181 11.5406 0.443719
1 266.325 248.999 254.026 252.294 246.377 223.749 258.676 220.453 0.456032
1 242.962 153.993 236.67 166.893 207.661 152.745 213.953 139.844 0.464305
1 378.723 476.3 370.134 486.182 347.018 466.088 355.608 456.207 0.566254
1 221.616 116.346 215.863 130.585 182.376 117.055 188.129 102.816 0.599611
1 218.665 218.548 204.652 223.373 194.119 192.783 208.132 187.958 0.63399
1 262.323 204.239 257.93 216.997 227.634 206.565 232.027 193.807 0.639377
1 258.42 187.402 249.05 198.18 223.826 176.253 233.196 165.475 0.651678
