1 358.546 346.037 344.816 350.498 335.804 322.764 349.535 318.303 0.359658
1 47.0684 3.32832 50.4288 15.8694 23.8079 23.0024 20.4475 10.4614 0.396205
1 511.678 631.634 499.853 639.023 484.317 614.16 496.142 606.771 0.398346
1 333.205 252.191 326.392 266.161 296.971 251.812 303.785 237.842 0.427153
1 221.538 142.502 209.354 145.767 202.152 118.889 214.336 115.625 0.476404
1 352.54 303.305 348.053 316.337 317.254 305.732 321.741 292.7 0.544601
1 232.715 190.346 221.762 200.209 199.83 175.852 210.784 165.989 0.568391
1 468.748 572.89 459.729 582.563 438.255 562.538 447.275 552.866 0.570236
1 113.468 119.057 109.794 133.793 76.4628 125.482 80.1367 110.747 0.578728
1 184.459 22.2159 190.789 35.7887 160.181 50.0614 153.851 36.4887 0.611911
1 348.178 286.324 338.683 297.247 313.733 275.558 323.228 264.636 0.620705
1 310.674 215.478 305.221 229.682 272.227 217.017 277.68 202.812 0.634095
1 27.4649 34.4788 15.5667 43.1233 -3.30771 17.1449 8.59048 8.50034 0.646275
1 168.245 5.52037 175.189 19.1488 143.553 35.2686 136.609 21.6402 0.657093
