1 366.662 461.226 369.604 472.203 346.373 478.427 343.432 467.451 0.306016
1 351.275 462.263 337.861 463.673 334.683 433.435 348.096 432.025 0.371715
1 330.274 492.798 320.633 503.136 297.681 481.733 307.322 471.394 0.428668
1 136.514 583.946 147.126 595.732 115.28 624.407 104.668 612.621 0.490445
1 544.677 595.633 532.852 598.581 525.558 569.324 537.382 566.376 0.50101
1 172.418 557.528 180.957 567.012 158.433 587.293 149.893 577.809 0.513181
1 434.221 570.049 431.489 584.104 399.992 577.981 402.724 563.927 0.532388
1 421.327 462.092 407.229 463.325 404.578 433.022 418.676 431.789 0.540287
1 385.342 456.077 373.505 465.326 352.646 438.627 364.483 429.379 0.587053
1 507.357 478.147 513.381 491.065 483.432 505.031 477.408 492.112 0.613984
1 480.69 354.876 495.49 358.022 488.479 391.005 473.68 387.859 0.635048
1 323.565 512.324 316.334 524.85 288.208 508.611 295.439 496.086 0.641781
1 491.207 461.854 497.77 474.733 467.666 490.072 461.104 477.192 0.649009
1 347.615 487.423 336.537 496.077 317.142 471.253 328.22 462.598 0.657414
