1 19.184 442.994 8.74153 452.732 -11.6558 430.859 -1.21334 421.121 0.276094
1 459.962 1.77244 474.35 7.87984 459.552 42.7412 445.164 36.6338 0.306638
1 56.9356 409.785 60.1291 421.704 34.7383 428.507 31.5448 416.589 0.322016
1 41.9427 411.003 27.6353 413.269 22.8403 382.995 37.1477 380.729 0.387694
1 463.769 109.402 472.843 119.48 445.93 143.713 436.855 133.635 0.503341
1 321.607 612.775 316.391 627.924 283.926 616.745 289.142 601.596 0.537406
1 197.919 426.71 203.776 439.863 173.335 453.417 167.478 440.263 0.545211
1 234.19 544.964 222.29 547.931 215.125 519.19 227.024 516.224 0.563769
1 33.451 469.996 27.5986 483.783 -2.62853 470.953 3.22383 457.165 0.576721
1 123.49 519.698 120.653 534.291 88.7024 528.08 91.5389 513.487 0.580084
1 110.827 411.826 96.2887 413.097 93.5642 381.956 108.102 380.685 0.580847
1 180.966 410.686 187.99 423.897 157.327 440.201 150.303 426.99 0.601427
1 170.013 303.588 184.954 306.764 177.95 339.718 163.008 336.542 0.609499
1 36.9609 436.832 25.5518 445.745 6.12323 420.878 17.5323 411.964 0.624999
1 74.4538 405.506 62.7531 414.648 41.8913 387.946 53.592 378.804 0.629437
