1 210.937 559.054 196.913 560.776 193.313 531.459 207.337 529.737 0.339424
1 632.668 258.025 641.819 267.839 616.033 291.886 606.881 282.072 0.4786
1 280.522 560.286 266.303 561.78 263.112 531.42 277.331 529.926 0.51484
1 190.155 592.567 179.329 602.663 157.887 579.67 168.714 569.574 0.530206
1 367.052 576.608 372.962 589.282 343.303 603.112 337.393 590.438 0.579473
1 207.574 586.148 195.817 595.334 175.924 569.872 187.681 560.686 0.591422
1 245.029 553.99 232.853 563.503 211.696 536.423 223.872 526.91 0.627461
1 339.628 451.662 354.699 454.591 348.225 487.892 333.155 484.963 0.628943
1 351.14 559.15 358.097 572.234 327.173 588.677 320.216 575.592 0.648983
1 228.096 626.168 224.511 640.547 193.1 632.716 196.685 618.337 0.680647
