1 126.686 461.214 129.633 472.212 106.368 478.446 103.421 467.448 0.320124
1 111.247 462.25 97.868 463.656 94.6901 433.42 108.069 432.014 0.390998
1 90.0978 493.381 80.0809 503.398 57.8194 481.137 67.8363 471.12 0.43498
1 304.689 595.63 292.824 598.589 285.523 569.306 297.388 566.348 0.490728
1 533.499 162.326 542.67 172.511 516.314 196.242 507.143 186.057 0.517374
1 194.204 570.051 191.474 584.095 159.984 577.974 162.714 563.93 0.531843
1 181.299 462.071 167.24 463.301 164.591 433.025 178.651 431.795 0.552888
1 145.34 456.073 133.507 465.318 112.632 438.598 124.464 429.353 0.592333
1 267.356 478.174 273.363 491.057 243.441 505.01 237.434 492.127 0.613284
1 240.709 354.901 255.464 358.038 248.465 390.967 233.709 387.83 0.637129
1 83.6286 512.318 76.3634 524.902 48.1479 508.612 55.4132 496.028 0.639901
1 251.207 461.867 257.759 474.725 227.665 490.059 221.113 477.201 0.650782
1 107.625 487.431 96.5631 496.074 77.1633 471.243 88.2256 462.6 0.65986
