1 196.552 514.725 199.637 526.236 175.249 532.77 172.165 521.26 0.301116
1 374.62 649.389 360.749 652.847 353.095 622.151 366.966 618.692 0.342175
1 181.673 515.234 168.344 517.346 163.634 487.608 176.963 485.497 0.423438
1 158.546 547.338 148.41 556.789 127.205 534.05 137.341 524.598 0.51644
1 602.992 216.459 612.289 226.785 585.283 251.101 575.986 240.776 0.535293
1 249.838 516.017 235.99 517.229 233.3 486.485 247.148 485.273 0.586214
1 262.729 623.73 258.959 638.852 227.751 631.071 231.521 615.949 0.590912
1 336.157 531.824 341.64 544.14 312.605 557.067 307.122 544.752 0.624747
1 214.361 509.747 202.592 518.942 181.717 492.223 193.486 483.029 0.638843
1 140.367 559.294 132.163 571.457 105.194 553.267 113.399 541.103 0.643247
1 176.618 541.061 165.736 549.563 146.356 524.758 157.238 516.256 0.646017
1 310.597 409.418 324.564 412.643 317.197 444.554 303.229 441.33 0.6759
1 320.261 515.303 326.78 528.098 296.606 543.473 290.087 530.678 0.689689
