1 263.777 570.018 266.907 581.701 241.616 588.478 238.485 576.794 0.27495
1 250.231 572.459 235.644 574.769 230.54 542.541 245.127 540.231 0.343144
1 226.164 602.201 215.606 612.047 194.271 589.168 204.829 579.322 0.441627
1 386.213 569.475 393.135 581.963 363.804 598.222 356.881 585.734 0.503513
1 402.781 586.598 408.27 598.928 379.123 611.905 373.634 599.575 0.537838
1 317.498 571.061 303.013 572.328 300.31 541.432 314.795 540.165 0.56128
1 243.786 595.917 232.654 604.615 213.394 579.965 224.527 571.267 0.612048
1 281.158 565.064 269.711 574.008 249.118 547.651 260.566 538.707 0.630588
1 377.403 464.932 391.748 468.244 384.341 500.33 369.995 497.018 0.631303
1 199.056 609.398 190.928 621.448 163.899 603.217 172.027 591.167 0.640956
