1 0.61 804.7 715.9 787.4 718.7 781.4 680.8 798.7 678.1
1 0.66 916.1 516.9 901.0 519.6 895.2 486.6 910.3 484.0
1 0.61 804.6 715.8 787.5 718.5 781.6 680.9 798.7 678.2
1 0.61 1010.4 652.6 995.1 654.0 992.2 620.7 1007.5 619.3
1 0.6 1040.9 729.3 1030.6 740.6 1002.8 715.6 1013.0 704.2
1 0.57 961.3 448.3 948.2 450.1 943.8 418.6 956.9 416.7
1 0.48 960.0 526.6 945.4 529.4 939.4 498.7 954.0 495.9
1 0.68 867.6 132.7 854.7 134.7 850.1 106.1 863.1 104.1
1 0.66 916.1 516.9 901.0 519.6 895.2 486.7 910.3 484.0
1 0.58 854.2 220.6 841.4 223.8 834.2 194.8 847.0 191.6
1 0.57 961.3 448.3 948.2 450.1 943.8 418.6 956.9 416.8
1 0.47 959.9 526.5 945.4 529.4 939.5 498.7 954.0 495.9
1 0.27 1010.9 653.2 994.7 654.6 991.7 620.5 1007.9 619.1
1 0.66 916.1 516.9 901.0 519.6 895.2 486.6 910.3 484.0
1 0.61 804.6 715.8 787.5 718.5 781.6 680.9 798.7 678.2
1 0.6 1010.4 652.7 995.1 654.0 992.2 620.7 1007.5 619.3
1 0.59 1040.9 729.3 1030.6 740.7 1002.8 715.6 1013.0 704.2
1 0.57 961.3 448.3 948.2 450.1 943.7 418.6 956.9 416.7
1 0.47 960.0 526.6 945.4 529.4 939.4 498.7 954.0 495.9
1 0.59 1041.1 729.5 1030.8 740.8 1002.8 715.6 1013.1 704.3
1 0.59 1010.4 652.9 995.0 654.2 992.1 620.6 1007.5 619.2
1 0.68 868.1 132.3 855.2 134.8 849.7 106.5 862.6 104.0
1 0.59 854.3 220.7 841.4 223.9 834.2 194.8 847.0 191.6
1 0.32 860.3 299.8 846.8 301.5 843.6 275.8 857.1 274.2
1 0.45 -0.3 476.2 18.2 478.8 13.4 512.9 -5.1 510.3
1 0.27 92.2 6.8 107.9 8.1 105.4 36.5 89.7 35.1
1 0.44 -0.3 476.1 18.3 478.7 13.4 513.0 -5.2 510.3
1 0.6 1010.4 652.7 995.1 654.0 992.2 620.7 1007.5 619.3
1 0.6 1040.8 729.3 1030.6 740.6 1002.8 715.6 1013.0 704.2
1 0.68 867.6 132.6 854.7 134.7 850.1 106.1 863.1 104.1
1 0.66 916.1 516.9 901.0 519.6 895.2 486.7 910.3 484.0
1 0.57 854.2 220.6 841.4 223.8 834.2 194.8 847.0 191.6
1 0.57 961.3 448.3 948.2 450.1 943.8 418.6 956.9 416.8
1 0.48 959.8 526.0 945.4 528.8 939.5 498.4 953.9 495.6
1 0.28 1010.9 653.2 994.7 654.6 991.7 620.5 1007.9 619.0
1 0.67 916.4 516.6 901.3 519.6 894.9 486.8 910.0 483.8
1 0.61 804.7 715.9 787.5 718.6 781.5 680.9 798.7 678.1
1 0.59 1041.1 729.5 1030.8 740.8 1002.8 715.6 1013.0 704.2
1 0.59 1010.5 652.9 995.0 654.2 992.1 620.6 1007.5 619.2
1 0.48 959.9 526.0 945.3 528.9 939.4 498.4 954.0 495.5
1 0.45 -0.4 476.1 18.2 478.8 13.4 513.0 -5.2 510.4
1 0.67 916.4 516.6 901.3 519.6 894.9 486.8 910.0 483.8
1 0.61 804.7 715.9 787.5 718.6 781.5 680.8 798.7 678.1
1 0.59 1041.1 729.5 1030.8 740.9 1002.8 715.6 1013.0 704.2
1 0.59 1010.5 652.9 995.0 654.2 992.1 620.5 1007.5 619.2
1 0.49 959.9 526.0 945.3 528.8 939.4 498.4 954.0 495.5
1 0.61 804.7 715.9 787.5 718.6 781.5 680.9 798.7 678.1
