1 0.66 961.1 515.4 947.5 517.6 942.5 486.0 956.1 483.8
1 0.64 801.1 792.3 783.7 794.4 779.0 756.2 796.4 754.0
1 0.58 964.9 709.3 951.9 717.1 933.9 687.0 946.8 679.3
1 0.58 1010.2 727.9 994.8 728.7 993.0 693.9 1008.4 693.0
1 0.53 897.6 467.0 881.8 469.0 877.6 434.3 893.4 432.4
1 0.45 959.8 597.2 945.3 600.0 939.2 568.8 953.7 565.9
1 0.63 801.2 792.4 783.7 794.6 779.0 756.0 796.5 753.9
1 0.6 851.7 281.1 838.6 283.9 832.3 254.2 845.4 251.4
1 0.43 858.3 362.5 845.1 364.6 840.9 338.0 854.1 335.9
1 0.6 18.1 282.3 33.1 284.4 28.7 315.7 13.7 313.6
1 0.67 844.5 45.0 832.1 47.2 827.2 19.5 839.6 17.3
1 0.6 851.7 281.2 838.6 284.0 832.3 254.1 845.4 251.4
1 0.43 858.3 362.4 845.1 364.5 840.9 338.0 854.1 335.9
1 0.66 961.1 515.4 947.6 517.5 942.6 486.0 956.1 483.8
1 0.64 801.1 792.3 783.7 794.4 779.0 756.1 796.4 754.0
1 0.58 964.9 709.3 951.9 717.1 933.8 687.0 946.8 679.2
1 0.57 1010.2 727.9 994.8 728.7 993.0 693.9 1008.4 693.1
1 0.52 897.6 467.0 881.8 469.0 877.6 434.3 893.4 432.4
1 0.43 959.8 597.2 945.3 600.0 939.2 568.8 953.7 565.9
1 0.57 1010.2 727.9 994.8 728.7 993.0 693.8 1008.4 693.0
1 0.56 1010.3 728.0 994.8 728.8 993.0 693.8 1008.4 693.0
1 0.66 896.3 467.4 881.6 468.7 878.7 436.2 893.4 434.9
1 0.65 961.1 515.5 947.5 517.7 942.5 485.9 956.1 483.7
1 0.64 801.2 792.4 783.7 794.5 779.0 756.0 796.4 753.9
1 0.59 851.7 281.1 838.6 283.9 832.3 254.2 845.4 251.4
1 0.58 964.8 709.2 951.9 717.0 934.0 687.1 946.9 679.4
1 0.57 1010.2 727.9 994.8 728.7 993.0 693.9 1008.4 693.1
1 0.43 960.2 596.9 944.8 599.7 939.3 568.4 954.7 565.6
1 0.37 858.4 362.4 844.9 364.6 840.7 337.9 854.2 335.8
1 0.67 844.5 45.0 832.0 47.2 827.2 19.5 839.6 17.3
1 0.67 896.3 467.4 881.6 468.7 878.8 436.2 893.4 434.9
1 0.66 961.1 515.5 947.6 517.6 942.6 485.9 956.1 483.8
1 0.6 851.7 281.2 838.6 284.0 832.2 254.1 845.4 251.4
1 0.43 960.0 596.9 945.4 599.7 939.4 568.7 954.0 565.9
1 0.38 909.9 72.1 897.4 73.7 894.4 49.4 906.9 47.8
1 0.37 858.4 362.4 844.9 364.5 840.7 337.9 854.1 335.8
1 0.63 801.1 792.3 783.7 794.5 778.9 756.1 796.4 754.0
1 0.59 17.8 282.2 33.3 284.4 28.9 315.5 13.4 313.4
1 0.26 81.0 107.6 94.8 109.5 90.9 137.0 77.1 135.1
1 0.66 896.3 467.4 881.6 468.7 878.7 436.2 893.4 434.9
1 0.65 961.1 515.5 947.5 517.7 942.5 485.9 956.1 483.8
1 0.63 801.2 792.4 783.7 794.5 779.0 756.0 796.5 753.9
1 0.59 851.7 281.1 838.6 283.9 832.3 254.2 845.4 251.4
1 0.59 964.8 709.2 951.9 716.9 934.0 687.1 946.9 679.4
1 0.58 1010.2 727.9 994.8 728.7 993.0 693.9 1008.4 693.1
1 0.46 960.1 596.9 945.4 599.7 939.3 568.7 954.0 565.8
1 0.34 858.4 362.4 845.0 364.6 840.8 337.9 854.2 335.8
1 0.67 844.5 45.0 832.0 47.2 827.1 19.5 839.6 17.3
1 0.67 896.3 467.4 881.6 468.7 878.8 436.2 893.4 434.9
1 0.66 961.1 515.5 947.6 517.6 942.6 485.9 956.1 483.8
1 0.58 851.7 281.2 838.6 284.0 832.3 254.1 845.4 251.3
1 0.47 960.0 596.8 945.5 599.7 939.5 568.7 954.0 565.9
1 0.39 909.9 72.2 897.4 73.7 894.4 49.3 906.9 47.8
1 0.33 858.4 362.4 845.0 364.5 840.8 337.9 854.2 335.8
