1 0.66 870.8 477.9 856.3 479.2 853.5 446.6 868.0 445.3
1 0.63 902.4 738.8 886.8 741.9 880.0 706.6 895.6 703.5
1 0.61 847.1 476.5 832.2 479.4 825.9 447.1 840.8 444.2
1 0.56 961.6 734.2 947.0 736.5 941.7 702.8 956.3 700.5
1 0.56 960.6 824.8 944.8 827.6 938.8 793.9 954.7 791.1
1 0.49 852.0 566.4 838.7 567.3 836.7 538.8 850.0 537.9
1 0.67 870.8 477.9 856.3 479.2 853.5 446.6 867.9 445.4
1 0.65 793.7 1040.1 775.5 1042.4 770.5 1001.8 788.7 999.6
1 0.62 847.1 476.4 832.0 479.4 825.6 446.8 840.8 443.8
1 0.53 852.0 566.4 838.6 567.3 836.6 538.8 850.0 537.9
1 0.66 870.8 477.9 856.3 479.2 853.5 446.6 868.0 445.3
1 0.61 847.1 476.6 832.1 479.5 825.8 447.1 840.8 444.2
1 0.5 852.0 566.4 838.6 567.3 836.6 538.8 850.0 537.9
1 0.37 849.9 54.7 835.9 55.9 833.0 22.1 847.0 20.8
1 0.28 907.3 248.6 893.4 249.9 891.1 223.6 905.0 222.4
1 0.59 1014.2 967.9 998.0 969.3 994.8 931.9 1011.0 930.5
1 0.66 870.8 477.9 856.3 479.2 853.5 446.6 868.0 445.3
1 0.63 902.4 738.8 886.9 741.8 880.0 706.6 895.6 703.6
1 0.61 847.1 476.6 832.2 479.5 825.9 447.1 840.8 444.2
1 0.56 961.7 734.2 947.0 736.5 941.7 702.8 956.3 700.5
1 0.55 960.6 824.8 944.8 827.6 938.8 793.8 954.7 791.0
1 0.49 852.0 566.4 838.6 567.3 836.6 538.8 850.0 537.9
1 0.67 870.8 478.0 856.4 479.2 853.5 446.6 868.0 445.3
1 0.65 793.8 1040.2 775.4 1042.4 770.4 1001.8 788.8 999.5
1 0.63 902.4 738.8 886.9 741.8 880.0 706.6 895.5 703.6
1 0.61 847.1 476.4 832.0 479.4 825.7 446.8 840.8 443.8
1 0.59 1013.9 968.0 997.7 969.1 995.1 931.8 1011.3 930.7
1 0.55 961.6 734.3 947.1 736.6 941.7 702.8 956.3 700.5
1 0.55 960.6 824.8 944.7 827.6 938.7 793.6 954.6 790.8
1 0.5 852.0 566.4 838.6 567.3 836.6 538.8 850.0 537.9
1 0.66 870.8 477.9 856.3 479.1 853.4 446.6 867.9 445.3
1 0.61 847.1 476.6 832.1 479.5 825.8 447.1 840.8 444.1
1 0.51 852.0 566.4 838.6 567.3 836.6 538.8 850.0 537.9
1 0.39 850.0 54.8 835.9 56.0 832.9 22.0 847.1 20.8
1 0.59 17.5 108.8 32.5 110.6 28.8 140.8 13.8 138.9
1 0.67 870.8 477.9 856.4 479.2 853.5 446.6 868.0 445.3
1 0.65 793.8 1040.2 775.4 1042.4 770.4 1001.8 788.8 999.5
1 0.63 902.4 738.8 886.9 741.8 880.0 706.6 895.6 703.6
1 0.61 847.1 476.4 832.0 479.3 825.7 446.8 840.8 443.9
1 0.59 1013.9 968.0 997.7 969.1 995.1 931.8 1011.3 930.7
1 0.55 961.6 734.2 947.1 736.5 941.7 702.8 956.3 700.5
1 0.55 960.6 824.8 944.7 827.6 938.7 793.6 954.6 790.8
1 0.5 852.0 566.3 838.7 567.3 836.7 538.8 850.0 537.9
1 0.66 870.8 477.9 856.3 479.2 853.5 446.6 868.0 445.3
1 0.61 847.1 476.5 832.2 479.4 825.9 447.1 840.8 444.2
1 0.49 852.0 566.4 838.7 567.3 836.7 538.8 850.0 537.9
1 0.35 849.9 54.6 836.0 55.9 833.0 22.1 846.9 20.8
1 0.27 907.2 248.6 893.5 249.8 891.2 223.6 904.9 222.4
1 0.66 870.8 477.9 856.3 479.1 853.5 446.6 867.9 445.3
1 0.61 847.1 476.6 832.1 479.5 825.8 447.1 840.8 444.2
1 0.5 852.0 566.4 838.6 567.3 836.6 538.8 850.0 537.8
