1 0.64 822.3 580.3 807.0 581.6 804.1 548.4 819.3 547.0
1 0.63 854.7 242.4 840.5 243.9 837.2 212.6 851.4 211.1
1 0.56 810.9 13.3 824.1 18.4 814.2 44.3 801.0 39.2
1 0.52 863.6 83.9 850.0 86.5 844.7 59.3 858.3 56.6
1 0.5 868.1 145.7 853.9 148.4 848.3 119.6 862.5 116.9
1 0.4 824.5 343.9 809.9 345.4 806.0 307.8 820.6 306.2
1 0.4 863.4 113.7 848.2 115.3 845.1 86.5 860.4 84.9
1 0.61 1320.3 333.8 1331.0 343.7 1309.0 367.3 1298.3 357.4
1 0.53 1074.8 20.4 1074.8 34.3 1043.8 34.3 1043.8 20.4
1 0.48 1079.7 79.8 1080.2 92.1 1051.1 93.1 1050.7 80.8
1 0.47 1073.6 61.5 1074.9 75.6 1047.0 78.0 1045.8 63.9
1 0.35 1074.5 36.8 1074.2 48.7 1044.9 48.2 1045.1 36.3
1 0.32 1083.6 95.7 1084.1 107.9 1054.5 109.0 1054.1 96.7
1 0.3 1400.2 381.4 1400.8 398.0 1358.7 399.5 1358.1 382.8
1 0.27 1073.7 47.9 1073.7 59.7 1045.7 59.7 1045.7 47.9
1 0.26 1446.1 400.7 1431.9 403.2 1427.1 375.7 1441.3 373.2
1 0.26 1086.2 108.4 1087.3 120.7 1056.8 123.3 1055.7 111.0
1 0.65 822.0 580.5 807.4 581.8 804.5 548.6 819.1 547.3
1 0.62 845.3 831.0 829.8 832.9 825.4 797.1 840.9 795.1
1 0.59 835.0 996.6 818.7 999.5 811.9 961.2 828.3 958.3
1 0.52 903.0 714.8 887.4 716.8 883.1 681.8 898.8 679.9
1 0.64 822.3 580.3 807.0 581.6 804.1 548.4 819.4 547.0
1 0.62 854.7 242.4 840.4 243.9 837.2 212.6 851.4 211.1
1 0.59 909.3 40.8 896.2 44.1 889.5 17.3 902.7 14.0
1 0.58 1074.8 20.4 1074.8 34.2 1043.8 34.2 1043.8 20.4
1 0.56 810.9 13.4 824.1 18.4 814.2 44.3 801.0 39.2
1 0.54 1079.7 79.8 1080.1 92.1 1051.2 93.1 1050.7 80.8
1 0.51 1073.6 61.5 1074.8 75.6 1047.0 78.0 1045.8 64.0
1 0.51 863.6 83.8 850.0 86.5 844.7 59.3 858.3 56.7
1 0.5 926.8 39.1 912.7 41.3 908.5 15.0 922.6 12.8
1 0.46 868.2 145.7 853.9 148.5 848.3 119.7 862.6 116.9
1 0.4 1074.4 36.8 1074.2 48.7 1045.0 48.2 1045.2 36.3
1 0.39 1083.6 95.7 1084.0 107.9 1054.6 108.9 1054.1 96.7
1 0.39 824.5 343.8 809.9 345.3 806.0 307.8 820.6 306.2
1 0.38 863.4 113.7 848.0 115.3 845.0 86.5 860.3 84.9
1 0.36 1086.1 108.4 1087.2 120.6 1057.0 123.3 1055.9 111.1
1 0.3 1073.8 47.8 1073.8 59.6 1045.8 59.6 1045.8 47.8
1 0.64 822.3 580.3 807.0 581.7 804.1 548.4 819.4 547.0
1 0.63 1320.4 333.9 1330.9 343.7 1309.0 367.2 1298.5 357.4
1 0.62 845.3 830.9 829.7 832.8 825.3 797.0 840.9 795.1
1 0.53 902.9 714.7 887.3 716.6 883.1 681.9 898.6 680.0
1 0.38 824.5 343.9 810.0 345.5 806.0 307.8 820.6 306.2
1 0.64 822.3 580.3 807.0 581.6 804.1 548.4 819.3 547.0
1 0.62 845.3 830.9 829.7 832.9 825.3 797.0 840.9 795.1
1 0.38 824.6 344.0 809.9 345.5 806.0 307.8 820.6 306.2
1 0.65 822.0 580.5 807.4 581.8 804.5 548.6 819.1 547.3
1 0.62 845.3 831.0 829.7 832.9 825.3 797.0 840.9 795.1
1 0.59 835.0 996.6 818.7 999.4 811.9 961.2 828.2 958.3
1 0.52 903.0 714.9 887.4 716.8 883.1 681.9 898.8 680.0
1 0.62 1320.3 333.7 1331.0 343.7 1309.0 367.4 1298.3 357.4
1 0.33 1399.8 381.5 1400.3 398.0 1358.8 399.4 1358.2 382.9
1 0.31 1446.1 400.6 1431.9 403.1 1427.1 375.7 1441.3 373.2
1 0.64 822.3 580.3 807.0 581.6 804.1 548.4 819.4 547.0
1 0.49 1073.6 61.5 1074.9 75.6 1047.1 78.0 1045.8 63.9
1 0.31 1086.2 108.4 1087.3 120.7 1056.8 123.3 1055.7 111.0
1 0.36 1083.6 95.6 1084.0 107.9 1054.5 109.0 1054.0 96.7
1 0.38 1074.5 36.8 1074.3 48.8 1045.0 48.2 1045.2 36.3
1 0.39 863.3 113.7 848.1 115.3 845.1 86.6 860.3 85.0
1 0.39 824.5 343.9 809.9 345.4 806.0 307.8 820.6 306.2
1 0.46 868.0 145.6 853.9 148.3 848.3 119.7 862.5 117.0
1 0.51 863.6 83.8 850.0 86.5 844.7 59.4 858.3 56.7
1 0.63 854.7 242.3 840.5 243.8 837.2 212.6 851.4 211.1
1 0.51 926.8 39.1 912.7 41.3 908.5 15.0 922.6 12.8
1 0.52 1079.7 79.8 1080.1 92.1 1051.1 93.1 1050.7 80.8
1 0.56 1074.8 20.4 1074.8 34.3 1043.8 34.3 1043.8 20.4
1 0.56 810.9 13.3 824.1 18.4 814.2 44.2 801.0 39.2
1 0.59 909.3 40.8 896.2 44.1 889.5 17.3 902.6 14.0
1 0.61 1320.4 333.9 1330.9 343.7 1309.0 367.2 1298.4 357.4
1 0.29 1073.8 47.9 1073.8 59.7 1045.8 59.7 1045.8 47.9
1 0.65 822.0 580.6 807.4 581.8 804.5 548.6 819.1 547.3
1 0.62 845.3 831.0 829.8 832.9 825.4 797.0 840.9 795.1
1 0.59 835.0 996.6 818.7 999.4 811.9 961.2 828.2 958.3
1 0.61 1320.4 333.8 1331.0 343.7 1309.0 367.3 1298.4 357.4
1 0.27 1400.8 381.3 1401.4 398.0 1358.6 399.5 1358.1 382.8
1 0.63 1320.4 333.8 1331.0 343.7 1309.0 367.2 1298.4 357.4
1 0.33 1399.9 381.5 1400.5 397.9 1358.8 399.4 1358.3 383.0
1 0.3 1446.1 400.6 1432.0 403.1 1427.2 375.8 1441.2 373.3
1 0.62 1320.3 333.8 1331.0 343.7 1309.0 367.3 1298.4 357.4
1 0.32 1399.9 381.5 1400.5 398.0 1358.8 399.4 1358.2 382.9
1 0.31 1446.1 400.6 1431.9 403.1 1427.1 375.7 1441.3 373.2
1 0.62 1320.3 333.7 1331.0 343.7 1309.0 367.4 1298.3 357.4
1 0.3 1400.0 381.4 1400.6 398.0 1358.6 399.5 1358.1 382.9
1 0.25 1446.1 400.7 1432.0 403.2 1427.1 375.7 1441.3 373.2
1 0.64 822.3 580.3 807.0 581.7 804.1 548.4 819.4 547.0
1 0.62 845.3 830.9 829.7 832.8 825.3 797.0 840.9 795.1
1 0.52 902.9 714.7 887.3 716.6 883.1 681.9 898.6 680.0
1 0.36 824.5 344.0 810.0 345.5 806.0 307.8 820.6 306.2
