1 0.65 861.8 494.5 846.7 496.3 842.6 462.9 857.7 461.0
1 0.63 888.3 753.4 872.9 755.8 867.5 721.8 882.9 719.4
1 0.58 844.0 563.6 829.2 566.5 822.7 533.0 837.5 530.1
1 0.56 961.6 831.3 946.4 833.7 940.9 798.9 956.0 796.5
1 0.44 850.2 656.8 836.3 658.2 833.2 628.8 847.1 627.3
1 0.44 905.6 325.9 892.1 327.1 889.6 298.9 903.1 297.8
1 0.63 1290.0 6.2 1300.4 15.8 1280.4 37.3 1270.0 27.7
1 0.31 1406.2 65.9 1392.6 68.3 1388.4 44.4 1401.9 42.0
1 0.3 1364.7 43.7 1367.7 59.3 1326.8 67.2 1323.8 51.7
1 0.65 861.8 494.5 846.7 496.3 842.6 462.9 857.7 461.0
1 0.63 888.2 753.3 872.9 755.8 867.5 721.8 882.9 719.4
1 0.58 844.0 563.6 829.2 566.5 822.7 533.0 837.5 530.1
1 0.57 961.5 831.2 946.4 833.6 940.9 798.9 956.0 796.5
1 0.46 850.2 656.7 836.3 658.2 833.2 628.8 847.1 627.3
1 0.43 905.6 325.9 892.1 327.1 889.6 298.9 903.2 297.7
1 0.66 861.9 494.5 846.7 496.4 842.6 462.9 857.8 461.0
1 0.59 844.1 563.6 829.2 566.5 822.7 533.0 837.6 530.1
1 0.5 844.9 102.6 829.9 103.9 826.8 68.8 841.9 67.5
1 0.65 861.8 494.5 846.7 496.3 842.6 462.9 857.7 461.0
1 0.59 844.0 563.6 829.2 566.5 822.7 533.0 837.5 530.1
1 0.47 844.9 102.6 829.9 103.9 826.8 68.8 841.8 67.5
1 0.4 905.6 325.9 892.1 327.1 889.6 298.9 903.2 297.8
1 0.66 861.9 494.7 846.7 496.5 842.6 462.9 857.8 461.0
1 0.59 844.1 563.6 829.2 566.5 822.7 533.0 837.6 530.1
1 0.53 887.5 753.2 872.1 755.1 867.9 720.2 883.2 718.3
1 0.46 850.3 656.9 836.2 658.4 833.1 628.7 847.2 627.3
1 0.55 11.1 66.7 26.3 68.0 23.7 97.4 8.5 96.0
1 0.57 1014.8 1077.5 997.5 1078.4 995.3 1037.5 1012.6 1036.6
1 0.63 1290.0 6.2 1300.4 15.9 1280.4 37.3 1270.0 27.7
1 0.33 1406.2 65.9 1392.6 68.3 1388.4 44.4 1402.0 42.0
1 0.3 1364.0 43.8 1367.0 59.3 1326.9 67.1 1323.9 51.6
1 0.44 1289.8 5.2 1300.8 15.2 1279.3 39.1 1268.2 29.2
1 0.31 1406.2 65.9 1392.6 68.3 1388.4 44.4 1402.0 42.0
1 0.3 1364.6 43.7 1367.6 59.3 1326.8 67.2 1323.8 51.6
1 0.65 861.8 494.6 846.7 496.4 842.6 462.9 857.7 461.1
1 0.63 888.3 753.5 872.9 755.9 867.5 721.8 882.9 719.3
1 0.58 844.0 563.6 829.2 566.5 822.7 533.1 837.5 530.2
1 0.57 960.2 926.0 943.9 928.9 937.7 893.3 954.0 890.4
1 0.57 1014.7 1077.5 997.5 1078.4 995.4 1037.5 1012.6 1036.6
1 0.56 961.5 831.3 946.5 833.7 941.0 798.9 956.0 796.6
1 0.47 850.2 656.8 836.2 658.3 833.1 628.8 847.1 627.3
1 0.65 861.8 494.6 846.7 496.4 842.6 462.9 857.7 461.1
1 0.63 888.3 753.5 872.9 755.9 867.5 721.8 882.9 719.3
1 0.58 844.0 563.6 829.2 566.5 822.7 533.1 837.5 530.2
1 0.58 960.3 926.0 943.9 928.9 937.6 893.3 954.0 890.4
1 0.56 1014.8 1077.5 997.4 1078.4 995.3 1037.4 1012.6 1036.5
1 0.55 961.5 831.3 946.5 833.7 941.0 798.9 956.0 796.6
1 0.46 850.2 656.9 836.2 658.3 833.1 628.8 847.1 627.3
1 0.65 861.8 494.5 846.7 496.3 842.6 462.9 857.7 461.0
1 0.62 1290.0 6.2 1300.4 15.9 1280.4 37.3 1270.1 27.6
1 0.58 844.1 563.6 829.2 566.5 822.7 533.0 837.5 530.1
1 0.5 844.8 102.6 829.9 103.9 826.8 68.9 841.8 67.5
1 0.41 905.6 325.9 892.1 327.1 889.7 299.0 903.2 297.8
1 0.37 1356.3 43.8 1359.9 57.3 1326.3 66.3 1322.7 52.9
1 0.66 861.9 494.5 846.7 496.4 842.6 462.9 857.8 461.0
1 0.59 844.1 563.6 829.2 566.5 822.7 533.0 837.6 530.1
1 0.52 887.6 753.2 872.1 755.1 867.8 720.1 883.3 718.2
1 0.46 850.2 656.8 836.3 658.3 833.2 628.7 847.1 627.3
