1 0.66 850.3 514.6 835.8 516.1 832.4 483.3 846.8 481.8
1 0.62 878.1 770.5 862.4 772.4 858.1 737.7 873.8 735.8
1 0.61 841.4 659.7 826.1 662.7 819.5 628.4 834.7 625.4
1 0.54 847.2 755.9 833.6 757.1 831.0 727.3 844.6 726.1
1 0.3 904.3 412.5 889.3 413.8 886.7 384.0 901.6 382.7
1 0.26 899.6 268.3 883.1 269.7 880.2 237.2 896.7 235.8
1 0.68 850.7 514.2 836.4 516.2 831.8 483.7 846.2 481.7
1 0.64 878.1 770.5 862.4 772.5 858.1 737.8 873.9 735.9
1 0.6 841.4 659.8 826.1 662.8 819.4 628.4 834.7 625.4
1 0.55 847.3 756.0 833.6 757.2 831.0 727.2 844.7 726.0
1 0.66 850.3 514.5 835.8 516.1 832.4 483.3 846.8 481.8
1 0.6 1296.4 78.8 1306.8 88.5 1286.3 110.4 1275.9 100.7
1 0.38 1362.6 118.7 1366.5 133.0 1332.9 142.0 1329.0 127.7
1 0.29 904.2 412.5 889.4 413.8 886.8 384.2 901.6 383.0
1 0.66 850.3 514.5 835.8 516.0 832.4 483.3 846.8 481.8
1 0.3 904.2 412.5 889.3 413.8 886.7 384.1 901.6 382.8
1 0.61 1296.4 78.8 1306.8 88.5 1286.3 110.4 1275.9 100.7
1 0.66 850.3 514.5 835.8 516.1 832.4 483.3 846.8 481.8
1 0.27 838.6 156.5 824.2 157.2 822.4 122.8 836.8 122.1
1 0.62 1296.4 78.8 1306.8 88.5 1286.3 110.4 1275.9 100.7
1 0.29 1375.1 119.6 1376.9 136.9 1332.2 141.6 1330.4 124.3
1 0.66 850.3 514.6 835.8 516.1 832.4 483.3 846.8 481.8
1 0.63 878.2 770.6 862.5 772.5 858.2 737.8 873.9 735.8
1 0.61 841.4 659.8 826.1 662.7 819.4 628.4 834.7 625.4
1 0.54 847.2 756.0 833.6 757.1 831.0 727.3 844.6 726.1
1 0.68 850.2 514.5 835.8 516.0 832.4 483.3 846.8 481.8
1 0.64 878.1 770.5 862.3 772.4 858.1 737.8 873.8 735.9
1 0.63 962.0 940.1 946.5 942.8 940.0 906.1 955.5 903.4
1 0.6 841.4 659.8 826.1 662.8 819.5 628.4 834.7 625.5
1 0.59 960.4 1038.2 943.4 1041.5 936.1 1003.9 953.1 1000.6
1 0.55 847.3 756.0 833.6 757.2 831.0 727.3 844.6 726.1
1 0.68 850.2 514.5 835.8 516.1 832.4 483.3 846.8 481.8
1 0.64 962.0 940.1 946.5 942.9 940.0 906.1 955.5 903.4
1 0.63 878.1 770.5 862.3 772.4 858.0 737.8 873.8 735.9
1 0.6 841.4 659.8 826.1 662.8 819.5 628.4 834.7 625.5
1 0.6 960.4 1038.2 943.4 1041.5 936.1 1003.9 953.1 1000.6
1 0.55 847.3 756.0 833.6 757.2 831.0 727.3 844.7 726.1
1 0.66 850.3 514.6 835.8 516.1 832.4 483.3 846.8 481.8
1 0.62 878.1 770.5 862.4 772.4 858.1 737.7 873.8 735.8
1 0.61 841.4 659.7 826.1 662.7 819.5 628.4 834.7 625.4
1 0.53 847.2 755.9 833.6 757.1 831.0 727.3 844.6 726.1
1 0.29 904.2 412.5 889.3 413.8 886.7 384.2 901.6 382.9
1 0.28 899.5 268.3 883.1 269.7 880.2 237.3 896.7 235.8
1 0.6 1296.3 78.8 1306.9 88.7 1286.2 110.8 1275.7 101.0
1 0.29 1375.4 119.5 1377.2 136.9 1332.1 141.6 1330.3 124.2
1 0.59 5.6 27.9 20.7 29.2 18.2 58.2 3.1 56.8
