1 0.63 1362.2 736.5 1374.2 746.5 1352.2 772.7 1340.2 762.6
1 0.5 1501.9 812.2 1487.1 815.9 1479.1 783.9 1494.0 780.2
1 0.4 1438.0 788.9 1442.5 805.6 1406.9 815.2 1402.4 798.5
1 0.66 815.5 343.8 801.8 346.5 796.1 317.0 809.8 314.3
1 0.55 931.8 384.0 916.7 386.4 912.0 356.1 927.0 353.8
1 0.39 1086.4 348.7 1087.4 360.4 1057.5 363.0 1056.5 351.3
1 0.41 731.9 94.0 718.7 96.6 713.2 68.0 726.4 65.4
1 0.45 863.3 472.2 846.3 474.9 841.1 442.5 858.2 439.8
1 0.49 1037.9 301.0 1038.9 315.2 1002.7 317.7 1001.7 303.6
1 0.51 867.8 511.3 852.6 514.0 847.0 482.3 862.2 479.6
1 0.53 1104.8 467.6 1105.5 480.9 1073.2 482.6 1072.5 469.3
1 0.53 1091.1 396.8 1091.1 409.6 1061.9 409.6 1061.9 396.8
1 0.57 1092.9 381.5 1092.9 393.8 1061.0 393.8 1061.0 381.5
1 0.65 912.4 387.7 897.9 390.6 891.7 358.9 906.3 356.1
1 0.58 1099.8 433.6 1099.8 447.2 1067.4 447.2 1067.4 433.6
1 0.59 861.9 437.4 847.5 440.2 841.7 410.1 856.1 407.3
1 0.61 1103.4 451.8 1103.4 464.9 1071.9 464.9 1071.9 451.8
1 0.61 1093.4 363.0 1094.2 377.4 1061.2 379.1 1060.5 364.8
1 0.62 853.2 627.3 837.8 629.2 833.6 594.8 849.0 592.9
1 0.62 1092.3 413.4 1093.1 427.8 1063.6 429.3 1062.9 414.9
1 0.64 786.5 637.0 770.5 638.4 767.6 604.6 783.5 603.2
1 0.37 851.8 572.2 834.5 574.4 830.4 540.9 847.7 538.8
1 0.62 1362.2 736.4 1374.2 746.5 1352.3 772.7 1340.2 762.6
1 0.47 1502.0 812.2 1487.1 816.0 1479.1 783.9 1494.0 780.2
1 0.35 1438.0 788.8 1442.6 805.7 1406.8 815.2 1402.3 798.3
1 0.66 815.5 343.9 801.8 346.5 796.1 316.9 809.8 314.3
1 0.64 786.5 637.0 770.5 638.4 767.6 604.6 783.5 603.2
1 0.62 853.2 627.3 837.8 629.2 833.6 594.8 849.0 592.9
1 0.6 861.9 437.4 847.6 440.2 841.8 410.1 856.1 407.3
1 0.58 731.5 93.9 718.7 96.4 713.4 69.4 726.2 66.9
1 0.53 867.9 511.4 852.6 514.1 846.9 482.2 862.3 479.5
1 0.46 863.3 472.2 846.3 474.9 841.2 442.4 858.2 439.7
1 0.41 851.9 572.3 834.4 574.4 830.3 540.9 847.8 538.7
1 0.63 1361.6 736.3 1373.9 745.9 1352.9 772.8 1340.6 763.2
1 0.61 1091.9 413.0 1093.2 427.2 1064.0 429.8 1062.8 415.5
1 0.6 1093.4 363.0 1094.1 377.4 1061.3 379.1 1060.6 364.8
1 0.59 1103.4 451.9 1103.4 464.9 1072.0 464.9 1072.0 451.9
1 0.56 1099.8 433.6 1099.8 447.1 1067.4 447.1 1067.4 433.6
1 0.55 1092.9 381.6 1092.9 393.7 1061.1 393.7 1061.1 381.6
1 0.51 1104.7 467.6 1105.4 480.9 1073.1 482.6 1072.4 469.3
1 0.5 1091.1 396.9 1091.1 409.5 1062.0 409.5 1062.0 396.9
1 0.5 1038.3 300.9 1039.3 315.6 1002.5 318.2 1001.5 303.5
1 0.48 1502.0 812.2 1487.0 816.0 1479.0 784.0 1494.0 780.2
1 0.41 1086.4 348.7 1087.4 360.3 1057.5 362.9 1056.5 351.3
1 0.39 1437.9 788.9 1442.4 805.6 1406.8 815.1 1402.4 798.5
1 0.62 1362.2 736.4 1374.2 746.5 1352.3 772.7 1340.2 762.6
1 0.5 1501.9 812.2 1487.1 815.9 1479.1 783.9 1494.0 780.2
1 0.39 1438.0 788.9 1442.5 805.6 1406.9 815.1 1402.4 798.5
1 0.27 1103.7 451.7 1103.7 465.0 1071.9 465.0 1071.9 451.7
1 0.64 1361.6 736.3 1373.9 745.9 1352.9 772.8 1340.6 763.2
1 0.47 1502.0 812.2 1487.0 816.0 1479.0 784.0 1494.0 780.2
1 0.41 1437.9 789.0 1442.4 805.6 1406.8 815.1 1402.4 798.5
1 0.62 1361.6 736.3 1373.9 745.9 1352.9 772.8 1340.6 763.1
1 0.46 1502.0 812.3 1487.0 816.0 1479.0 783.9 1494.0 780.2
1 0.34 1438.1 788.8 1442.6 805.6 1406.8 815.2 1402.3 798.4
1 0.65 786.2 636.3 770.7 637.6 767.8 604.5 783.3 603.2
1 0.62 853.0 627.0 837.9 628.9 833.7 594.8 848.9 593.0
1 0.6 811.0 911.9 794.9 913.3 791.7 876.8 807.8 875.4
1 0.51 867.9 511.4 852.6 514.1 847.0 482.1 862.3 479.4
1 0.4 863.6 472.3 845.9 475.1 840.5 441.3 858.3 438.5
1 0.36 1360.1 735.9 1373.7 746.1 1353.3 773.1 1339.7 762.9
1 0.33 851.8 572.1 834.7 574.2 830.6 540.8 847.7 538.7
1 0.28 1103.7 451.7 1103.7 465.0 1072.0 465.0 1072.0 451.7
1 0.26 205.1 763.6 205.4 783.8 169.2 784.5 168.9 764.2
1 0.66 815.5 343.9 801.8 346.5 796.1 316.9 809.8 314.3
1 0.66 785.6 636.5 770.7 637.6 768.4 604.5 783.3 603.5
1 0.62 853.0 627.0 837.9 628.9 833.7 594.8 848.9 592.9
1 0.6 861.9 437.4 847.7 440.2 841.8 410.1 856.1 407.3
1 0.53 867.8 511.4 852.6 514.1 847.0 482.3 862.2 479.6
1 0.45 863.3 472.2 846.4 474.8 841.3 442.5 858.2 439.8
1 0.39 851.8 572.3 834.5 574.4 830.4 540.9 847.7 538.8
1 0.61 1091.9 413.0 1093.2 427.2 1064.0 429.8 1062.8 415.5
1 0.61 1093.4 363.1 1094.2 377.4 1061.3 379.1 1060.6 364.8
1 0.6 1103.4 451.9 1103.4 464.9 1072.0 464.9 1072.0 451.9
1 0.57 1099.7 433.6 1099.7 447.1 1067.4 447.1 1067.4 433.6
1 0.55 1092.9 381.6 1092.9 393.7 1061.1 393.7 1061.1 381.6
1 0.53 1104.7 467.6 1105.4 480.9 1073.1 482.6 1072.4 469.3
1 0.51 1091.1 396.9 1091.1 409.5 1062.0 409.5 1062.0 396.9
1 0.49 1037.9 301.1 1038.9 315.2 1002.6 317.7 1001.6 303.7
1 0.39 1086.4 348.8 1087.4 360.3 1057.6 362.9 1056.6 351.4
1 0.66 815.5 343.9 801.8 346.5 796.1 317.0 809.8 314.3
1 0.57 1092.9 381.6 1092.9 393.7 1061.1 393.7 1061.1 381.6
1 0.42 1086.4 348.7 1087.4 360.4 1057.5 363.0 1056.5 351.3
1 0.45 863.3 472.2 846.2 474.9 841.1 442.4 858.2 439.7
1 0.5 1038.3 300.9 1039.3 315.6 1002.5 318.2 1001.5 303.4
1 0.51 867.9 511.4 852.5 514.1 846.9 482.2 862.3 479.5
1 0.53 1091.1 396.8 1091.1 409.5 1062.0 409.5 1062.0 396.8
1 0.55 931.9 384.0 916.8 386.4 912.0 356.1 927.1 353.7
1 0.55 1104.7 467.6 1105.4 480.8 1073.2 482.5 1072.5 469.3
1 0.59 1099.7 433.6 1099.7 447.2 1067.4 447.2 1067.4 433.6
1 0.65 912.4 387.7 897.9 390.6 891.7 358.9 906.3 356.1
1 0.59 731.7 93.7 718.9 96.4 713.2 69.5 726.0 66.8
1 0.59 861.9 437.4 847.5 440.2 841.6 410.1 856.1 407.2
1 0.62 853.2 627.3 837.8 629.2 833.6 594.8 849.0 592.9
1 0.62 1103.4 451.9 1103.4 464.9 1071.9 464.9 1071.9 451.9
1 0.62 1093.4 363.0 1094.2 377.4 1061.3 379.1 1060.5 364.8
1 0.63 1091.9 413.0 1093.2 427.2 1064.0 429.8 1062.8 415.5
1 0.64 786.5 637.0 770.5 638.4 767.6 604.5 783.5 603.1
1 0.38 851.9 572.3 834.5 574.5 830.3 540.8 847.8 538.7
1 0.66 815.5 343.9 801.8 346.5 796.1 317.0 809.8 314.3
1 0.54 931.8 384.0 916.8 386.3 912.0 356.2 927.0 353.8
1 0.36 851.8 572.2 834.6 574.3 830.5 540.9 847.7 538.8
1 0.4 1086.4 348.7 1087.5 360.4 1057.5 363.0 1056.5 351.3
1 0.44 863.2 472.2 846.4 474.8 841.2 442.5 858.1 439.8
1 0.49 1037.9 301.1 1038.9 315.2 1002.7 317.7 1001.7 303.6
1 0.51 1104.8 467.6 1105.5 480.9 1073.1 482.6 1072.4 469.3
1 0.52 867.7 511.3 852.7 513.9 847.1 482.3 862.1 479.7
1 0.52 1091.1 396.8 1091.1 409.5 1061.9 409.5 1061.9 396.8
1 0.56 1092.9 381.5 1092.9 393.7 1061.0 393.7 1061.0 381.5
1 0.66 785.6 636.5 770.7 637.6 768.4 604.5 783.3 603.5
1 0.57 1099.8 433.6 1099.8 447.2 1067.4 447.2 1067.4 433.6
1 0.59 861.9 437.4 847.6 440.1 841.7 410.1 856.0 407.3
1 0.6 1103.4 451.8 1103.4 464.9 1071.9 464.9 1071.9 451.8
1 0.6 1093.4 363.0 1094.2 377.4 1061.2 379.2 1060.5 364.7
1 0.62 1092.0 412.9 1093.3 427.3 1063.9 429.8 1062.7 415.5
1 0.62 853.0 627.0 837.9 628.9 833.7 594.8 848.9 593.0
1 0.65 912.4 387.8 897.9 390.6 891.8 358.9 906.3 356.1
1 0.34 1360.1 735.9 1373.7 746.1 1353.3 773.2 1339.7 762.9
1 0.66 815.5 343.9 801.8 346.5 796.1 316.9 809.8 314.3
1 0.66 785.7 636.5 770.7 637.6 768.4 604.5 783.4 603.4
1 0.43 1086.4 348.7 1087.5 360.4 1057.5 363.0 1056.4 351.3
1 0.44 863.3 472.2 846.3 474.9 841.1 442.5 858.1 439.8
1 0.5 1038.3 300.8 1039.3 315.6 1002.5 318.2 1001.5 303.4
1 0.51 867.9 511.4 852.5 514.1 846.9 482.2 862.3 479.5
1 0.53 1091.1 396.9 1091.1 409.5 1062.0 409.5 1062.0 396.9
1 0.54 931.9 384.0 916.8 386.4 912.0 356.2 927.1 353.8
1 0.55 1104.7 467.6 1105.4 480.8 1073.2 482.5 1072.5 469.3
1 0.57 1092.9 381.6 1092.9 393.7 1061.0 393.7 1061.0 381.6
1 0.58 1099.7 433.6 1099.7 447.2 1067.4 447.2 1067.4 433.6
1 0.59 861.9 437.4 847.5 440.2 841.6 410.1 856.1 407.2
1 0.62 853.1 627.1 837.9 628.9 833.7 594.8 848.9 592.9
1 0.62 1093.4 363.0 1094.2 377.4 1061.3 379.1 1060.5 364.8
1 0.62 1103.4 451.8 1103.4 464.9 1071.9 464.9 1071.9 451.8
1 0.63 1091.9 412.9 1093.2 427.2 1064.0 429.8 1062.7 415.5
1 0.65 912.5 387.8 897.9 390.6 891.7 358.9 906.3 356.1
1 0.34 851.9 572.3 834.5 574.5 830.4 540.8 847.8 538.7
1 0.65 786.2 636.2 770.7 637.6 767.8 604.5 783.3 603.2
1 0.62 853.0 627.0 837.9 628.9 833.7 594.8 848.9 593.0
1 0.61 811.0 911.9 794.9 913.3 791.7 876.9 807.8 875.5
1 0.53 868.0 511.5 852.6 514.2 846.9 482.0 862.3 479.3
1 0.45 863.7 472.3 845.9 475.1 840.6 441.3 858.4 438.5
1 0.39 851.9 572.1 834.6 574.2 830.5 540.8 847.7 538.7
1 0.65 786.3 636.3 770.7 637.6 767.8 604.5 783.4 603.1
1 0.62 853.1 627.1 837.8 628.9 833.7 594.8 848.9 593.0
1 0.6 811.0 911.9 794.9 913.3 791.7 876.8 807.8 875.4
1 0.5 868.0 511.5 852.5 514.2 846.9 482.0 862.4 479.3
1 0.45 1103.6 451.8 1103.6 464.9 1072.3 464.9 1072.3 451.8
1 0.42 1104.6 467.6 1105.3 480.8 1073.1 482.5 1072.4 469.3
1 0.41 863.7 472.3 845.9 475.1 840.5 441.3 858.4 438.5
1 0.33 851.9 572.1 834.7 574.3 830.6 540.8 847.7 538.7
