1 0.67 763.4 685.2 747.6 687.2 743.4 652.7 759.1 650.8
1 0.66 799.5 665.9 783.9 670.7 773.8 637.8 789.5 633.0
1 0.63 785.9 997.8 769.8 999.8 765.2 962.5 781.4 960.5
1 0.61 869.0 857.9 852.7 860.8 846.5 825.7 862.8 822.8
1 0.59 752.9 856.2 736.8 859.0 730.7 824.4 746.8 821.5
1 0.58 870.1 901.0 851.7 902.6 848.3 863.8 866.7 862.2
1 0.52 876.4 946.1 859.8 949.0 853.3 912.0 869.9 909.1
1 0.49 805.4 961.8 788.3 962.7 786.1 920.2 803.2 919.3
1 0.43 859.6 1018.6 841.8 1021.7 835.0 983.2 852.8 980.0
1 0.41 859.9 1086.8 843.3 1088.6 838.9 1047.1 855.5 1045.3
1 0.67 763.4 685.2 747.6 687.2 743.4 652.7 759.1 650.8
1 0.51 1060.8 694.2 1061.4 710.6 1021.9 712.0 1021.3 695.6
1 0.38 1130.2 873.5 1131.4 887.4 1100.4 890.1 1099.1 876.2
1 0.4 1112.5 750.0 1114.1 765.1 1081.4 768.5 1079.8 753.5
1 0.41 859.7 1086.5 843.2 1088.3 838.9 1047.2 855.4 1045.5
1 0.43 859.5 1018.4 842.0 1021.5 835.2 983.2 852.7 980.1
1 0.43 1125.8 851.3 1126.6 865.8 1093.6 867.5 1092.9 853.0
1 0.49 1118.5 810.6 1118.5 824.0 1088.0 824.0 1088.0 810.6
1 0.5 805.4 961.8 788.3 962.7 786.1 920.2 803.2 919.3
1 0.5 876.5 946.3 859.8 949.2 853.2 912.0 869.9 909.1
1 0.52 1120.1 769.5 1121.3 783.9 1088.3 786.7 1087.1 772.4
1 0.66 924.8 798.1 908.0 801.4 900.9 764.6 917.7 761.4
1 0.53 1121.9 829.2 1123.2 844.1 1090.6 846.9 1089.3 832.1
1 0.58 1119.4 789.9 1119.4 804.6 1086.7 804.6 1086.7 789.9
1 0.58 870.2 901.1 851.5 902.7 848.1 863.8 866.8 862.2
1 0.59 945.7 792.5 928.5 795.6 922.4 760.9 939.6 757.8
1 0.6 752.9 856.2 736.8 859.0 730.7 824.4 746.8 821.5
1 0.61 869.0 857.9 852.7 860.8 846.5 825.8 862.9 822.9
1 0.63 785.9 997.8 769.8 999.8 765.2 962.5 781.4 960.5
1 0.66 799.5 665.9 783.9 670.7 773.8 637.8 789.5 633.0
1 0.26 762.9 1076.8 741.1 1078.3 736.8 1016.6 758.6 1015.1
1 0.67 763.3 685.1 747.6 687.0 743.4 652.8 759.1 650.8
1 0.67 924.8 798.0 908.0 801.3 900.9 764.6 917.7 761.4
1 0.66 799.6 665.8 783.8 670.6 773.8 637.8 789.5 633.0
1 0.65 1121.8 829.2 1123.2 844.2 1090.7 847.0 1089.4 832.1
1 0.62 869.0 858.0 852.7 860.9 846.5 825.9 862.8 823.0
1 0.62 1120.7 790.0 1120.7 804.4 1087.0 804.4 1087.0 790.0
1 0.61 1120.1 810.6 1120.1 824.2 1088.5 824.2 1088.5 810.6
1 0.6 753.0 856.4 736.6 859.3 730.5 824.4 746.9 821.5
1 0.6 945.8 792.8 928.4 795.8 922.2 760.7 939.6 757.6
1 0.59 1120.8 769.3 1122.0 783.9 1088.6 786.8 1087.3 772.2
1 0.57 1127.1 851.8 1127.1 866.9 1093.3 866.9 1093.3 851.8
1 0.5 1060.7 694.2 1061.3 710.7 1021.7 712.1 1021.1 695.5
1 0.43 1113.1 750.0 1114.7 765.0 1081.4 768.5 1079.8 753.5
1 0.67 763.4 685.2 747.6 687.2 743.4 652.7 759.1 650.8
1 0.67 924.8 798.1 908.0 801.4 900.9 764.6 917.7 761.3
1 0.4 1113.2 749.8 1114.8 765.1 1081.3 768.6 1079.7 753.4
1 0.41 859.7 1086.6 843.2 1088.4 838.9 1047.2 855.4 1045.4
1 0.42 859.6 1018.6 841.9 1021.7 835.1 983.1 852.8 980.0
1 0.49 805.4 961.8 788.3 962.7 786.1 920.2 803.2 919.3
1 0.5 876.5 946.3 859.8 949.2 853.2 912.0 869.9 909.1
1 0.51 1060.8 694.2 1061.4 710.6 1021.8 712.0 1021.2 695.6
1 0.57 1134.8 894.1 1134.8 908.8 1100.5 908.8 1100.5 894.1
1 0.57 1127.1 851.9 1127.1 867.1 1093.4 867.1 1093.4 851.9
1 0.57 870.2 901.0 851.6 902.7 848.2 863.8 866.8 862.2
1 0.58 1121.5 768.5 1123.1 783.7 1088.8 787.3 1087.2 772.2
1 0.59 945.8 792.6 928.6 795.6 922.4 760.8 939.6 757.8
1 0.6 752.9 856.2 736.7 859.1 730.5 824.3 746.8 821.5
1 0.6 1120.2 810.6 1120.2 824.2 1088.4 824.2 1088.4 810.6
1 0.6 869.0 857.9 852.7 860.8 846.6 825.8 862.8 822.9
1 0.61 1133.1 873.1 1134.4 887.5 1101.1 890.4 1099.9 876.0
1 0.62 1120.8 790.0 1120.8 804.3 1087.1 804.3 1087.1 790.0
1 0.63 785.9 997.8 769.8 999.8 765.2 962.5 781.4 960.5
1 0.65 1121.8 829.3 1123.1 844.1 1090.7 847.0 1089.4 832.1
1 0.66 799.5 665.9 783.9 670.7 773.8 637.8 789.5 633.0
1 0.25 763.1 1077.2 740.7 1078.8 736.4 1016.5 758.7 1014.9
1 0.65 1121.7 829.3 1123.0 844.1 1090.8 846.9 1089.5 832.1
1 0.62 1120.8 790.0 1120.8 804.3 1087.2 804.3 1087.2 790.0
1 0.61 1133.1 873.1 1134.3 887.4 1101.3 890.3 1100.0 876.0
1 0.59 1120.2 810.7 1120.2 824.2 1088.5 824.2 1088.5 810.7
1 0.58 1121.5 768.6 1123.1 783.7 1088.9 787.3 1087.3 772.2
1 0.57 1134.8 894.1 1134.8 908.7 1100.6 908.7 1100.6 894.1
1 0.57 1127.1 852.0 1127.1 867.0 1093.5 867.0 1093.5 852.0
1 0.51 1060.7 694.3 1061.3 710.6 1022.0 712.0 1021.4 695.7
1 0.37 1113.2 750.0 1114.8 765.0 1081.5 768.5 1079.9 753.5
1 0.67 763.3 685.1 747.6 687.0 743.4 652.8 759.1 650.8
1 0.67 924.8 798.0 908.0 801.3 900.9 764.7 917.7 761.4
1 0.67 799.5 665.8 783.8 670.6 773.8 637.8 789.5 633.0
1 0.62 869.0 858.0 852.7 860.9 846.5 825.9 862.8 823.0
1 0.6 753.0 856.3 736.8 859.2 730.6 824.4 746.9 821.6
1 0.59 945.8 792.8 928.4 795.9 922.2 760.7 939.6 757.7
1 0.57 1119.4 790.0 1119.4 804.6 1086.7 804.6 1086.7 790.0
1 0.53 1120.1 769.5 1121.3 783.8 1088.4 786.7 1087.1 772.4
1 0.52 1122.1 829.2 1123.4 844.1 1090.6 847.0 1089.3 832.1
1 0.5 1118.3 810.6 1118.3 824.0 1087.9 824.0 1087.9 810.6
1 0.5 1060.7 694.2 1061.3 710.7 1021.7 712.0 1021.1 695.6
1 0.43 1112.5 750.1 1114.1 765.1 1081.4 768.5 1079.8 753.5
1 0.4 1126.0 851.4 1126.5 865.7 1093.4 866.9 1092.9 852.5
1 0.65 1121.8 829.3 1123.1 844.1 1090.8 847.0 1089.5 832.1
1 0.61 1120.7 790.0 1120.7 804.3 1087.2 804.3 1087.2 790.0
1 0.6 1120.1 810.7 1120.1 824.1 1088.5 824.1 1088.5 810.7
1 0.58 1121.5 768.6 1123.0 783.7 1088.9 787.3 1087.3 772.2
1 0.56 1127.0 851.9 1127.0 866.9 1093.5 866.9 1093.5 851.9
1 0.49 1060.7 694.3 1061.2 710.6 1021.8 712.0 1021.3 695.7
1 0.41 1113.1 750.0 1114.7 765.0 1081.4 768.5 1079.9 753.5
1 0.67 763.3 685.1 747.6 687.0 743.4 652.8 759.1 650.8
1 0.66 799.5 665.8 783.8 670.6 773.8 637.8 789.5 633.0
1 0.62 869.0 858.1 852.7 861.0 846.5 825.8 862.8 823.0
1 0.6 753.0 856.3 736.8 859.2 730.6 824.4 746.9 821.6
