1 0.62 356.6 462.1 356.4 476.3 322.6 475.7 322.8 461.5
1 0.59 516.0 397.0 515.2 412.3 485.3 410.7 486.1 395.4
1 0.58 741.4 421.6 739.7 437.2 705.3 433.6 706.9 418.0
1 0.55 757.4 416.8 769.1 428.1 741.1 457.1 729.3 445.8
1 0.54 530.9 479.3 529.0 494.8 493.6 490.5 495.5 475.0
1 0.54 483.2 390.8 482.5 404.8 451.2 403.2 451.9 389.2
1 0.53 676.6 496.4 674.3 510.9 641.5 505.7 643.8 491.2
1 0.53 670.9 476.2 668.0 491.3 631.8 484.2 634.7 469.2
1 0.5 559.0 401.3 557.3 416.8 523.6 413.2 525.2 397.7
1 0.48 596.7 395.0 612.0 401.5 597.5 435.7 582.2 429.2
1 0.48 344.3 381.0 343.7 397.2 309.5 396.0 310.1 379.8
1 0.43 587.6 408.3 584.8 423.0 553.7 416.9 556.6 402.3
1 0.43 750.7 498.5 748.0 516.1 712.7 510.6 715.5 493.0
1 0.34 273.2 454.7 282.8 465.4 257.2 488.4 247.6 477.7
1 0.31 695.2 410.5 701.9 426.3 667.1 441.0 660.4 425.3
1 0.62 249.0 459.1 244.9 473.4 212.5 464.1 216.6 449.8
1 0.61 356.6 462.0 356.4 476.4 322.5 475.8 322.8 461.5
1 0.5 178.4 451.8 175.4 464.8 146.9 458.3 149.9 445.2
1 0.42 273.2 454.8 282.7 465.3 257.4 488.1 247.9 477.6
1 0.4 530.8 479.0 529.1 494.8 493.3 491.0 494.9 475.2
1 0.62 999.3 733.5 1009.6 745.8 980.1 770.5 969.8 758.2
1 0.61 1100.8 758.6 1116.0 761.5 1108.9 798.0 1093.7 795.0
1 0.59 1023.7 887.9 1039.6 891.0 1032.2 929.3 1016.3 926.2
1 0.59 992.8 817.4 1000.8 832.5 967.2 850.3 959.2 835.3
1 0.56 1026.0 667.9 1043.6 671.4 1035.4 713.4 1017.9 710.0
1 0.53 983.9 842.2 993.6 853.8 964.2 878.5 954.5 866.9
1 0.48 981.3 444.1 990.8 456.3 965.6 476.0 956.1 463.8
1 0.47 1022.6 979.4 1039.3 984.2 1026.2 1029.9 1009.5 1025.1
1 0.43 987.9 770.2 1004.6 775.0 992.5 817.0 975.9 812.2
1 0.36 1007.8 525.3 1006.6 542.0 969.3 539.4 970.4 522.7
1 0.35 1131.7 754.5 1147.5 757.9 1140.0 793.2 1124.2 789.9
1 0.62 356.6 462.1 356.4 476.3 322.5 475.7 322.8 461.5
1 0.58 741.4 421.6 739.7 437.2 705.3 433.6 706.9 418.0
1 0.58 516.0 397.0 515.2 412.4 485.2 410.8 486.0 395.4
1 0.55 757.3 416.8 769.1 428.1 741.1 457.2 729.3 445.8
1 0.54 483.2 390.8 482.5 404.8 451.1 403.2 451.9 389.2
1 0.54 530.9 479.3 528.9 494.8 493.6 490.5 495.5 475.0
1 0.52 676.6 496.4 674.3 510.9 641.5 505.7 643.8 491.2
1 0.52 670.9 476.2 668.0 491.2 631.8 484.2 634.7 469.2
1 0.48 344.3 381.1 343.7 397.2 309.5 396.0 310.1 379.9
1 0.47 596.7 395.0 612.0 401.5 597.4 435.7 582.2 429.2
1 0.47 559.2 401.3 557.6 416.9 523.5 413.3 525.2 397.7
1 0.43 750.7 498.6 748.0 516.1 712.8 510.5 715.6 493.0
1 0.4 587.7 408.3 584.8 423.0 553.5 416.9 556.4 402.2
1 0.33 273.2 454.7 282.7 465.4 257.2 488.3 247.6 477.7
1 0.29 695.0 410.3 701.9 425.8 667.4 441.2 660.4 425.7
1 0.61 999.4 734.0 1009.8 746.4 980.2 771.3 969.8 758.8
1 0.61 1100.8 758.7 1116.0 761.7 1109.0 798.0 1093.8 795.1
1 0.59 992.8 817.5 1000.7 832.5 967.2 850.3 959.2 835.4
1 0.57 1026.1 667.8 1043.6 671.2 1035.4 713.3 1017.9 709.9
1 0.48 984.0 842.1 993.8 853.8 964.5 878.5 954.6 866.7
1 0.46 981.3 444.1 990.8 456.3 965.6 476.0 956.0 463.8
1 0.44 987.9 770.1 1004.7 774.9 992.5 817.3 975.7 812.4
1 0.41 1007.6 525.4 1006.4 541.7 969.7 539.1 970.8 522.8
1 0.34 1131.7 754.6 1147.4 758.0 1139.8 793.5 1124.1 790.2
1 0.63 936.2 1042.9 934.3 1060.7 895.9 1056.6 897.8 1038.8
1 0.61 999.3 733.5 1009.6 745.8 980.2 770.4 969.9 758.1
1 0.28 961.6 925.2 970.0 939.7 938.6 957.8 930.2 943.3
1 0.36 1131.6 754.5 1147.5 757.9 1140.0 793.4 1124.1 790.0
1 0.39 899.0 471.2 882.1 475.8 873.1 442.4 890.0 437.8
1 0.4 930.7 1070.0 930.1 1085.6 894.0 1084.4 894.6 1068.7
1 0.41 1007.5 525.4 1006.4 541.6 970.5 539.1 971.6 522.9
1 0.42 987.9 770.2 1004.6 775.0 992.6 817.1 975.8 812.3
1 0.47 1022.5 979.4 1039.4 984.2 1026.3 1030.0 1009.4 1025.1
1 0.51 981.4 444.1 991.0 456.3 965.5 476.2 956.0 463.9
1 0.52 983.9 841.7 994.1 853.9 964.1 879.1 953.9 866.9
1 0.54 958.1 437.4 964.3 450.8 933.6 465.1 927.4 451.7
1 0.56 992.9 817.4 1000.8 832.3 967.8 849.9 959.9 834.9
1 0.56 1026.0 667.9 1043.6 671.4 1035.4 713.5 1017.9 710.1
1 0.59 1023.6 887.9 1039.6 891.0 1032.2 929.4 1016.2 926.3
1 0.61 933.5 1019.5 932.9 1036.5 895.0 1035.2 895.6 1018.1
1 0.61 1100.8 758.6 1116.1 761.5 1109.0 798.0 1093.7 795.1
1 0.25 958.9 519.0 957.8 534.6 918.4 531.8 919.5 516.2
1 0.53 958.4 436.5 965.2 450.4 933.7 465.8 926.9 451.9
1 0.53 757.4 416.8 769.0 428.1 741.1 457.0 729.5 445.8
1 0.51 981.3 444.1 990.9 456.3 965.6 476.1 956.0 463.9
1 0.43 1007.8 525.8 1006.1 542.4 970.0 538.6 971.7 522.0
1 0.4 741.3 422.8 739.3 436.9 707.7 432.4 709.7 418.4
1 0.39 899.2 472.3 881.9 476.6 873.6 443.3 890.9 439.0
1 0.26 924.9 436.4 931.0 446.9 906.4 461.1 900.3 450.6
1 0.26 959.1 518.6 958.2 534.5 918.1 532.4 918.9 516.5
1 0.67 180.6 367.3 177.8 381.7 145.8 375.5 148.6 361.1
1 0.66 140.7 363.8 138.5 378.0 107.5 373.1 109.7 358.9
1 0.62 356.7 462.1 356.4 476.3 322.5 475.7 322.8 461.5
1 0.62 248.9 459.1 244.8 473.4 212.5 464.1 216.6 449.9
1 0.58 516.0 397.0 515.2 412.3 485.3 410.7 486.1 395.5
1 0.54 530.9 479.3 529.0 494.8 493.7 490.4 495.6 475.0
1 0.54 483.2 390.9 482.5 404.8 451.2 403.1 451.9 389.2
1 0.53 178.5 451.8 175.5 465.0 146.5 458.3 149.6 445.2
1 0.51 558.8 401.2 557.4 416.3 524.0 413.4 525.4 398.3
1 0.49 344.3 381.0 343.7 397.3 309.5 396.1 310.0 379.8
1 0.48 596.8 395.0 611.9 401.4 597.4 435.6 582.3 429.2
1 0.44 587.5 408.4 584.7 422.8 554.0 416.8 556.8 402.4
1 0.4 273.1 454.8 282.7 465.4 257.4 488.2 247.8 477.6
1 0.47 981.3 444.2 990.8 456.3 965.6 476.0 956.2 463.8
1 0.4 1007.4 525.4 1006.3 541.5 969.9 539.0 971.0 522.9
1 0.6 999.4 734.0 1009.8 746.4 980.4 771.1 970.0 758.7
1 0.6 1100.8 758.7 1116.0 761.7 1108.9 798.2 1093.7 795.2
1 0.29 695.0 410.2 701.9 425.8 667.4 441.2 660.4 425.6
1 0.4 899.2 472.2 881.9 476.5 873.6 443.3 890.9 439.0
1 0.42 587.7 408.3 584.9 423.0 553.5 416.9 556.4 402.2
1 0.42 987.9 770.2 1004.6 775.0 992.5 817.2 975.7 812.4
1 0.43 750.8 498.6 748.0 516.1 712.8 510.5 715.5 493.0
1 0.44 1007.9 525.8 1006.2 542.5 969.9 538.7 971.6 522.0
1 0.48 596.7 394.9 612.0 401.4 597.4 435.8 582.1 429.3
1 0.48 559.2 401.2 557.6 416.9 523.5 413.3 525.2 397.7
1 0.48 981.5 444.3 990.9 456.7 965.3 475.9 956.0 463.6
1 0.52 984.0 841.9 994.0 853.8 964.6 878.5 954.6 866.6
1 0.52 958.3 436.5 965.1 450.5 933.7 465.8 926.9 451.8
1 0.52 530.9 478.9 529.3 494.7 492.9 490.9 494.5 475.1
1 0.52 670.9 476.2 668.0 491.3 631.8 484.2 634.7 469.2
1 0.52 676.5 496.4 674.2 510.9 641.5 505.7 643.8 491.2
1 0.55 757.4 416.7 769.1 428.1 741.0 457.2 729.3 445.8
1 0.56 516.0 396.8 515.2 412.7 484.2 411.1 485.1 395.2
1 0.56 1026.1 667.8 1043.6 671.2 1035.5 713.3 1018.0 709.9
1 0.57 992.8 817.5 1000.7 832.3 967.8 849.8 960.0 835.0
1 0.58 741.4 421.6 739.8 437.2 705.2 433.6 706.9 418.0
1 0.27 924.9 436.4 931.0 446.8 906.4 461.0 900.4 450.6
1 0.67 180.6 367.3 177.8 381.8 145.8 375.5 148.6 361.0
1 0.66 140.7 363.8 138.4 378.0 107.5 373.1 109.7 358.9
1 0.63 356.6 462.1 356.4 476.3 322.6 475.7 322.8 461.5
1 0.62 248.9 459.1 244.8 473.4 212.5 464.2 216.6 449.9
1 0.58 516.0 397.0 515.2 412.3 485.2 410.8 486.0 395.4
1 0.54 483.2 390.9 482.5 404.8 451.2 403.2 451.9 389.2
1 0.54 530.8 479.3 528.9 494.8 493.6 490.4 495.5 475.0
1 0.52 178.5 451.8 175.5 465.0 146.5 458.3 149.6 445.1
1 0.48 344.3 381.0 343.7 397.3 309.5 396.1 310.0 379.8
1 0.48 559.2 401.3 557.5 416.8 523.5 413.2 525.2 397.7
1 0.47 596.8 394.9 612.0 401.4 597.4 435.8 582.2 429.3
1 0.41 587.7 408.3 584.8 422.9 553.6 416.9 556.4 402.2
1 0.39 273.1 454.8 282.7 465.4 257.4 488.1 247.8 477.6
1 0.63 936.2 1042.9 934.3 1060.6 896.0 1056.6 897.9 1038.9
1 0.61 999.3 733.5 1009.6 745.8 980.3 770.4 970.0 758.1
1 0.37 899.0 471.2 882.1 475.7 873.1 442.5 890.1 437.9
1 0.39 1007.6 525.4 1006.4 541.6 970.4 539.1 971.6 522.9
1 0.4 930.6 1070.0 930.1 1085.6 894.1 1084.4 894.6 1068.7
1 0.41 750.8 498.6 748.0 516.0 712.7 510.4 715.5 493.0
1 0.42 987.9 770.1 1004.6 774.9 992.6 817.1 975.8 812.3
1 0.48 1022.6 979.4 1039.3 984.2 1026.3 1029.9 1009.5 1025.0
1 0.49 981.4 444.2 990.9 456.3 965.5 476.1 956.0 464.0
1 0.49 531.0 478.9 529.3 494.9 492.5 491.1 494.2 475.0
1 0.51 676.6 496.3 674.3 511.1 641.2 505.9 643.6 491.1
1 0.53 671.1 476.4 668.2 491.5 631.7 484.4 634.6 469.3
1 0.53 958.1 437.5 964.3 450.8 933.6 465.1 927.4 451.7
1 0.53 983.9 841.8 994.1 853.8 964.1 879.0 954.0 866.9
1 0.56 1026.1 668.0 1043.6 671.4 1035.4 713.4 1017.9 710.0
1 0.57 992.9 817.4 1000.8 832.3 967.8 849.8 959.9 835.0
1 0.59 1023.7 887.9 1039.6 891.0 1032.2 929.3 1016.3 926.2
1 0.61 1100.8 758.6 1116.0 761.5 1108.9 798.2 1093.7 795.2
1 0.61 933.5 1019.5 932.9 1036.4 895.1 1035.1 895.7 1018.2
1 0.29 961.6 925.2 969.9 939.7 938.6 957.7 930.3 943.3
1 0.61 356.6 462.0 356.4 476.4 322.5 475.8 322.8 461.4
1 0.53 671.1 476.4 668.1 491.4 631.8 484.4 634.7 469.3
1 0.52 676.6 496.3 674.2 511.0 641.4 505.8 643.7 491.1
1 0.43 530.8 479.0 529.1 494.8 493.4 491.0 495.1 475.2
1 0.42 750.7 498.6 748.0 516.0 712.7 510.4 715.5 493.1
1 0.4 273.2 454.7 282.8 465.3 257.2 488.3 247.7 477.7
1 0.61 1100.8 758.7 1116.1 761.7 1109.0 798.1 1093.7 795.1
1 0.6 999.4 734.0 1009.8 746.4 980.4 771.1 970.0 758.7
1 0.58 992.8 817.5 1000.7 832.3 967.8 849.9 959.9 835.0
1 0.57 1026.1 667.8 1043.7 671.2 1035.5 713.4 1017.9 710.0
1 0.54 757.4 416.9 769.0 428.1 741.1 457.0 729.4 445.8
1 0.53 958.3 436.6 965.1 450.4 933.7 465.7 927.0 451.9
1 0.52 984.0 841.9 994.1 853.8 964.6 878.5 954.6 866.6
1 0.5 981.6 444.3 990.9 456.6 965.3 475.9 956.0 463.5
1 0.43 1007.9 525.8 1006.1 542.5 969.9 538.7 971.6 522.0
1 0.42 987.8 770.2 1004.7 775.0 992.5 817.3 975.7 812.4
1 0.42 741.3 422.8 739.3 436.9 707.8 432.4 709.7 418.4
1 0.4 899.2 472.2 881.9 476.5 873.7 443.3 890.9 439.0
1 0.35 1131.6 754.6 1147.4 757.9 1139.8 793.6 1124.0 790.3
1 0.27 924.9 436.4 931.0 446.9 906.4 461.0 900.3 450.6
1 0.25 751.2 498.4 748.0 515.3 709.6 507.8 712.8 490.9
1 0.58 741.4 421.6 739.7 437.2 705.3 433.6 706.9 418.0
1 0.57 516.0 396.9 515.2 412.6 484.3 411.0 485.1 395.3
1 0.54 757.4 416.8 769.1 428.1 741.1 457.2 729.3 445.8
1 0.54 676.6 496.4 674.3 510.9 641.5 505.7 643.8 491.2
1 0.53 670.9 476.2 668.0 491.3 631.8 484.2 634.7 469.2
1 0.53 530.9 478.9 529.3 494.7 493.0 490.9 494.6 475.1
1 0.53 958.4 436.5 965.2 450.4 933.7 465.8 926.9 451.9
1 0.52 558.8 401.2 557.4 416.3 524.0 413.4 525.3 398.3
1 0.49 596.7 395.0 612.0 401.4 597.4 435.7 582.2 429.2
1 0.48 981.6 444.3 990.9 456.7 965.3 476.0 955.9 463.6
1 0.46 587.6 408.4 584.8 422.9 553.9 416.9 556.7 402.3
1 0.44 1007.9 525.8 1006.1 542.4 969.9 538.6 971.7 522.0
1 0.43 750.8 498.5 748.0 516.1 712.7 510.5 715.5 492.9
1 0.37 898.6 471.4 881.8 475.6 873.6 442.7 890.4 438.5
1 0.31 694.9 410.3 701.9 425.9 667.4 441.3 660.4 425.6
1 0.25 924.9 436.4 930.9 446.9 906.4 461.0 900.4 450.6
