1 0.67 702.6 332.5 690.6 340.6 673.5 315.3 685.5 307.2
1 0.53 702.0 466.7 702.0 480.3 668.8 480.3 668.8 466.7
1 0.34 926.9 761.6 912.1 770.9 893.8 741.7 908.7 732.4
1 0.37 889.9 712.1 877.9 720.8 859.9 696.1 872.0 687.3
1 0.38 546.0 264.8 534.3 272.6 517.7 248.0 529.3 240.1
1 0.41 642.9 397.4 630.5 406.4 613.9 383.7 626.4 374.6
1 0.47 955.0 654.8 941.5 663.2 925.1 636.9 938.6 628.5
1 0.48 1032.1 734.0 1028.0 750.6 990.1 741.2 994.3 724.5
1 0.48 962.9 775.2 949.1 783.8 928.0 750.0 941.8 741.4
1 0.49 953.5 795.3 940.2 804.3 920.4 775.0 933.7 766.0
1 0.52 803.4 457.9 790.2 468.6 769.2 442.7 782.4 432.0
1 0.53 1073.8 792.6 1074.4 809.4 1032.9 810.9 1032.3 794.0
1 0.67 684.7 452.6 671.9 460.0 655.2 431.1 668.0 423.7
1 0.56 860.9 670.9 847.7 680.9 825.9 651.9 839.1 642.0
1 0.57 911.8 593.8 899.3 604.2 878.8 579.8 891.3 569.3
1 0.59 1006.9 854.7 991.4 864.0 971.7 831.0 987.2 821.7
1 0.59 1059.8 783.2 1047.0 793.7 1023.5 764.7 1036.4 754.3
1 0.59 753.8 531.1 742.3 540.7 720.8 515.2 732.4 505.5
1 0.59 939.3 627.1 926.6 637.4 904.9 610.6 917.6 600.3
1 0.6 893.5 562.5 883.1 572.2 861.4 549.0 871.8 539.2
1 0.61 679.8 303.6 668.5 311.8 650.0 286.3 661.3 278.1
1 0.61 971.2 651.5 977.9 666.3 943.6 681.6 937.0 666.7
1 0.31 836.9 641.5 823.9 652.5 801.2 625.4 814.2 614.5
1 0.67 702.6 332.5 690.7 340.6 673.6 315.3 685.5 307.2
1 0.66 684.7 452.6 671.9 460.0 655.2 431.1 668.0 423.7
1 0.6 893.5 562.5 883.2 572.1 861.5 548.9 871.8 539.3
1 0.6 679.8 303.6 668.5 311.8 650.0 286.3 661.3 278.1
1 0.59 753.8 531.1 742.3 540.7 720.8 515.2 732.4 505.5
1 0.57 940.3 628.3 927.4 638.8 904.6 610.6 917.5 600.1
1 0.57 911.8 593.9 899.6 604.1 879.1 579.7 891.3 569.5
1 0.53 702.0 466.7 702.0 480.2 668.8 480.2 668.8 466.7
1 0.52 502.2 63.9 493.6 73.8 470.8 54.0 479.4 44.1
1 0.5 803.4 457.9 790.2 468.6 769.2 442.7 782.4 432.0
1 0.41 642.9 397.4 630.5 406.4 613.9 383.7 626.3 374.7
1 0.36 546.1 264.9 534.3 272.8 517.1 247.4 528.9 239.4
1 0.32 858.8 154.8 844.9 161.3 832.2 134.0 846.1 127.5
1 0.26 656.2 269.3 645.0 279.5 625.7 258.0 636.9 247.9
1 0.29 1230.1 997.5 1227.8 1014.2 1189.8 1008.8 1192.2 992.2
1 0.67 702.6 332.5 690.7 340.6 673.6 315.3 685.5 307.2
1 0.47 357.1 145.4 362.6 156.1 333.6 170.8 328.2 160.1
1 0.32 546.1 264.9 534.3 272.9 517.1 247.4 528.9 239.4
1 0.34 397.4 60.8 409.7 62.8 406.4 83.6 394.1 81.6
1 0.39 642.9 397.4 630.4 406.5 613.9 383.7 626.4 374.6
1 0.41 858.8 154.7 844.9 161.2 832.3 134.0 846.1 127.6
1 0.42 477.2 42.9 464.2 46.2 456.8 16.5 469.8 13.3
1 0.46 392.6 88.8 405.1 94.6 392.7 121.3 380.1 115.4
1 0.51 803.5 457.9 790.2 468.7 769.1 442.7 782.4 431.9
1 0.66 684.8 452.6 671.9 460.0 655.2 431.1 668.0 423.7
1 0.54 701.9 466.8 701.9 480.1 668.8 480.1 668.8 466.8
1 0.59 376.6 115.8 389.0 122.6 374.9 148.1 362.5 141.2
1 0.59 414.1 29.2 400.0 32.0 394.3 2.3 408.3 -0.4
1 0.59 753.8 531.1 742.3 540.7 720.9 515.2 732.4 505.5
1 0.6 679.8 303.6 668.5 311.9 650.0 286.3 661.3 278.1
1 0.65 502.3 63.3 494.4 73.3 471.5 55.4 479.4 45.4
1 0.26 656.2 269.3 645.0 279.4 625.7 258.0 636.9 247.9
1 0.59 1217.3 970.8 1211.6 987.5 1173.9 974.5 1179.6 957.8
1 0.57 1059.7 783.1 1046.9 793.4 1023.7 764.7 1036.5 754.4
1 0.55 1007.0 854.7 991.5 864.0 971.7 831.0 987.2 821.7
1 0.52 1074.1 792.4 1074.7 809.4 1032.7 810.8 1032.1 793.9
1 0.5 1230.1 996.1 1228.2 1014.1 1191.5 1010.2 1193.4 992.2
1 0.49 1149.9 1040.5 1137.1 1052.0 1107.4 1019.0 1120.2 1007.5
1 0.46 1032.3 734.0 1028.0 750.9 989.8 741.4 994.0 724.4
1 0.43 1144.8 906.1 1160.8 915.7 1140.9 948.8 1124.9 939.2
1 0.29 1057.8 935.7 1041.5 942.0 1027.6 905.8 1044.0 899.6
1 0.27 545.8 264.7 534.4 272.3 517.8 247.8 529.2 240.1
1 0.65 502.3 63.2 494.4 73.3 471.5 55.4 479.4 45.4
1 0.59 414.1 29.2 400.0 32.0 394.2 2.3 408.3 -0.4
1 0.59 376.6 115.7 389.1 122.6 374.9 148.1 362.5 141.2
1 0.46 357.1 145.3 362.6 156.1 333.6 170.9 328.1 160.1
1 0.46 392.5 88.7 405.2 94.6 392.8 121.3 380.1 115.4
1 0.41 477.1 42.9 464.2 46.1 456.8 16.5 469.8 13.3
1 0.36 397.4 60.8 409.7 62.8 406.4 83.5 394.1 81.6
1 0.3 545.9 264.8 534.3 272.6 517.2 247.4 528.8 239.6
1 0.6 893.5 562.5 883.2 572.1 861.6 548.9 871.9 539.3
1 0.59 753.7 530.9 742.3 540.5 720.9 515.0 732.3 505.4
1 0.58 940.3 628.4 927.4 638.8 904.6 610.6 917.5 600.2
1 0.57 911.8 593.9 899.6 604.1 879.2 579.7 891.3 569.5
1 0.49 803.5 457.9 790.3 468.6 769.2 442.6 782.4 431.9
1 0.29 858.9 154.9 844.9 161.4 832.1 133.9 846.1 127.4
1 0.61 893.5 562.4 882.9 572.2 861.2 548.9 871.8 539.1
1 0.6 971.5 651.3 978.1 666.2 943.5 681.6 936.8 666.7
1 0.29 836.7 641.7 823.8 652.2 801.9 625.1 814.8 614.7
1 0.34 685.2 452.4 671.2 460.1 655.1 431.0 669.1 423.3
1 0.36 926.8 761.6 912.1 770.9 893.9 741.8 908.7 732.6
1 0.37 890.0 712.6 877.5 721.7 859.2 696.5 871.7 687.4
1 0.47 1032.2 734.0 1028.0 750.8 989.9 741.3 994.1 724.5
1 0.49 953.8 795.1 940.5 804.3 920.1 775.2 933.3 765.9
1 0.49 702.0 466.7 702.0 480.2 668.7 480.2 668.7 466.7
1 0.5 963.0 775.3 949.2 783.9 928.0 750.1 941.8 741.4
1 0.51 955.0 654.8 941.5 663.2 925.0 636.8 938.5 628.4
1 0.52 803.3 458.1 790.6 468.4 768.7 441.3 781.4 431.0
1 0.52 1074.0 792.5 1074.6 809.3 1032.9 810.8 1032.3 794.0
1 0.54 860.8 671.0 847.6 680.9 825.6 651.7 838.7 641.8
1 0.56 1007.0 854.6 991.6 863.8 971.9 831.1 987.3 821.9
1 0.58 939.2 627.0 926.6 637.2 905.0 610.6 917.7 600.4
1 0.58 753.8 531.1 742.3 540.7 720.8 515.2 732.3 505.5
1 0.58 911.8 593.8 899.3 604.3 878.7 579.7 891.2 569.2
1 0.58 1059.6 783.0 1046.9 793.3 1023.8 764.8 1036.5 754.4
1 0.27 1058.2 934.4 1041.8 941.0 1027.6 905.8 1044.0 899.2
1 0.62 971.2 651.5 977.8 666.4 943.6 681.6 937.0 666.7
1 0.5 803.4 457.9 790.3 468.6 769.3 442.7 782.4 432.1
1 0.34 926.9 761.6 912.1 770.9 893.9 741.7 908.7 732.4
1 0.38 889.9 712.1 877.9 720.8 859.9 696.1 871.9 687.3
1 0.48 955.0 654.8 941.6 663.1 925.2 636.9 938.6 628.5
1 0.49 1032.1 734.0 1028.0 750.6 990.3 741.2 994.4 724.6
1 0.49 953.6 795.0 940.5 804.2 920.3 775.3 933.4 766.1
1 0.49 963.0 775.2 949.1 783.8 928.0 750.0 941.8 741.4
1 0.54 1073.7 792.6 1074.3 809.4 1033.0 810.8 1032.4 794.0
1 0.6 893.5 562.5 883.1 572.2 861.4 549.0 871.8 539.2
1 0.56 911.8 593.7 899.3 604.3 878.8 579.8 891.3 569.3
1 0.56 860.9 670.9 847.7 680.8 826.0 651.9 839.1 642.0
1 0.59 753.7 530.9 742.3 540.5 720.9 515.0 732.3 505.4
1 0.59 1006.9 854.7 991.5 864.0 971.7 831.1 987.2 821.8
1 0.6 1059.8 783.2 1047.0 793.6 1023.6 764.7 1036.4 754.3
1 0.6 939.2 627.1 926.6 637.3 905.0 610.6 917.6 600.4
1 0.3 836.9 641.5 824.0 652.3 801.4 625.4 814.3 614.6
1 0.67 702.6 332.5 690.7 340.6 673.5 315.3 685.5 307.2
1 0.66 684.7 452.6 671.9 460.0 655.2 431.1 668.0 423.7
1 0.6 679.8 303.6 668.5 311.8 650.0 286.3 661.3 278.1
1 0.59 753.8 531.1 742.3 540.7 720.8 515.2 732.4 505.5
1 0.54 702.0 466.7 702.0 480.2 668.8 480.2 668.8 466.7
1 0.52 803.4 457.9 790.2 468.6 769.2 442.7 782.4 432.0
1 0.48 860.8 671.0 847.7 680.8 825.9 651.8 839.0 641.9
1 0.41 642.9 397.4 630.4 406.5 613.9 383.7 626.3 374.6
1 0.34 546.0 264.7 534.3 272.6 517.7 247.9 529.3 240.1
1 0.61 893.5 562.4 882.9 572.2 861.2 549.0 871.8 539.1
1 0.6 971.4 651.4 978.1 666.2 943.6 681.6 936.9 666.7
1 0.31 1057.9 935.7 1041.5 942.0 1027.6 905.9 1044.0 899.6
1 0.35 926.8 761.6 912.1 770.8 894.0 741.8 908.7 732.6
1 0.37 890.0 712.6 877.5 721.6 859.3 696.5 871.7 687.5
1 0.43 1144.8 906.1 1160.8 915.7 1140.9 948.8 1124.9 939.2
1 0.47 1032.2 734.0 1028.0 750.9 990.0 741.4 994.2 724.5
1 0.49 953.8 795.1 940.5 804.3 920.1 775.2 933.3 765.9
1 0.49 1149.9 1040.4 1137.1 1052.0 1107.4 1019.0 1120.2 1007.4
1 0.5 963.0 775.3 949.2 784.0 928.0 750.0 941.8 741.4
1 0.51 955.0 654.8 941.6 663.2 925.1 636.8 938.5 628.4
1 0.51 1230.0 996.1 1228.2 1014.1 1191.6 1010.2 1193.5 992.3
1 0.52 803.3 458.1 790.6 468.4 768.7 441.3 781.4 431.0
1 0.53 1074.0 792.4 1074.6 809.4 1032.8 810.8 1032.2 793.9
1 0.55 860.8 671.0 847.6 680.9 825.6 651.7 838.7 641.8
1 0.56 1007.0 854.6 991.6 863.9 971.9 831.1 987.3 821.8
1 0.58 939.2 627.0 926.6 637.2 905.0 610.6 917.7 600.4
1 0.59 911.8 593.8 899.3 604.2 878.7 579.7 891.2 569.3
1 0.59 753.5 530.7 742.4 540.4 720.7 515.4 731.8 505.7
1 0.59 1059.7 783.0 1046.9 793.4 1023.7 764.7 1036.5 754.4
1 0.6 1217.4 970.8 1211.6 987.5 1173.8 974.5 1179.6 957.8
1 0.28 836.7 641.7 823.9 652.1 802.1 625.2 814.9 614.8
1 0.58 753.7 531.1 742.3 540.7 720.8 515.2 732.3 505.5
1 0.51 803.3 458.1 790.6 468.4 768.7 441.2 781.3 431.0
1 0.5 702.0 466.7 702.0 480.1 668.8 480.1 668.8 466.7
1 0.44 860.7 671.1 847.6 680.9 825.4 651.4 838.5 641.6
1 0.34 685.2 452.4 671.3 460.2 655.1 431.0 669.1 423.3
1 0.58 1059.8 783.3 1047.0 793.6 1023.6 764.7 1036.4 754.3
1 0.58 1007.0 854.7 991.6 864.0 971.7 830.9 987.2 821.7
1 0.53 1073.9 792.6 1074.4 809.4 1032.9 810.9 1032.3 794.1
1 0.47 1032.2 734.0 1028.1 750.6 990.1 741.1 994.2 724.5
