1 0.57 998.1 685.8 1002.6 701.5 963.1 712.9 958.6 697.2
1 0.55 1166.8 935.5 1156.0 949.9 1123.6 925.5 1134.5 911.1
1 0.53 1171.8 818.1 1171.2 834.7 1133.5 833.4 1134.0 816.8
1 0.46 1090.7 775.8 1107.6 781.3 1096.0 816.9 1079.1 811.4
1 0.46 1189.6 839.9 1191.5 857.4 1156.0 861.1 1154.2 843.6
1 0.4 1014.3 824.2 999.9 834.3 978.5 803.7 992.9 793.6
1 0.37 1124.9 898.4 1115.4 913.1 1079.6 889.9 1089.1 875.2
1 0.34 982.6 682.2 971.7 694.7 944.8 671.3 955.7 658.8
1 0.7 535.3 336.2 525.6 346.6 502.6 325.2 512.3 314.8
1 0.53 565.1 464.4 567.9 477.4 534.8 484.5 532.0 471.5
1 0.38 1014.4 824.3 1000.0 834.4 978.5 803.7 992.9 793.6
1 0.39 853.7 584.5 842.9 596.0 820.7 575.3 831.4 563.7
1 0.45 945.8 640.7 945.8 658.4 905.9 658.4 905.9 640.7
1 0.47 948.0 760.6 935.8 772.8 909.9 746.9 922.1 734.7
1 0.48 662.7 432.4 652.2 446.3 625.3 426.0 635.8 412.1
1 0.48 1090.8 775.6 1107.6 781.0 1095.9 817.0 1079.2 811.6
1 0.51 888.5 695.4 877.8 707.4 849.3 681.7 860.1 669.8
1 0.52 883.9 716.6 873.0 728.7 846.9 705.2 857.8 693.2
1 0.54 505.7 313.7 496.5 324.3 473.6 304.4 482.8 293.8
1 0.63 543.2 454.5 531.8 464.2 510.8 439.1 522.2 429.5
1 0.57 767.1 621.1 756.9 633.7 727.8 610.1 737.9 597.5
1 0.58 868.4 577.9 877.9 590.5 847.9 613.1 838.4 600.5
1 0.59 982.6 680.6 972.4 694.1 943.6 672.3 953.7 658.8
1 0.59 832.6 561.9 822.9 574.8 795.4 554.1 805.1 541.2
1 0.6 630.9 512.8 622.6 525.0 594.7 506.1 602.9 493.9
1 0.6 797.9 536.7 788.1 549.2 764.4 530.7 774.2 518.1
1 0.6 773.5 511.7 765.7 523.2 739.7 505.7 747.5 494.1
1 0.63 998.2 685.6 1002.9 701.7 962.7 713.2 958.0 697.2
1 0.32 804.7 654.5 794.4 666.2 771.0 645.9 781.2 634.1
1 0.62 797.8 536.6 788.1 549.1 764.5 530.6 774.3 518.2
1 0.61 832.0 562.4 822.6 574.5 795.8 553.6 805.2 541.5
1 0.61 773.5 511.6 765.6 523.3 739.5 505.7 747.4 494.0
1 0.6 630.8 512.8 622.6 525.0 594.7 506.2 602.9 494.0
1 0.59 868.7 577.8 878.2 590.3 848.4 612.8 838.9 600.2
1 0.53 564.5 463.7 567.8 476.4 535.4 485.1 532.0 472.4
1 0.51 767.1 621.2 757.0 633.7 727.5 609.8 737.7 597.3
1 0.47 883.6 716.4 872.4 728.3 847.2 704.8 858.4 692.9
1 0.47 544.1 453.7 532.2 464.4 509.0 438.6 520.9 427.9
1 0.46 853.7 584.3 843.1 595.7 820.8 574.9 831.4 563.6
1 0.34 886.7 695.2 875.7 706.3 849.4 680.0 860.5 669.0
1 0.32 804.6 654.4 794.5 666.1 771.2 645.9 781.3 634.2
1 0.69 535.3 336.2 525.6 346.6 502.6 325.2 512.3 314.8
1 0.63 543.3 454.6 531.8 464.2 510.8 439.1 522.2 429.5
1 0.61 773.5 511.7 765.7 523.2 739.8 505.7 747.6 494.2
1 0.6 630.9 512.8 622.6 525.0 594.7 506.1 602.9 493.9
1 0.6 797.9 536.7 788.2 549.1 764.5 530.6 774.2 518.2
1 0.6 832.6 561.9 822.9 574.7 795.4 554.0 805.1 541.2
1 0.58 868.4 577.9 877.9 590.5 847.9 613.0 838.5 600.5
1 0.58 767.0 621.1 756.9 633.6 727.9 610.0 737.9 597.6
1 0.53 565.1 464.4 567.9 477.4 534.8 484.5 532.0 471.5
1 0.53 505.7 313.7 496.5 324.3 473.6 304.4 482.8 293.8
1 0.48 662.8 432.4 652.3 446.4 625.3 426.0 635.8 412.0
1 0.4 853.7 584.5 843.0 596.0 820.7 575.3 831.5 563.8
1 0.61 773.5 511.7 765.7 523.2 739.8 505.7 747.6 494.2
1 0.61 832.3 561.8 823.2 574.2 795.7 554.2 804.8 541.8
1 0.6 797.9 536.7 788.2 549.1 764.5 530.6 774.2 518.2
1 0.59 767.1 621.1 756.8 633.8 727.2 609.8 737.5 597.2
1 0.58 868.4 578.0 877.8 590.5 848.0 613.0 838.5 600.5
1 0.42 853.6 584.5 843.0 595.9 820.9 575.2 831.5 563.8
1 0.69 535.3 336.2 525.6 346.7 502.6 325.2 512.4 314.8
1 0.64 505.2 313.7 496.0 324.2 472.1 303.5 481.3 292.9
1 0.63 543.3 454.5 531.8 464.2 510.8 439.1 522.3 429.5
1 0.61 832.3 561.8 823.3 574.2 795.7 554.2 804.8 541.8
1 0.61 773.5 511.7 765.7 523.2 739.8 505.7 747.5 494.2
1 0.6 630.8 512.8 622.6 525.0 594.7 506.1 602.9 493.9
1 0.6 797.9 536.7 788.2 549.1 764.5 530.6 774.3 518.2
1 0.59 868.6 577.8 878.1 590.4 848.1 613.0 838.6 600.4
1 0.58 767.0 621.1 756.9 633.6 727.8 610.0 737.9 597.6
1 0.55 273.7 120.3 268.0 132.0 241.1 118.9 246.8 107.2
1 0.54 565.1 464.5 567.8 477.4 534.8 484.4 532.1 471.5
1 0.51 491.1 411.5 482.3 421.6 460.6 402.8 469.4 392.7
1 0.48 662.7 432.4 652.2 446.3 625.3 426.0 635.8 412.1
1 0.43 853.7 584.5 843.0 595.9 820.8 575.2 831.5 563.8
1 0.42 363.2 305.4 354.3 315.6 331.6 295.9 340.5 285.7
1 0.25 474.6 285.9 465.8 298.9 440.5 281.8 449.3 268.8
1 0.69 535.4 336.2 525.6 346.7 502.6 325.2 512.3 314.7
1 0.64 505.2 313.7 496.0 324.2 472.0 303.4 481.2 292.8
1 0.32 804.6 654.7 794.3 666.1 771.4 645.4 781.6 634.1
1 0.34 887.2 695.7 876.0 706.9 849.3 680.2 860.5 669.0
1 0.42 853.7 584.5 843.0 596.0 820.8 575.2 831.5 563.8
1 0.45 363.3 305.4 354.3 315.7 331.6 295.9 340.5 285.6
1 0.47 883.3 716.3 872.2 728.2 847.2 704.8 858.3 693.0
1 0.48 662.7 432.4 652.2 446.3 625.3 426.0 635.8 412.1
1 0.51 491.1 411.5 482.3 421.7 460.6 402.8 469.4 392.7
1 0.53 565.1 464.5 567.8 477.4 534.8 484.4 532.1 471.5
1 0.57 767.1 621.1 756.9 633.6 727.8 610.1 738.0 597.5
1 0.59 868.6 577.7 878.1 590.4 848.1 613.0 838.6 600.4
1 0.59 630.9 512.8 622.6 525.0 594.7 506.1 602.9 493.9
1 0.6 832.6 561.9 822.9 574.8 795.4 554.1 805.1 541.2
1 0.6 773.5 511.7 765.7 523.3 739.7 505.7 747.5 494.1
1 0.6 797.9 536.7 788.1 549.2 764.4 530.7 774.2 518.1
1 0.63 543.2 454.5 531.8 464.2 510.8 439.2 522.3 429.5
1 0.29 474.7 285.9 465.9 299.0 440.5 281.8 449.3 268.7
1 0.61 630.9 512.8 622.6 525.0 594.7 506.1 602.9 493.9
1 0.54 564.5 463.7 567.9 476.4 535.4 485.1 532.0 472.4
1 0.48 544.2 453.7 532.2 464.5 508.9 438.6 520.9 427.9
1 0.63 998.2 685.6 1002.8 701.7 962.7 713.3 958.0 697.2
1 0.52 883.9 716.7 873.1 728.6 847.1 705.2 857.8 693.2
1 0.36 1014.5 824.3 1000.1 834.3 978.6 803.6 993.0 793.5
1 0.41 853.7 584.5 843.0 596.0 820.7 575.3 831.5 563.8
1 0.45 945.8 640.7 945.8 658.4 905.9 658.4 905.9 640.7
1 0.47 948.0 760.6 935.8 772.8 909.8 746.8 922.1 734.6
1 0.48 1090.8 775.6 1107.7 781.0 1096.0 817.1 1079.1 811.6
1 0.51 888.5 695.4 877.8 707.3 849.3 681.7 860.0 669.8
1 0.53 1189.5 840.0 1191.4 857.2 1156.4 860.9 1154.6 843.7
1 0.61 797.9 536.7 788.1 549.2 764.4 530.7 774.2 518.1
1 0.55 1171.9 818.1 1171.3 834.8 1133.4 833.5 1134.0 816.8
1 0.58 868.4 577.9 877.9 590.5 847.9 613.1 838.4 600.5
1 0.58 767.2 621.1 756.9 633.9 727.2 609.9 737.6 597.1
1 0.59 982.6 680.6 972.4 694.1 943.6 672.3 953.7 658.8
1 0.61 832.5 561.8 822.8 574.7 795.4 554.1 805.1 541.2
1 0.61 773.5 511.6 765.7 523.2 739.7 505.7 747.5 494.1
1 0.36 804.6 654.5 794.4 666.3 771.0 645.9 781.2 634.1
1 0.58 998.3 685.7 1002.9 701.5 963.4 712.8 958.9 697.0
1 0.55 1171.9 818.1 1171.3 834.8 1133.4 833.5 1134.0 816.8
1 0.53 1189.5 840.0 1191.3 857.2 1156.5 860.9 1154.6 843.7
1 0.48 1090.8 775.6 1107.7 781.1 1096.0 817.1 1079.1 811.6
1 0.37 1014.5 824.3 1000.0 834.4 978.5 803.6 992.9 793.5
1 0.35 982.5 682.1 971.6 694.6 944.9 671.4 955.8 658.9
1 0.69 535.4 336.2 525.6 346.7 502.6 325.2 512.4 314.7
1 0.54 565.1 464.4 567.9 477.4 534.8 484.5 532.0 471.4
1 0.27 648.6 133.9 637.0 142.3 619.2 117.8 630.8 109.4
1 0.33 182.4 161.8 168.9 163.2 166.7 141.7 180.1 140.2
1 0.35 143.7 231.9 151.9 241.3 128.3 261.7 120.1 252.3
1 0.37 363.3 305.4 354.3 315.7 331.5 296.0 340.5 285.6
1 0.46 243.8 105.7 232.1 112.5 216.8 86.0 228.5 79.3
1 0.5 491.1 411.5 482.2 421.7 460.5 402.8 469.4 392.6
1 0.56 168.6 168.2 182.5 171.5 176.0 199.7 162.0 196.5
1 0.64 505.1 313.6 496.0 324.2 472.1 303.5 481.3 292.9
1 0.57 273.6 120.3 267.9 132.0 241.5 119.1 247.2 107.4
1 0.58 176.4 106.4 163.6 112.3 150.8 84.7 163.5 78.8
1 0.58 158.5 197.6 172.8 200.9 165.8 231.1 151.5 227.8
1 0.61 630.9 512.8 622.6 525.0 594.7 506.1 602.9 493.9
1 0.62 157.9 43.1 145.6 46.9 137.6 20.6 149.9 16.8
1 0.62 543.3 454.5 531.8 464.2 510.7 439.2 522.3 429.5
1 0.26 474.6 285.9 465.8 298.9 440.5 281.9 449.3 268.8
1 0.63 998.0 685.8 1002.6 701.8 962.8 713.2 958.2 697.2
1 0.63 797.8 536.6 788.0 549.1 764.5 530.7 774.2 518.1
1 0.35 804.6 654.5 794.3 666.3 771.0 646.0 781.3 634.2
1 0.35 1124.9 898.5 1115.4 913.1 1079.5 889.8 1089.0 875.2
1 0.39 1014.2 824.2 1000.1 834.1 978.7 803.6 992.9 793.7
1 0.45 853.7 584.3 843.0 595.8 820.7 575.0 831.4 563.5
1 0.46 945.7 640.8 945.7 658.4 906.0 658.4 906.0 640.8
1 0.46 1090.7 775.8 1107.5 781.3 1095.9 817.0 1079.1 811.5
1 0.47 1189.6 839.9 1191.5 857.4 1156.0 861.1 1154.2 843.6
1 0.48 948.1 760.7 935.9 772.9 909.9 746.8 922.1 734.6
1 0.51 888.4 695.4 877.8 707.2 849.3 681.5 860.0 669.8
1 0.53 1167.0 935.5 1156.0 950.0 1123.6 925.6 1134.5 911.1
1 0.54 1171.8 818.1 1171.2 834.7 1133.5 833.4 1134.1 816.8
1 0.54 883.7 716.6 873.0 728.5 847.2 705.2 857.9 693.3
1 0.57 767.2 621.1 756.9 633.9 727.1 609.8 737.4 597.0
1 0.58 868.5 577.9 878.0 590.5 848.2 612.9 838.7 600.3
1 0.59 982.7 680.6 972.6 694.1 943.7 672.3 953.9 658.8
1 0.62 832.0 562.4 822.6 574.5 795.7 553.6 805.2 541.5
1 0.62 773.5 511.6 765.6 523.3 739.4 505.7 747.3 494.0
1 0.26 849.8 692.7 837.2 705.3 814.7 682.7 827.3 670.1
1 0.7 535.3 336.2 525.6 346.6 502.6 325.2 512.4 314.8
1 0.64 505.2 313.6 496.0 324.2 472.1 303.5 481.3 292.9
1 0.63 543.2 454.5 531.8 464.2 510.8 439.2 522.3 429.5
1 0.61 630.8 512.8 622.6 525.0 594.7 506.1 602.9 493.9
1 0.54 565.1 464.4 567.9 477.4 534.8 484.5 532.0 471.5
1 0.5 491.1 411.5 482.2 421.6 460.6 402.9 469.5 392.7
1 0.4 363.4 305.4 354.3 315.8 331.5 296.0 340.6 285.6
1 0.4 147.2 228.2 156.2 239.0 128.6 262.2 119.6 251.4
1 0.3 475.4 285.5 466.1 299.2 440.5 281.9 449.7 268.2
1 0.62 998.0 685.8 1002.5 701.8 962.8 713.2 958.2 697.2
1 0.51 888.4 695.4 877.8 707.2 849.4 681.6 860.0 669.8
1 0.32 804.6 654.4 794.3 666.3 770.9 646.0 781.3 634.1
1 0.41 1014.3 824.2 1000.0 834.2 978.7 803.7 992.9 793.7
1 0.43 853.8 584.3 843.0 595.9 820.6 575.0 831.4 563.4
1 0.46 945.7 640.8 945.7 658.4 905.9 658.4 905.9 640.8
1 0.47 544.2 453.7 532.2 464.5 508.9 438.6 520.9 427.9
1 0.48 948.1 760.7 935.9 772.9 909.8 746.9 922.1 734.6
1 0.5 1090.8 775.8 1107.4 781.2 1095.8 816.9 1079.2 811.5
1 0.51 767.2 621.2 757.0 633.8 727.5 609.9 737.7 597.3
1 0.61 797.8 536.5 788.0 549.1 764.5 530.7 774.3 518.1
1 0.54 564.5 463.7 567.9 476.4 535.4 485.1 531.9 472.4
1 0.54 883.7 716.5 872.9 728.5 847.1 705.3 857.9 693.3
1 0.58 868.5 577.9 878.0 590.5 848.2 613.0 838.7 600.3
1 0.59 982.7 680.6 972.6 694.0 943.8 672.3 953.9 658.9
1 0.6 630.8 512.8 622.6 525.0 594.7 506.2 602.9 493.9
1 0.6 832.5 561.9 822.8 574.7 795.3 554.0 805.0 541.2
1 0.61 773.5 511.6 765.6 523.3 739.5 505.7 747.4 494.0
1 0.25 849.9 692.7 837.2 705.3 814.7 682.8 827.3 670.2
