1 0.51 1108.2 600.9 1121.4 605.2 1111.1 636.9 1097.9 632.6
1 0.63 1344.0 120.5 1356.1 124.4 1347.7 150.2 1335.6 146.3
1 0.62 1295.3 263.2 1307.9 266.8 1299.6 295.5 1287.1 291.9
1 0.59 1309.7 227.7 1321.7 232.1 1311.7 259.7 1299.6 255.4
1 0.59 1293.1 74.5 1305.0 79.0 1294.5 106.3 1282.6 101.8
1 0.58 1330.3 159.8 1343.1 163.4 1335.5 189.9 1322.7 186.2
1 0.57 1319.2 198.7 1331.6 203.3 1322.5 228.3 1310.0 223.8
1 0.54 1305.3 40.4 1317.2 45.2 1306.2 72.4 1294.3 67.6
1 0.53 1282.3 303.0 1295.0 307.1 1285.3 336.9 1272.6 332.8
1 0.49 1356.9 86.7 1368.5 90.5 1360.6 114.9 1349.0 111.1
1 0.49 1386.9 -8.3 1399.5 -3.4 1388.6 24.8 1376.0 20.0
1 0.29 1316.8 1.6 1330.2 6.4 1317.8 40.5 1304.4 35.6
1 0.62 1016.4 860.1 1029.8 864.5 1019.6 896.0 1006.1 891.6
1 0.62 984.1 949.6 999.4 955.5 985.4 992.0 970.1 986.1
1 0.44 1155.8 459.2 1168.8 462.9 1161.2 489.3 1148.2 485.6
1 0.45 1149.2 489.3 1161.6 493.3 1152.0 522.9 1139.6 518.8
1 0.48 1155.9 623.0 1168.2 627.0 1159.6 653.4 1147.3 649.4
1 0.53 1093.2 644.9 1106.0 649.8 1094.4 680.0 1081.6 675.1
1 0.56 1101.3 775.6 1115.1 780.0 1103.4 815.9 1089.7 811.4
1 0.57 1108.5 600.6 1121.2 604.8 1111.0 636.0 1098.3 631.9
1 0.58 1179.7 603.0 1193.2 607.4 1182.9 639.3 1169.3 634.9
1 0.59 1032.5 815.4 1045.7 820.5 1033.7 851.6 1020.5 846.5
1 0.59 1098.0 850.3 1113.0 856.1 1100.0 890.1 1084.9 884.4
1 0.59 1078.9 683.5 1093.2 688.1 1082.6 720.9 1068.3 716.3
1 0.61 1001.7 904.5 1016.6 910.3 1002.9 946.1 987.9 940.4
1 0.61 1153.8 683.1 1168.7 688.0 1157.5 722.7 1142.5 717.8
1 0.61 1052.0 981.6 1068.0 986.8 1055.8 1024.3 1039.8 1019.1
1 0.61 1109.4 816.9 1123.5 821.5 1113.4 852.7 1099.3 848.1
1 0.61 1219.0 490.2 1232.6 494.7 1222.3 526.3 1208.7 521.9
1 0.62 1167.2 641.0 1181.6 645.7 1170.8 679.1 1156.4 674.4
1 0.62 1193.6 566.1 1206.8 571.2 1195.6 600.2 1182.4 595.1
1 0.36 963.7 1010.8 978.3 1016.4 964.3 1052.6 949.8 1047.0
1 0.64 1234.1 242.6 1246.3 247.5 1235.4 274.6 1223.2 269.7
1 0.55 1101.3 775.9 1115.3 780.5 1103.7 816.1 1089.7 811.6
1 0.31 1243.3 411.2 1257.9 416.3 1247.6 446.3 1233.0 441.2
1 0.31 1016.3 859.5 1031.3 863.8 1022.2 895.6 1007.2 891.3
1 0.43 1149.2 488.9 1161.7 492.9 1152.0 522.8 1139.5 518.8
1 0.43 1195.5 353.8 1208.0 357.8 1200.4 381.3 1187.9 377.2
1 0.45 1155.8 459.3 1168.7 463.0 1161.3 489.1 1148.4 485.4
1 0.45 869.5 734.8 884.2 741.7 866.4 779.9 851.7 773.0
1 0.47 1097.4 849.7 1113.7 856.3 1099.2 892.1 1082.9 885.5
1 0.48 1171.9 417.3 1185.6 422.6 1173.7 453.4 1160.1 448.2
1 0.5 1155.8 623.0 1168.3 627.1 1159.7 653.6 1147.2 649.6
1 0.52 1093.2 644.9 1106.0 649.8 1094.4 679.9 1081.7 675.0
1 0.54 1194.6 295.2 1205.4 303.7 1186.4 328.0 1175.6 319.5
1 0.56 1108.4 600.7 1121.2 604.8 1111.0 636.0 1098.3 631.9
1 0.63 1295.3 263.2 1307.9 266.8 1299.7 295.5 1287.1 291.9
1 0.58 1032.5 815.2 1045.8 820.3 1033.8 851.6 1020.5 846.5
1 0.59 1179.9 602.2 1193.8 606.7 1183.2 639.5 1169.3 635.0
1 0.59 1109.4 816.3 1123.9 821.1 1113.6 853.0 1099.1 848.3
1 0.59 1259.4 373.5 1273.1 378.7 1261.5 408.9 1247.8 403.7
1 0.6 1183.3 385.1 1196.8 389.4 1186.6 420.6 1173.1 416.2
1 0.6 1078.9 683.3 1093.3 688.0 1082.6 720.9 1068.2 716.2
1 0.6 1153.8 683.0 1168.9 687.9 1157.5 722.8 1142.5 717.9
1 0.61 1219.0 490.2 1232.6 494.6 1222.3 526.2 1208.7 521.8
1 0.62 1167.2 641.2 1181.5 645.9 1170.8 678.9 1156.5 674.2
1 0.62 1281.7 302.7 1295.1 307.0 1285.6 336.4 1272.2 332.0
1 0.62 1193.6 566.0 1206.9 571.1 1195.7 600.2 1182.4 595.1
1 0.3 1307.8 227.3 1320.3 230.9 1312.0 259.7 1299.6 256.1
1 0.65 1234.2 243.1 1246.0 247.9 1235.3 274.5 1223.4 269.7
1 0.58 1259.4 373.5 1273.0 378.7 1261.5 408.9 1247.8 403.7
1 0.29 1316.8 1.7 1330.2 6.5 1317.8 40.5 1304.4 35.6
1 0.51 1386.9 -8.2 1399.4 -3.4 1388.6 24.9 1376.0 20.0
1 0.51 1356.9 86.8 1368.5 90.5 1360.6 114.9 1349.0 111.1
1 0.52 1212.1 224.2 1224.8 227.1 1217.9 256.9 1205.2 254.0
1 0.54 1305.3 40.4 1317.2 45.2 1306.2 72.4 1294.3 67.6
1 0.57 1330.2 159.8 1343.1 163.4 1335.5 189.9 1322.7 186.2
1 0.58 1255.9 186.9 1267.1 191.3 1257.0 217.6 1245.8 213.3
1 0.64 1344.0 120.5 1356.1 124.4 1347.7 150.2 1335.6 146.3
1 0.59 1319.2 198.8 1331.5 203.3 1322.5 228.3 1310.1 223.7
1 0.59 1309.7 227.7 1321.7 232.1 1311.7 259.7 1299.6 255.3
1 0.59 1293.0 74.6 1305.0 79.2 1294.5 106.4 1282.6 101.8
1 0.6 1219.1 490.2 1232.7 494.6 1222.4 526.2 1208.8 521.8
1 0.62 1281.8 302.7 1295.1 307.0 1285.6 336.3 1272.3 332.0
1 0.62 1295.3 263.2 1307.9 266.8 1299.6 295.5 1287.1 291.9
1 0.28 1237.6 162.4 1248.1 168.2 1234.8 192.2 1224.3 186.4
1 0.63 1234.2 242.6 1246.3 247.5 1235.4 274.5 1223.2 269.6
1 0.63 1295.4 263.2 1307.9 266.8 1299.7 295.5 1287.1 291.9
1 0.3 1307.9 227.3 1320.3 230.8 1312.0 259.7 1299.6 256.1
1 0.34 1016.3 859.6 1031.1 863.8 1022.1 895.3 1007.3 891.1
1 0.44 1149.2 488.9 1161.7 492.9 1152.0 522.8 1139.5 518.8
1 0.44 1195.5 353.7 1208.1 357.8 1200.4 381.3 1187.9 377.2
1 0.45 1155.8 459.3 1168.8 463.0 1161.3 489.2 1148.3 485.4
1 0.47 1097.4 849.7 1113.7 856.3 1099.2 892.0 1083.0 885.5
1 0.49 1171.9 417.4 1185.5 422.6 1173.7 453.4 1160.1 448.2
1 0.5 1155.8 623.1 1168.3 627.1 1159.7 653.6 1147.2 649.6
1 0.53 1093.2 644.9 1106.0 649.8 1094.5 679.9 1081.7 675.0
1 0.55 1194.6 295.2 1205.4 303.7 1186.4 328.0 1175.6 319.5
1 0.56 1101.3 775.8 1115.0 780.3 1103.5 815.8 1089.7 811.4
1 0.57 1108.5 600.7 1121.2 604.8 1111.0 636.0 1098.3 631.9
1 0.58 1179.9 602.2 1193.8 606.8 1183.2 639.5 1169.3 635.0
1 0.59 1032.5 815.2 1045.8 820.3 1033.8 851.6 1020.5 846.5
1 0.6 1259.4 373.5 1273.0 378.8 1261.5 408.9 1247.8 403.7
1 0.6 1078.9 683.4 1093.3 688.0 1082.6 720.9 1068.2 716.2
1 0.6 1109.4 816.8 1123.6 821.5 1113.4 852.9 1099.2 848.2
1 0.6 1183.3 385.1 1196.7 389.4 1186.6 420.6 1173.1 416.2
1 0.6 1153.8 683.0 1168.9 687.9 1157.5 722.8 1142.4 717.9
1 0.61 1219.0 490.3 1232.6 494.7 1222.3 526.2 1208.8 521.8
1 0.62 1281.8 302.7 1295.1 307.0 1285.6 336.4 1272.2 332.0
1 0.62 1167.2 641.2 1181.5 645.9 1170.8 678.9 1156.5 674.2
1 0.62 1193.6 566.0 1206.8 571.1 1195.7 600.2 1182.4 595.1
1 0.29 1243.3 411.2 1257.9 416.3 1247.6 446.3 1232.9 441.3
1 0.6 1078.9 683.3 1093.3 688.0 1082.6 720.9 1068.2 716.2
1 0.59 1108.8 816.9 1123.1 821.5 1113.0 852.6 1098.7 848.0
1 0.58 1032.5 815.2 1045.8 820.3 1033.8 851.6 1020.5 846.5
1 0.57 1101.4 775.6 1115.6 780.2 1103.9 816.2 1089.7 811.5
1 0.56 1108.3 600.9 1121.2 605.1 1111.1 636.3 1098.2 632.1
1 0.53 1093.3 644.9 1106.0 649.8 1094.5 679.9 1081.7 675.0
1 0.48 1097.5 849.7 1113.5 856.3 1099.2 891.7 1083.1 885.2
1 0.42 869.5 734.7 884.3 741.6 866.4 780.0 851.6 773.1
1 0.32 1016.3 859.5 1031.2 863.8 1022.2 895.4 1007.3 891.1
1 0.45 869.3 735.3 884.1 742.2 866.5 779.8 851.8 773.0
1 0.48 231.0 860.6 212.3 861.6 210.2 821.5 228.9 820.6
1 0.6 684.2 980.7 685.7 997.0 647.8 1000.3 646.4 984.0
1 0.46 869.5 735.0 884.3 741.9 866.6 779.8 851.8 772.9
1 0.63 1295.4 263.2 1307.9 266.8 1299.7 295.5 1287.1 291.9
1 0.53 1282.4 303.0 1295.0 307.1 1285.3 336.8 1272.7 332.7
1 0.31 1307.9 227.3 1320.3 230.8 1312.0 259.6 1299.6 256.1
1 0.61 149.2 865.4 166.6 867.8 161.5 903.9 144.1 901.4
1 0.59 83.7 922.4 85.3 938.1 47.9 942.0 46.3 926.4
1 0.55 182.2 1061.5 165.5 1062.9 162.4 1027.8 179.1 1026.4
1 0.54 57.6 1015.5 59.3 1031.4 20.6 1035.5 18.9 1019.6
1 0.53 231.0 860.4 212.4 861.3 210.3 821.7 228.9 820.7
1 0.47 74.2 1066.3 75.4 1083.3 36.9 1086.0 35.7 1069.0
1 0.46 169.6 857.7 186.1 859.1 183.1 893.5 166.6 892.0
1 0.45 112.8 865.8 128.6 867.2 125.7 900.2 109.9 898.8
1 0.42 128.3 865.5 144.3 866.9 141.5 900.0 125.4 898.6
1 0.64 1234.2 242.6 1246.3 247.5 1235.3 274.6 1223.2 269.7
1 0.62 1295.3 263.2 1307.9 266.8 1299.7 295.5 1287.1 291.9
1 0.62 1281.8 302.7 1295.1 307.0 1285.6 336.4 1272.2 332.0
1 0.6 1219.1 490.2 1232.6 494.6 1222.4 526.2 1208.8 521.8
1 0.58 1259.4 373.5 1273.1 378.7 1261.5 408.9 1247.8 403.7
1 0.29 1307.9 227.1 1320.3 230.6 1312.0 259.7 1299.6 256.1
1 0.29 1212.5 225.8 1225.3 229.5 1217.1 258.1 1204.3 254.4
1 0.62 1193.6 566.1 1206.8 571.2 1195.7 600.1 1182.5 595.1
1 0.62 1167.2 641.0 1181.6 645.7 1170.8 679.1 1156.3 674.4
1 0.44 1155.8 459.2 1168.8 463.0 1161.2 489.2 1148.3 485.5
1 0.45 1149.2 489.3 1161.6 493.3 1152.0 522.8 1139.6 518.8
1 0.48 869.5 734.7 884.4 741.6 866.5 780.0 851.7 773.0
1 0.49 1156.4 623.0 1168.6 627.4 1159.1 653.5 1146.9 649.0
1 0.5 964.1 1010.8 978.4 1016.3 964.9 1051.6 950.5 1046.1
1 0.53 1093.2 644.9 1106.0 649.8 1094.4 680.0 1081.6 675.1
1 0.55 1101.3 775.5 1115.1 780.0 1103.4 815.9 1089.7 811.4
1 0.56 1108.4 600.6 1121.2 604.8 1111.0 636.1 1098.3 631.9
1 0.58 1032.5 815.4 1045.7 820.5 1033.8 851.6 1020.5 846.5
1 0.59 1179.9 602.4 1193.7 606.8 1183.1 639.5 1169.3 635.1
1 0.59 1097.9 850.3 1113.0 856.1 1100.0 890.2 1084.9 884.4
1 0.59 1078.9 683.5 1093.2 688.1 1082.6 720.9 1068.3 716.2
1 0.6 1109.4 816.9 1123.5 821.5 1113.4 852.7 1099.2 848.1
1 0.6 1052.0 981.6 1067.9 986.8 1055.8 1024.2 1039.8 1019.0
1 0.6 1001.7 904.5 1016.6 910.3 1002.9 946.1 987.9 940.4
1 0.61 1153.8 683.1 1168.8 688.0 1157.5 722.7 1142.5 717.8
1 0.61 1016.4 860.1 1029.9 864.5 1019.6 896.1 1006.1 891.7
1 0.61 1219.0 490.2 1232.6 494.7 1222.3 526.3 1208.7 521.9
1 0.61 984.1 949.5 999.4 955.4 985.4 992.0 970.1 986.2
1 0.25 1233.9 444.0 1247.3 449.2 1237.1 475.8 1223.7 470.6
1 0.64 1234.1 243.1 1246.0 247.9 1235.3 274.5 1223.4 269.7
1 0.64 1343.9 120.5 1356.1 124.4 1347.7 150.2 1335.6 146.3
1 0.29 1316.6 2.1 1330.0 6.9 1317.8 40.4 1304.4 35.6
1 0.44 1195.6 353.8 1208.0 357.9 1200.4 381.3 1188.0 377.2
1 0.44 1149.3 488.9 1161.7 493.0 1152.0 522.8 1139.6 518.8
1 0.45 1155.8 459.4 1168.7 463.1 1161.3 489.1 1148.4 485.4
1 0.47 1212.1 224.3 1224.8 227.2 1218.0 256.7 1205.3 253.8
1 0.49 1171.9 417.4 1185.5 422.6 1173.7 453.4 1160.1 448.1
1 0.5 1386.8 -8.1 1399.4 -3.3 1388.6 24.8 1376.1 20.0
1 0.51 1356.9 86.8 1368.5 90.5 1360.6 114.8 1349.0 111.1
1 0.53 1305.3 40.5 1317.2 45.2 1306.2 72.4 1294.3 67.6
1 0.55 1194.7 295.3 1205.4 303.6 1186.4 327.9 1175.7 319.5
1 0.56 1107.8 600.7 1120.7 604.5 1111.6 636.3 1098.6 632.6
1 0.56 1179.8 602.2 1193.8 606.8 1182.8 640.7 1168.8 636.2
1 0.57 1255.8 186.9 1267.1 191.3 1257.0 217.6 1245.7 213.2
1 0.58 1330.3 159.8 1343.1 163.4 1335.5 189.9 1322.7 186.2
1 0.58 1293.0 74.6 1305.0 79.2 1294.5 106.4 1282.6 101.8
1 0.59 1319.1 198.7 1331.6 203.3 1322.5 228.3 1310.0 223.7
1 0.59 1259.4 373.6 1273.0 378.8 1261.5 408.9 1247.8 403.7
1 0.59 1309.6 227.7 1321.7 232.1 1311.7 259.7 1299.6 255.3
1 0.6 1183.3 385.0 1196.8 389.4 1186.6 420.6 1173.1 416.2
1 0.61 1219.0 490.3 1232.6 494.7 1222.3 526.2 1208.8 521.8
1 0.61 1281.8 302.7 1295.1 307.0 1285.6 336.4 1272.2 332.0
1 0.62 1193.6 566.1 1206.8 571.2 1195.6 600.1 1182.5 595.1
1 0.62 1295.4 263.2 1307.9 266.8 1299.7 295.5 1287.1 291.9
1 0.29 1243.3 411.3 1257.9 416.3 1247.6 446.3 1233.0 441.2
1 0.61 1219.0 490.2 1232.6 494.6 1222.3 526.3 1208.7 521.9
1 0.62 1016.4 860.1 1029.8 864.5 1019.6 896.0 1006.1 891.7
1 0.62 984.1 949.6 999.4 955.5 985.4 992.0 970.1 986.2
1 0.61 1052.0 981.6 1068.0 986.8 1055.8 1024.3 1039.8 1019.1
1 0.6 1001.7 904.5 1016.6 910.3 1002.9 946.1 987.9 940.4
1 0.59 684.3 980.7 685.7 997.0 647.8 1000.3 646.4 984.0
1 0.59 1078.9 683.5 1093.2 688.1 1082.6 720.9 1068.3 716.3
1 0.59 1097.9 850.4 1113.0 856.1 1099.9 890.1 1084.9 884.4
1 0.59 1108.9 816.8 1123.2 821.5 1113.1 852.5 1098.8 847.8
1 0.58 1032.5 815.4 1045.7 820.5 1033.8 851.6 1020.5 846.5
1 0.57 1101.4 775.5 1115.6 780.1 1103.9 816.2 1089.7 811.6
1 0.56 1108.3 601.0 1121.2 605.2 1111.1 636.3 1098.2 632.1
1 0.53 1093.2 644.9 1106.0 649.8 1094.4 680.0 1081.6 675.1
1 0.5 964.1 1010.8 978.4 1016.3 964.9 1051.7 950.5 1046.2
1 0.46 869.5 734.7 884.4 741.7 866.5 780.0 851.6 773.1
1 0.64 1344.5 120.2 1356.8 124.6 1347.4 150.4 1335.2 146.0
1 0.64 1234.1 243.1 1246.0 247.9 1235.3 274.5 1223.3 269.7
1 0.31 1243.3 411.1 1258.0 416.2 1247.6 446.3 1232.9 441.2
1 0.43 1149.3 488.9 1161.7 493.0 1152.0 522.8 1139.6 518.8
1 0.43 1195.5 353.8 1208.0 357.9 1200.4 381.2 1187.9 377.2
1 0.45 1155.8 459.4 1168.7 463.1 1161.3 489.1 1148.4 485.4
1 0.47 1212.1 224.2 1224.9 227.2 1218.1 256.7 1205.3 253.8
1 0.48 1171.9 417.3 1185.6 422.5 1173.7 453.4 1160.1 448.2
1 0.53 1305.3 40.5 1317.2 45.2 1306.2 72.4 1294.3 67.6
1 0.55 1194.6 295.2 1205.4 303.7 1186.4 327.9 1175.7 319.5
1 0.56 1108.3 600.7 1121.2 604.9 1111.0 636.4 1098.1 632.2
1 0.57 1179.8 602.2 1193.8 606.8 1182.8 640.7 1168.8 636.1
1 0.57 1255.8 186.9 1267.1 191.2 1257.0 217.6 1245.7 213.3
1 0.58 1330.3 159.7 1343.1 163.4 1335.6 189.9 1322.7 186.2
1 0.58 1293.0 74.6 1305.0 79.2 1294.5 106.4 1282.6 101.8
1 0.59 1259.4 373.5 1273.0 378.8 1261.5 408.9 1247.8 403.7
1 0.59 1319.1 198.8 1331.6 203.3 1322.5 228.2 1310.0 223.7
1 0.59 1309.7 227.7 1321.8 232.1 1311.7 259.7 1299.6 255.3
1 0.59 1183.3 385.1 1196.7 389.4 1186.6 420.5 1173.2 416.2
1 0.61 1219.0 490.3 1232.6 494.7 1222.3 526.2 1208.8 521.8
1 0.62 1281.8 302.7 1295.1 307.0 1285.6 336.4 1272.2 332.0
1 0.62 1295.3 263.2 1307.9 266.8 1299.7 295.5 1287.1 291.9
1 0.62 1193.6 566.2 1206.8 571.2 1195.7 600.1 1182.5 595.1
1 0.28 1316.7 1.9 1330.0 6.8 1317.8 40.5 1304.5 35.6
