1 0.65 879.7 465.4 865.4 466.6 862.6 434.7 876.9 433.5
1 0.57 847.8 393.9 834.0 396.6 828.0 365.4 841.7 362.7
1 0.48 961.5 643.1 947.3 645.6 941.4 611.7 955.6 609.2
1 0.4 906.2 172.2 894.3 173.4 891.8 149.7 903.7 148.5
1 0.38 853.9 479.9 840.9 481.2 838.1 454.4 851.1 453.1
1 0.65 879.7 465.4 865.4 466.6 862.6 434.7 876.9 433.5
1 0.63 960.9 642.3 947.5 644.7 941.7 611.9 955.1 609.5
1 0.61 919.7 721.7 905.0 726.4 894.3 693.4 908.9 688.6
1 0.57 847.8 393.9 834.0 396.6 827.9 365.3 841.7 362.7
1 0.55 1011.9 866.4 996.4 867.8 993.3 832.4 1008.8 831.1
1 0.51 959.7 728.9 944.3 731.7 938.6 699.3 954.0 696.6
1 0.38 853.9 479.9 840.9 481.3 838.0 454.4 851.1 453.0
1 0.64 795.7 935.4 778.4 937.5 773.6 898.7 790.9 896.6
1 0.57 879.7 465.1 865.4 466.6 862.0 433.8 876.3 432.3
1 0.45 853.7 479.9 840.6 481.1 838.3 454.4 851.4 453.3
1 0.64 795.7 935.4 778.4 937.5 773.6 898.7 790.9 896.5
1 0.64 960.9 642.3 947.6 644.7 941.8 612.1 955.1 609.8
1 0.61 919.7 721.6 905.0 726.4 894.2 693.3 908.9 688.5
1 0.56 1011.9 866.3 996.4 867.6 993.3 832.5 1008.8 831.1
1 0.52 880.7 464.9 865.4 466.8 861.3 433.6 876.6 431.7
1 0.51 959.7 728.9 944.2 731.7 938.5 699.1 954.0 696.4
1 0.41 853.9 479.7 840.9 481.1 838.1 454.6 851.1 453.2
1 0.67 879.5 465.3 865.4 466.6 862.7 434.8 876.8 433.5
1 0.58 847.9 394.0 834.0 396.7 827.9 365.3 841.8 362.6
1 0.4 854.0 480.0 840.8 481.4 838.0 454.4 851.1 453.0
1 0.65 795.7 935.4 778.4 937.5 773.6 898.7 790.9 896.6
1 0.64 960.9 642.3 947.6 644.7 941.8 612.1 955.1 609.8
1 0.61 919.6 721.6 905.0 726.4 894.3 693.4 908.9 688.6
1 0.55 1011.9 866.3 996.4 867.7 993.3 832.5 1008.8 831.1
1 0.53 880.7 464.9 865.4 466.8 861.3 433.6 876.6 431.7
1 0.51 959.7 728.9 944.3 731.6 938.6 699.2 954.0 696.5
1 0.43 853.9 479.7 840.9 481.1 838.1 454.6 851.1 453.2
1 0.67 879.5 465.4 865.4 466.6 862.7 434.8 876.7 433.6
1 0.58 847.9 394.0 834.0 396.7 827.9 365.3 841.8 362.6
1 0.41 853.9 480.0 840.9 481.3 838.0 454.4 851.1 453.0
1 0.55 1011.9 866.3 996.3 867.7 993.2 832.4 1008.8 831.1
1 0.65 879.7 465.4 865.4 466.6 862.6 434.7 876.9 433.5
1 0.57 847.8 393.9 834.0 396.6 827.9 365.4 841.7 362.7
1 0.49 961.5 643.0 947.3 645.5 941.4 611.8 955.5 609.3
1 0.41 906.2 172.2 894.3 173.5 891.8 149.7 903.8 148.5
1 0.38 853.9 479.9 840.9 481.3 838.1 454.4 851.1 453.1
1 0.54 1012.0 866.5 996.4 867.9 993.3 832.4 1008.9 831.1
1 0.53 19.9 159.7 35.0 161.8 30.8 191.4 15.7 189.3
1 0.65 879.7 465.4 865.4 466.6 862.6 434.7 876.9 433.4
1 0.63 960.9 642.4 947.5 644.7 941.7 611.9 955.1 609.5
1 0.61 919.6 721.6 905.0 726.4 894.3 693.4 908.9 688.7
1 0.57 847.8 394.0 834.0 396.6 827.9 365.3 841.7 362.6
1 0.55 1011.9 866.4 996.4 867.8 993.3 832.5 1008.8 831.1
1 0.51 959.7 728.9 944.3 731.6 938.6 699.3 954.0 696.6
1 0.37 853.9 479.9 840.8 481.3 838.0 454.4 851.1 453.0
