1 0.65 821.6 578.2 807.1 579.5 804.2 546.4 818.7 545.1
1 0.64 844.6 828.3 829.2 830.2 824.9 795.3 840.3 793.5
1 0.54 900.8 705.3 885.9 707.1 881.8 673.8 896.7 672.0
1 0.32 823.1 339.2 808.2 340.2 805.6 303.2 820.5 302.2
1 0.56 1319.0 326.3 1329.4 336.0 1307.4 359.6 1297.1 349.9
1 0.32 1444.1 393.0 1430.1 395.4 1425.2 367.7 1439.2 365.2
1 0.27 1399.5 373.8 1400.1 390.5 1357.3 392.0 1356.7 375.3
1 0.65 821.6 578.2 807.2 579.4 804.3 546.4 818.7 545.1
1 0.64 844.6 828.3 829.2 830.2 824.9 795.3 840.3 793.4
1 0.34 823.7 339.1 808.1 340.5 804.9 303.3 820.5 302.0
1 0.65 821.6 578.2 807.2 579.4 804.3 546.4 818.7 545.2
1 0.61 853.0 235.3 839.3 236.5 836.7 206.2 850.4 205.0
1 0.61 908.0 34.2 895.7 37.2 889.2 11.2 901.5 8.1
1 0.6 1072.9 54.9 1074.1 69.0 1046.0 71.5 1044.7 57.4
1 0.56 810.2 7.3 823.1 12.2 813.3 37.8 800.4 32.8
1 0.56 1073.3 13.5 1073.8 27.6 1043.4 28.6 1042.9 14.5
1 0.51 862.1 76.7 849.0 79.2 843.9 53.0 857.0 50.5
1 0.46 925.6 32.6 911.8 34.8 907.7 9.2 921.6 7.0
1 0.44 1082.2 88.6 1082.7 100.7 1053.1 101.7 1052.7 89.6
1 0.44 867.0 138.8 853.4 141.5 848.0 113.4 861.6 110.8
1 0.43 1085.2 102.4 1085.9 114.7 1055.0 116.3 1054.3 104.0
1 0.42 1079.2 73.6 1080.2 85.6 1050.5 88.3 1049.4 76.2
1 0.38 862.1 107.3 847.4 108.8 844.4 80.6 859.1 79.0
1 0.34 1072.4 40.6 1072.4 52.6 1044.5 52.6 1044.5 40.6
1 0.34 1073.6 30.1 1073.3 41.8 1044.6 41.3 1044.8 29.6
1 0.33 823.6 338.9 808.2 340.3 805.0 303.6 820.4 302.3
1 0.65 821.6 578.2 807.2 579.4 804.3 546.4 818.7 545.1
1 0.62 853.0 235.3 839.4 236.5 836.7 206.2 850.4 205.0
1 0.55 810.2 7.3 823.1 12.2 813.3 37.8 800.4 32.8
1 0.52 861.8 77.6 848.5 79.7 844.3 53.3 857.6 51.2
1 0.47 867.1 138.9 853.5 141.6 848.0 113.4 861.6 110.7
1 0.4 862.1 107.3 847.6 108.8 844.6 80.6 859.1 79.1
1 0.34 823.6 339.0 808.2 340.3 805.0 303.6 820.4 302.3
1 0.65 821.6 578.2 807.2 579.4 804.3 546.4 818.7 545.1
1 0.45 867.0 138.8 853.4 141.4 848.0 113.4 861.5 110.8
1 0.34 823.6 338.9 808.2 340.3 805.0 303.6 820.4 302.3
1 0.34 1072.4 40.7 1072.4 52.6 1044.5 52.6 1044.5 40.7
1 0.4 862.1 107.3 847.4 108.8 844.5 80.5 859.1 79.0
1 0.4 1085.3 102.4 1085.9 114.8 1054.9 116.4 1054.2 104.0
1 0.41 1079.2 73.6 1080.3 85.6 1050.4 88.3 1049.4 76.2
1 0.42 1082.3 88.5 1082.7 100.7 1053.1 101.7 1052.7 89.6
1 0.48 925.6 32.6 911.8 34.8 907.7 9.2 921.6 7.0
1 0.62 853.0 235.3 839.4 236.5 836.7 206.2 850.4 205.0
1 0.51 862.1 76.7 849.0 79.2 843.9 53.0 857.0 50.5
1 0.54 1319.0 326.4 1329.4 336.1 1307.4 359.5 1297.1 349.9
1 0.55 1073.3 13.4 1073.8 27.6 1043.4 28.7 1042.9 14.5
1 0.56 810.2 7.3 823.1 12.2 813.3 37.7 800.4 32.8
1 0.59 1072.9 54.9 1074.2 69.0 1046.0 71.5 1044.8 57.4
1 0.61 908.0 34.1 895.7 37.2 889.2 11.2 901.5 8.1
1 0.33 1073.6 30.1 1073.4 41.8 1044.6 41.3 1044.8 29.6
1 0.56 1319.0 326.2 1329.5 336.0 1307.4 359.7 1296.9 349.9
1 0.33 1444.1 393.0 1430.0 395.5 1425.1 367.7 1439.2 365.2
1 0.26 1399.7 374.1 1400.0 390.9 1357.1 391.7 1356.8 374.8
1 0.66 821.6 578.2 807.1 579.5 804.3 546.5 818.7 545.2
1 0.63 844.6 828.4 829.2 830.3 824.9 795.2 840.3 793.4
1 0.57 834.6 987.2 818.6 990.3 811.1 952.2 827.2 949.1
1 0.66 821.6 578.2 807.1 579.5 804.3 546.5 818.7 545.2
1 0.63 844.6 828.4 829.2 830.3 824.9 795.3 840.3 793.4
1 0.57 834.6 987.2 818.6 990.3 811.2 952.2 827.2 949.1
1 0.54 900.8 705.3 885.9 707.1 881.8 673.9 896.7 672.1
1 0.65 821.6 578.2 807.1 579.5 804.3 546.4 818.7 545.1
1 0.64 844.6 828.3 829.2 830.2 824.9 795.3 840.3 793.4
1 0.56 1319.0 326.4 1329.3 336.0 1307.4 359.5 1297.1 349.9
1 0.55 900.8 705.3 885.9 707.2 881.8 673.8 896.7 672.0
1 0.33 823.1 339.1 808.2 340.2 805.6 303.2 820.5 302.2
1 0.55 1319.0 326.4 1329.4 336.0 1307.5 359.6 1297.1 349.9
1 0.3 1444.1 393.0 1430.2 395.4 1425.3 367.7 1439.2 365.2
1 0.56 1319.0 326.3 1329.4 336.1 1307.4 359.6 1297.0 349.9
1 0.31 1444.1 393.0 1430.1 395.4 1425.2 367.7 1439.2 365.2
1 0.66 821.6 578.2 807.1 579.5 804.3 546.5 818.7 545.2
1 0.63 844.6 828.4 829.2 830.3 824.9 795.2 840.3 793.3
1 0.57 834.6 987.2 818.5 990.3 811.1 952.2 827.2 949.0
1 0.55 900.8 705.3 885.9 707.2 881.8 673.9 896.7 672.1
1 0.55 1319.0 326.3 1329.4 336.0 1307.4 359.6 1297.0 349.9
1 0.33 1444.1 393.0 1430.0 395.5 1425.1 367.7 1439.2 365.2
1 0.58 1072.9 54.9 1074.1 69.1 1046.0 71.5 1044.7 57.4
1 0.55 1319.0 326.3 1329.4 336.1 1307.5 359.6 1297.0 349.9
1 0.52 1073.3 13.5 1073.8 27.6 1043.4 28.7 1042.9 14.5
1 0.38 1079.2 73.5 1080.3 85.6 1050.4 88.2 1049.3 76.1
1 0.38 1082.3 88.5 1082.8 100.7 1053.1 101.7 1052.7 89.6
1 0.35 1085.3 102.4 1085.9 114.7 1054.9 116.4 1054.2 104.0
1 0.32 1444.1 393.0 1430.1 395.4 1425.2 367.7 1439.2 365.2
1 0.32 1072.4 40.7 1072.4 52.6 1044.5 52.6 1044.5 40.7
1 0.3 1073.5 30.1 1073.3 41.7 1044.5 41.2 1044.7 29.6
