1 0.56 1010.1 787.4 994.7 788.2 992.9 753.5 1008.3 752.7
1 0.57 1010.1 787.5 994.7 788.3 992.9 753.5 1008.3 752.7
1 0.57 19.0 218.0 34.1 219.3 31.4 249.5 16.3 248.2
1 0.65 798.1 853.9 781.2 856.0 776.5 817.7 793.4 815.6
1 0.64 960.3 569.9 947.1 572.0 942.1 540.0 955.2 537.9
1 0.62 939.7 713.0 925.0 718.6 912.6 686.2 927.2 680.6
1 0.58 1010.1 787.4 994.7 788.2 992.9 753.6 1008.3 752.8
1 0.49 959.6 653.6 944.1 656.4 938.4 624.4 953.9 621.7
1 0.41 889.6 460.9 873.9 463.4 868.5 429.5 884.3 427.0
1 0.66 888.7 461.3 874.1 463.3 869.5 431.1 884.1 429.0
1 0.65 960.3 569.9 947.2 571.9 942.1 540.2 955.2 538.1
1 0.56 849.0 329.5 836.1 332.0 830.4 302.3 843.3 299.8
1 0.41 834.5 18.2 820.2 20.8 814.8 -9.7 829.1 -12.2
1 0.39 908.4 115.0 894.9 116.0 893.2 92.3 906.7 91.3
1 0.32 854.6 412.4 841.2 413.4 839.4 386.6 852.7 385.7
1 0.63 798.1 853.9 781.3 856.0 776.6 817.7 793.4 815.6
1 0.59 849.0 329.5 836.2 332.0 830.4 302.3 843.3 299.8
1 0.43 887.5 460.0 874.3 462.6 868.3 432.0 881.6 429.4
1 0.37 854.6 412.4 841.3 413.3 839.4 386.6 852.7 385.7
1 0.64 798.1 854.0 781.2 856.1 776.4 817.7 793.4 815.6
1 0.66 888.7 461.3 874.0 463.4 869.5 431.1 884.1 429.0
1 0.65 960.3 569.9 947.1 571.9 942.1 540.2 955.2 538.1
1 0.64 798.1 853.9 781.3 856.0 776.6 817.7 793.4 815.6
1 0.62 939.7 713.0 925.1 718.6 912.7 686.3 927.3 680.7
1 0.58 1010.0 787.4 994.7 788.2 992.9 753.5 1008.2 752.7
1 0.57 849.0 329.5 836.1 332.0 830.3 302.2 843.2 299.7
1 0.5 959.1 653.9 944.7 656.7 938.5 624.8 953.0 622.0
1 0.32 854.6 412.4 841.2 413.4 839.3 386.6 852.8 385.6
1 0.59 849.0 329.5 836.2 332.0 830.4 302.3 843.3 299.8
1 0.44 887.5 460.0 874.3 462.6 868.4 432.0 881.6 429.4
1 0.41 834.6 18.3 820.2 20.8 814.7 -9.9 829.2 -12.5
1 0.37 854.5 412.3 841.3 413.3 839.5 386.7 852.7 385.7
1 0.65 798.1 853.9 781.2 856.0 776.5 817.7 793.4 815.7
1 0.64 960.3 569.9 947.1 572.0 942.1 540.0 955.2 537.9
1 0.62 939.7 713.0 925.0 718.6 912.6 686.2 927.2 680.6
1 0.58 1010.1 787.4 994.7 788.2 992.9 753.5 1008.3 752.7
1 0.51 959.5 653.6 944.1 656.3 938.5 624.4 953.9 621.7
1 0.41 889.7 461.0 873.9 463.5 868.4 429.3 884.3 426.8
1 0.66 888.7 461.3 874.0 463.4 869.5 431.1 884.1 429.0
1 0.65 960.3 569.9 947.1 571.9 942.1 540.2 955.2 538.1
1 0.64 798.1 853.9 781.3 856.0 776.6 817.7 793.4 815.6
1 0.62 939.7 713.0 925.1 718.6 912.7 686.3 927.3 680.7
1 0.58 849.0 329.5 836.1 332.0 830.3 302.3 843.2 299.7
1 0.57 1010.0 787.4 994.7 788.2 992.9 753.5 1008.2 752.7
1 0.49 959.1 653.9 944.7 656.7 938.5 624.8 953.0 622.0
1 0.33 854.6 412.4 841.2 413.4 839.3 386.6 852.7 385.6
1 0.66 888.7 461.3 874.1 463.3 869.5 431.1 884.1 429.0
1 0.66 960.3 569.9 947.2 571.9 942.1 540.2 955.2 538.1
1 0.57 849.0 329.4 836.1 331.9 830.4 302.3 843.2 299.8
1 0.41 834.5 18.2 820.2 20.8 814.8 -9.7 829.2 -12.3
1 0.38 908.4 115.0 894.9 115.9 893.2 92.3 906.7 91.3
1 0.33 854.6 412.4 841.2 413.3 839.4 386.6 852.7 385.7
