1 0.65 829.7 556.3 815.1 557.5 812.2 524.9 826.8 523.7
1 0.62 855.6 807.0 840.2 808.9 835.9 774.2 851.3 772.3
1 0.58 835.8 868.6 820.2 871.6 812.9 834.2 828.5 831.1
1 0.53 900.0 599.1 885.8 600.3 883.0 568.4 897.2 567.2
1 0.63 1307.6 236.6 1318.7 245.9 1298.7 269.7 1287.6 260.4
1 0.32 1381.3 280.4 1384.4 296.3 1347.4 303.5 1344.3 287.6
1 0.31 1431.7 301.0 1418.3 303.3 1413.9 278.3 1427.3 275.9
1 0.38 275.3 260.5 276.7 280.1 243.9 282.4 242.5 262.8
1 0.64 1309.5 236.8 1319.7 246.4 1298.2 269.5 1288.0 259.9
1 0.26 1381.3 280.2 1384.5 296.3 1347.4 303.5 1344.2 287.5
1 0.64 1307.6 236.8 1318.6 246.0 1298.8 269.6 1287.8 260.4
1 0.31 1431.7 301.0 1418.3 303.3 1413.9 278.3 1427.3 275.9
1 0.31 1381.2 280.4 1384.3 296.3 1347.4 303.4 1344.3 287.6
1 0.65 829.7 556.3 815.1 557.6 812.2 524.9 826.8 523.7
1 0.63 854.0 149.6 840.6 150.7 838.0 120.8 851.4 119.6
1 0.46 867.1 57.1 853.8 59.7 848.6 32.7 861.8 30.1
1 0.41 864.0 26.1 847.7 29.0 842.1 -2.6 858.4 -5.5
1 0.3 275.6 261.0 276.0 280.7 242.9 281.3 242.6 261.6
1 0.25 827.5 272.4 813.0 273.7 809.8 238.2 824.4 236.9
1 0.64 829.7 556.3 815.2 557.6 812.3 524.9 826.8 523.6
1 0.62 855.5 807.0 840.2 808.8 836.0 774.2 851.3 772.4
1 0.59 835.8 868.4 820.3 871.4 813.1 834.5 828.6 831.5
1 0.5 842.1 974.1 827.3 975.4 824.5 942.7 839.2 941.4
1 0.65 829.7 556.3 815.1 557.5 812.2 524.9 826.8 523.7
1 0.62 854.0 149.6 840.6 150.7 838.0 120.8 851.4 119.6
1 0.54 900.0 599.1 885.8 600.3 883.0 568.4 897.2 567.2
1 0.42 867.0 57.0 853.8 59.6 848.6 32.8 861.8 30.2
1 0.37 863.8 26.1 847.6 29.0 842.0 -2.4 858.3 -5.3
1 0.64 829.7 556.3 815.1 557.6 812.3 524.9 826.8 523.6
1 0.62 855.5 807.0 840.2 808.8 836.0 774.2 851.3 772.4
1 0.59 835.7 868.4 820.3 871.4 813.1 834.5 828.6 831.5
1 0.52 900.0 599.0 885.8 600.3 883.0 568.5 897.3 567.2
1 0.48 842.0 974.1 827.3 975.4 824.5 942.7 839.2 941.4
1 0.63 1309.5 236.8 1319.8 246.3 1298.2 269.5 1287.9 260.0
1 0.26 1381.3 280.3 1384.4 296.3 1347.4 303.5 1344.3 287.5
1 0.62 1309.5 236.8 1319.7 246.4 1298.2 269.4 1288.0 259.9
1 0.65 829.7 556.3 815.1 557.5 812.3 524.9 826.8 523.7
1 0.63 1309.5 236.9 1319.7 246.4 1298.2 269.4 1288.0 259.9
1 0.62 854.0 149.6 840.6 150.7 838.0 120.8 851.3 119.6
1 0.54 900.0 599.1 885.8 600.3 883.0 568.4 897.2 567.1
1 0.44 866.9 57.0 853.9 59.5 848.7 32.8 861.7 30.3
1 0.38 863.8 26.1 847.7 28.9 842.1 -2.4 858.3 -5.3
1 0.63 1307.6 236.7 1318.6 246.0 1298.8 269.6 1287.8 260.4
1 0.3 1431.7 301.0 1418.3 303.3 1413.9 278.3 1427.3 275.9
1 0.29 1381.3 280.3 1384.4 296.3 1347.4 303.5 1344.3 287.5
1 0.65 829.7 556.3 815.2 557.6 812.3 524.9 826.8 523.6
1 0.62 855.5 807.0 840.2 808.8 836.0 774.2 851.3 772.3
1 0.59 835.8 868.4 820.3 871.4 813.1 834.5 828.6 831.5
1 0.52 900.0 599.0 885.8 600.3 883.0 568.5 897.3 567.3
1 0.49 842.0 974.1 827.3 975.4 824.5 942.7 839.2 941.4
1 0.66 829.7 556.3 815.1 557.5 812.3 525.0 826.8 523.7
1 0.64 1307.7 236.9 1318.5 246.0 1298.8 269.5 1288.0 260.4
1 0.62 855.6 807.0 840.2 808.9 835.9 774.1 851.3 772.3
1 0.58 835.8 868.6 820.2 871.6 812.9 834.2 828.5 831.1
1 0.53 900.0 599.1 885.8 600.3 883.0 568.4 897.2 567.2
1 0.66 829.7 556.2 815.1 557.5 812.3 525.0 826.8 523.7
1 0.62 855.6 807.0 840.2 808.9 835.9 774.1 851.3 772.2
1 0.59 835.8 868.6 820.2 871.7 812.9 834.2 828.5 831.1
1 0.4 275.5 260.1 276.9 280.1 243.5 282.5 242.1 262.4
