1 0.53 1095.8 1040.0 1096.4 1057.0 1057.3 1058.3 1056.7 1041.4
1 0.66 799.8 939.0 783.2 943.1 774.2 907.1 790.8 903.0
1 0.65 755.6 724.8 740.2 726.1 737.2 692.0 752.6 690.6
1 0.62 777.0 1060.7 760.7 1062.7 756.1 1025.3 772.4 1023.3
1 0.53 1095.8 1040.0 1096.4 1056.9 1057.3 1058.3 1056.7 1041.3
1 0.52 844.2 725.4 828.9 726.7 826.0 693.6 841.3 692.2
1 0.66 799.8 939.0 783.2 943.1 774.2 907.1 790.8 903.0
1 0.65 755.6 724.8 740.2 726.1 737.2 692.0 752.6 690.6
1 0.62 777.0 1060.8 760.7 1062.8 756.1 1025.2 772.4 1023.2
1 0.53 844.2 725.4 828.9 726.7 826.0 693.6 841.3 692.2
1 0.52 1095.9 1039.9 1096.5 1057.0 1057.2 1058.3 1056.6 1041.3
1 0.66 799.8 939.0 783.2 943.1 774.2 907.1 790.8 903.0
1 0.65 755.6 724.8 740.2 726.1 737.2 692.0 752.6 690.6
1 0.62 777.0 1060.7 760.7 1062.7 756.1 1025.3 772.4 1023.3
1 0.54 844.2 725.3 828.9 726.7 826.0 693.6 841.3 692.2
1 0.65 755.6 724.7 740.2 726.1 737.2 691.9 752.6 690.6
1 0.56 844.3 725.2 828.9 726.5 826.0 693.5 841.4 692.1
1 0.65 755.6 724.7 740.2 726.0 737.2 691.9 752.6 690.6
1 0.54 844.3 725.2 828.9 726.6 826.0 693.5 841.4 692.1
1 0.66 755.6 724.7 740.2 726.1 737.2 691.9 752.6 690.5
1 0.55 844.3 725.2 828.9 726.6 826.0 693.5 841.4 692.1
