1 0.64 1143.7 995.5 1145.7 1011.7 1109.8 1016.1 1107.9 999.8
1 0.62 1143.0 1041.4 1143.0 1056.5 1109.7 1056.5 1109.7 1041.4
1 0.57 1143.1 1018.6 1143.1 1034.6 1107.4 1034.6 1107.4 1018.6
1 0.56 1079.6 914.8 1080.2 932.2 1039.6 933.6 1039.0 916.3
1 0.52 1144.8 1062.4 1146.1 1077.4 1113.1 1080.3 1111.8 1065.3
1 0.45 1135.4 975.6 1137.1 992.3 1101.8 996.0 1100.0 979.3
1 0.66 796.5 842.2 780.7 847.0 770.4 813.3 786.2 808.5
1 0.6 754.5 711.2 739.0 713.1 734.8 678.3 750.2 676.4
1 0.35 832.5 616.8 818.8 617.8 816.7 587.2 830.4 586.3
1 0.37 832.5 616.7 818.9 617.7 816.8 587.3 830.4 586.4
1 0.66 938.9 1028.0 920.6 1031.6 912.8 991.6 931.1 988.1
1 0.66 796.5 842.0 780.1 847.0 769.8 813.3 786.2 808.2
1 0.64 1143.7 995.5 1145.7 1011.7 1109.9 1016.1 1107.9 999.9
1 0.62 1143.0 1041.4 1143.0 1056.5 1109.7 1056.5 1109.7 1041.4
1 0.6 960.5 1021.1 942.5 1024.3 935.7 985.8 953.7 982.6
1 0.59 754.5 711.1 739.0 713.0 734.7 678.3 750.2 676.4
1 0.56 1143.1 1018.6 1143.1 1034.5 1107.5 1034.5 1107.5 1018.6
1 0.56 1079.6 914.8 1080.2 932.2 1039.7 933.6 1039.1 916.2
1 0.54 778.0 1043.2 761.6 1045.2 756.9 1007.0 773.4 1005.0
1 0.52 1144.8 1062.4 1146.1 1077.4 1113.1 1080.3 1111.8 1065.3
1 0.44 1135.4 975.7 1137.1 992.2 1101.9 995.9 1100.2 979.4
1 0.41 880.6 1093.0 862.8 1096.2 856.2 1059.0 874.0 1055.9
1 0.36 832.6 616.7 818.8 617.6 816.7 587.2 830.4 586.2
1 0.37 832.5 616.8 818.9 617.7 816.8 587.3 830.4 586.3
1 0.66 938.9 1028.0 920.6 1031.6 912.8 991.6 931.1 988.1
1 0.66 796.4 841.9 780.1 846.9 769.8 813.3 786.1 808.3
1 0.6 960.5 1021.1 942.5 1024.3 935.7 985.8 953.7 982.6
1 0.59 754.5 711.1 739.1 712.9 734.8 678.4 750.2 676.5
1 0.56 1079.7 914.7 1080.3 932.2 1039.5 933.6 1038.9 916.1
1 0.54 778.0 1043.2 761.6 1045.2 756.9 1007.0 773.3 1005.0
1 0.42 880.6 1093.0 862.9 1096.1 856.3 1059.0 874.0 1055.9
1 0.37 832.6 616.7 818.9 617.6 816.7 587.2 830.5 586.2
1 0.66 796.5 842.2 780.7 847.0 770.4 813.3 786.2 808.5
1 0.59 753.9 711.5 738.4 712.9 735.4 678.0 750.8 676.7
1 0.37 832.5 616.8 818.9 617.8 816.8 587.2 830.4 586.3
1 0.66 796.5 842.2 780.7 847.0 770.4 813.3 786.2 808.5
1 0.6 753.9 711.5 738.4 712.8 735.4 678.0 750.8 676.7
1 0.36 832.6 616.8 818.9 617.8 816.7 587.2 830.5 586.3
1 0.66 796.4 841.9 780.1 846.9 769.8 813.3 786.1 808.3
1 0.59 754.5 711.1 739.0 713.0 734.8 678.3 750.2 676.5
1 0.55 778.0 1043.2 761.6 1045.2 756.9 1007.1 773.3 1005.1
1 0.4 880.2 1092.5 863.0 1095.6 856.6 1059.4 873.9 1056.3
1 0.38 832.5 616.7 818.9 617.6 816.8 587.2 830.4 586.2
1 0.35 832.5 616.7 818.9 617.7 816.8 587.3 830.4 586.3
