1 0.63 1385.8 954.0 1398.9 964.6 1375.7 993.1 1362.7 982.6
1 0.54 1531.6 1035.0 1516.8 1038.7 1508.4 1005.0 1523.1 1001.3
1 0.53 1463.7 1011.9 1468.9 1027.9 1434.7 1039.0 1429.5 1023.0
1 0.61 862.1 629.3 847.4 631.6 842.3 599.6 857.0 597.3
1 0.61 853.9 836.1 838.3 838.0 833.9 801.8 849.4 799.9
1 0.61 805.4 483.9 792.2 488.4 782.1 459.1 795.3 454.5
1 0.61 775.6 655.3 760.5 656.3 758.1 622.8 773.2 621.7
1 0.6 869.1 709.3 853.2 712.1 847.1 677.9 863.1 675.1
1 0.58 740.2 435.2 724.9 437.9 719.5 407.6 734.8 404.9
1 0.54 863.1 667.9 845.4 669.5 842.3 634.3 860.0 632.7
1 0.39 852.9 776.3 835.0 778.5 830.4 741.4 848.3 739.2
1 0.36 804.7 781.9 788.2 782.8 786.2 744.0 802.7 743.1
1 0.65 1103.2 548.1 1104.4 562.2 1071.8 565.0 1070.5 550.9
1 0.61 1109.4 624.4 1109.4 638.6 1076.6 638.6 1076.6 624.4
1 0.6 1103.5 603.1 1104.8 618.1 1073.8 620.8 1072.5 605.9
1 0.55 1045.8 481.3 1046.6 496.4 1009.7 498.3 1008.9 483.2
1 0.54 1103.4 567.5 1103.4 581.5 1070.8 581.5 1070.8 567.5
1 0.5 1101.5 586.0 1101.5 598.9 1071.6 598.9 1071.6 586.0
1 0.49 1096.5 532.1 1097.6 545.1 1066.8 547.8 1065.6 534.8
1 0.62 797.3 948.2 780.8 949.6 777.5 912.0 794.0 910.6
1 0.62 853.9 836.1 838.3 838.0 833.8 801.8 849.4 799.9
1 0.61 806.0 483.3 791.9 488.4 781.4 459.3 795.5 454.2
1 0.6 862.3 629.1 847.1 631.5 842.0 599.4 857.3 597.0
1 0.6 775.5 655.4 760.5 656.4 758.2 622.8 773.2 621.8
1 0.6 869.2 709.4 853.2 712.2 847.1 677.8 863.1 674.9
1 0.55 863.0 668.0 845.3 669.5 842.3 634.4 860.0 632.9
1 0.39 804.8 782.3 788.3 783.1 786.2 744.3 802.8 743.4
1 0.38 853.6 776.3 835.7 779.1 829.8 741.9 847.7 739.0
1 0.65 1103.2 548.1 1104.4 562.2 1071.7 565.1 1070.5 550.9
1 0.6 1110.1 623.7 1110.1 638.4 1076.9 638.4 1076.9 623.7
1 0.6 1103.5 603.1 1104.8 618.1 1073.7 620.8 1072.4 605.9
1 0.59 1115.0 644.4 1115.5 657.7 1083.6 658.8 1083.1 645.5
1 0.55 1045.7 480.9 1046.7 496.1 1009.8 498.6 1008.8 483.5
1 0.55 1117.2 662.4 1117.2 676.5 1083.3 676.5 1083.3 662.4
1 0.54 1103.4 567.5 1103.4 581.5 1070.7 581.5 1070.7 567.5
1 0.5 1101.5 586.0 1101.5 598.9 1071.6 598.9 1071.6 586.0
1 0.49 1096.4 532.2 1097.6 545.1 1066.8 547.8 1065.6 534.8
1 0.64 1103.3 548.0 1104.5 562.3 1071.6 565.2 1070.4 550.9
1 0.62 1109.6 623.6 1109.9 638.1 1077.1 638.7 1076.9 624.1
1 0.37 804.8 782.3 788.2 783.1 786.2 744.3 802.8 743.5
1 0.5 1101.7 585.9 1101.7 599.0 1071.5 599.0 1071.5 585.9
1 0.51 1096.5 532.1 1097.6 545.2 1066.8 547.9 1065.6 534.8
1 0.54 862.9 667.8 845.2 669.4 842.2 634.4 859.8 632.8
1 0.56 936.0 569.9 919.9 572.7 914.4 541.4 930.5 538.6
1 0.56 1045.6 480.8 1046.7 496.1 1009.5 498.7 1008.5 483.4
1 0.56 1103.4 567.4 1103.4 581.5 1070.7 581.5 1070.7 567.4
1 0.58 1116.2 662.5 1116.2 676.4 1083.3 676.4 1083.3 662.5
1 0.59 869.2 709.3 853.1 712.2 847.1 677.8 863.1 674.9
1 0.6 862.3 629.0 847.0 631.5 841.9 599.5 857.2 597.0
1 0.61 775.5 655.4 760.5 656.4 758.2 622.8 773.2 621.8
1 0.61 1103.4 603.2 1104.7 618.1 1073.8 620.8 1072.5 605.9
1 0.61 806.0 483.2 791.9 488.4 781.4 459.4 795.5 454.2
1 0.62 916.4 574.8 900.6 577.9 894.0 544.1 909.8 541.0
1 0.62 853.9 836.1 838.3 838.1 833.8 801.8 849.4 799.9
1 0.62 1114.6 644.4 1115.0 657.7 1083.7 658.8 1083.2 645.4
1 0.62 797.3 948.2 780.8 949.7 777.5 912.0 794.0 910.6
1 0.37 853.6 776.3 835.7 779.1 829.8 741.8 847.7 739.0
1 0.62 1385.8 954.0 1398.9 964.6 1375.8 993.1 1362.7 982.6
1 0.52 1463.7 1011.9 1468.9 1027.9 1434.7 1039.1 1429.4 1023.0
1 0.51 1531.6 1035.1 1516.8 1038.8 1508.3 1004.9 1523.1 1001.2
1 0.65 1103.2 548.1 1104.4 562.2 1071.7 565.1 1070.5 550.9
1 0.62 805.4 483.9 792.2 488.4 782.1 459.1 795.3 454.5
1 0.62 916.3 574.6 900.5 577.7 894.0 544.0 909.8 540.9
1 0.62 1109.3 624.4 1109.3 638.6 1076.6 638.6 1076.6 624.4
1 0.61 862.5 629.6 847.1 632.0 841.9 599.5 857.3 597.1
1 0.61 1103.5 603.1 1104.9 618.1 1073.8 620.8 1072.5 605.8
1 0.58 739.6 435.7 724.9 438.1 720.0 407.3 734.8 405.0
1 0.55 936.1 570.0 919.9 572.9 914.3 541.3 930.5 538.5
1 0.55 1045.8 481.2 1046.6 496.4 1009.6 498.3 1008.8 483.1
1 0.55 1103.4 567.5 1103.4 581.5 1070.7 581.5 1070.7 567.5
1 0.51 1101.6 585.9 1101.6 599.0 1071.6 599.0 1071.6 585.9
1 0.51 1096.5 532.1 1097.7 545.2 1066.7 547.9 1065.6 534.8
1 0.27 775.9 653.1 759.6 654.5 756.8 622.6 773.1 621.2
1 0.26 821.8 234.4 809.0 235.3 807.0 207.8 819.9 206.9
1 0.64 1103.2 548.1 1104.4 562.2 1071.8 565.1 1070.5 550.9
1 0.62 805.4 483.9 792.2 488.4 782.1 459.1 795.3 454.5
1 0.62 916.3 574.6 900.6 577.6 894.0 544.1 909.8 541.0
1 0.61 862.5 629.6 847.1 632.0 842.0 599.6 857.3 597.1
1 0.61 739.0 436.0 724.5 437.8 720.7 406.9 735.2 405.1
1 0.61 1109.4 624.4 1109.4 638.6 1076.7 638.6 1076.7 624.4
1 0.59 1103.5 603.1 1104.8 618.0 1073.8 620.8 1072.5 605.9
1 0.55 936.1 570.0 919.8 572.9 914.3 541.4 930.5 538.5
1 0.54 1045.8 481.2 1046.6 496.4 1009.7 498.3 1008.9 483.2
1 0.53 1103.4 567.5 1103.4 581.5 1070.8 581.5 1070.8 567.5
1 0.5 1101.6 585.9 1101.6 598.9 1071.6 598.9 1071.6 585.9
1 0.48 1096.5 532.2 1097.6 545.2 1066.8 547.8 1065.7 534.9
1 0.27 775.9 653.1 759.6 654.5 756.8 622.6 773.1 621.2
1 0.25 821.8 234.3 809.0 235.2 807.1 207.8 819.9 206.9
1 0.63 1103.3 548.0 1104.5 562.3 1071.7 565.1 1070.4 550.9
1 0.62 797.3 948.2 780.8 949.7 777.5 912.0 794.0 910.6
1 0.38 804.8 782.3 788.3 783.1 786.2 744.3 802.8 743.4
1 0.49 1101.6 585.9 1101.6 598.9 1071.6 598.9 1071.6 585.9
1 0.49 1096.5 532.2 1097.6 545.2 1066.8 547.8 1065.7 534.8
1 0.53 862.9 667.8 845.2 669.3 842.2 634.4 859.8 632.8
1 0.54 1117.3 662.3 1117.3 676.6 1083.4 676.6 1083.4 662.3
1 0.55 1103.4 567.4 1103.4 581.5 1070.8 581.5 1070.8 567.4
1 0.55 936.0 569.9 919.9 572.7 914.4 541.4 930.5 538.6
1 0.56 1045.6 480.9 1046.7 496.1 1009.6 498.7 1008.5 483.5
1 0.59 1115.0 644.3 1115.5 657.7 1083.7 658.8 1083.2 645.4
1 0.6 869.1 709.2 853.2 712.0 847.2 677.8 863.1 675.0
1 0.6 1103.4 603.2 1104.7 618.1 1073.8 620.8 1072.5 605.9
1 0.61 862.2 629.0 847.0 631.4 841.9 599.5 857.2 597.1
1 0.61 775.5 655.4 760.5 656.4 758.1 622.8 773.2 621.7
1 0.61 1110.0 623.8 1110.0 638.4 1077.0 638.4 1077.0 623.8
1 0.61 853.9 836.2 838.3 838.1 833.8 801.8 849.4 799.9
1 0.62 806.0 483.2 791.9 488.3 781.4 459.4 795.5 454.2
1 0.62 916.4 574.8 900.6 577.8 894.0 544.1 909.8 541.0
1 0.36 853.6 776.3 835.7 779.1 829.8 741.9 847.7 739.1
1 0.64 1103.2 548.0 1104.5 562.3 1071.7 565.1 1070.5 550.9
1 0.63 1385.8 954.0 1398.9 964.6 1375.8 993.1 1362.7 982.6
1 0.61 1110.0 623.8 1110.0 638.5 1077.0 638.5 1077.0 623.8
1 0.6 1103.4 603.2 1104.7 618.1 1073.8 620.8 1072.5 605.9
1 0.58 1115.0 644.3 1115.5 657.7 1083.6 658.8 1083.2 645.4
1 0.56 1045.6 480.9 1046.7 496.1 1009.6 498.7 1008.5 483.5
1 0.56 1103.4 567.4 1103.4 581.5 1070.8 581.5 1070.8 567.4
1 0.54 1531.6 1035.0 1516.8 1038.7 1508.4 1005.0 1523.1 1001.3
1 0.53 1463.7 1011.9 1468.9 1027.9 1434.7 1039.0 1429.5 1023.0
1 0.52 1117.3 662.3 1117.3 676.6 1083.3 676.6 1083.3 662.3
1 0.5 1096.5 532.1 1097.6 545.1 1066.8 547.8 1065.7 534.8
1 0.49 1101.6 585.9 1101.6 598.9 1071.5 598.9 1071.5 585.9
1 0.64 1103.2 548.1 1104.4 562.2 1071.7 565.1 1070.5 550.9
1 0.62 805.5 483.9 792.2 488.4 782.1 459.1 795.3 454.5
1 0.36 852.9 776.3 835.0 778.5 830.4 741.4 848.3 739.2
1 0.48 1096.4 532.2 1097.6 545.1 1066.8 547.8 1065.7 534.9
1 0.49 1101.5 586.0 1101.5 598.8 1071.6 598.8 1071.6 586.0
1 0.53 863.0 667.8 845.3 669.4 842.2 634.2 859.9 632.7
1 0.53 1103.4 567.5 1103.4 581.5 1070.8 581.5 1070.8 567.5
1 0.54 1045.8 481.2 1046.6 496.4 1009.7 498.3 1008.9 483.2
1 0.55 936.1 570.1 919.8 572.9 914.2 541.3 930.5 538.4
1 0.55 1117.2 662.4 1117.2 676.5 1083.4 676.5 1083.4 662.4
1 0.59 869.0 709.1 853.2 711.9 847.2 678.0 863.0 675.2
1 0.59 1115.0 644.4 1115.4 657.7 1083.7 658.8 1083.2 645.5
1 0.6 1103.5 603.2 1104.8 618.1 1073.8 620.8 1072.5 605.9
1 0.6 1110.1 623.8 1110.1 638.3 1077.0 638.3 1077.0 623.8
1 0.61 739.0 436.0 724.5 437.7 720.7 406.9 735.2 405.1
1 0.61 775.6 655.3 760.5 656.3 758.1 622.8 773.2 621.7
1 0.61 853.9 836.2 838.3 838.1 833.8 801.8 849.4 799.9
1 0.61 862.0 629.2 847.3 631.5 842.3 599.7 856.9 597.3
1 0.61 916.4 574.6 900.5 577.7 894.0 544.0 909.8 540.9
1 0.35 804.7 781.9 788.2 782.8 786.2 744.0 802.7 743.2
1 0.65 1103.2 548.0 1104.4 562.2 1071.6 565.1 1070.4 550.9
1 0.62 1114.5 644.4 1115.0 657.7 1083.6 658.8 1083.2 645.5
1 0.37 852.9 776.3 835.0 778.5 830.4 741.4 848.3 739.2
1 0.51 1101.6 585.9 1101.6 599.0 1071.5 599.0 1071.5 585.9
1 0.51 1096.5 532.1 1097.6 545.1 1066.7 547.9 1065.6 534.8
1 0.53 863.0 667.8 845.3 669.4 842.2 634.2 859.9 632.7
1 0.55 1103.4 567.5 1103.4 581.5 1070.6 581.5 1070.6 567.5
1 0.55 1045.9 481.2 1046.6 496.4 1009.6 498.3 1008.8 483.1
1 0.55 936.1 570.1 919.8 572.9 914.2 541.3 930.5 538.4
1 0.58 740.2 435.2 724.8 437.9 719.5 407.6 734.8 404.9
1 0.59 1116.0 662.6 1116.0 676.3 1083.3 676.3 1083.3 662.6
1 0.59 869.1 709.3 853.1 712.1 847.1 677.8 863.1 675.0
1 0.61 853.9 836.2 838.3 838.1 833.8 801.8 849.5 799.8
1 0.61 775.6 655.3 760.5 656.3 758.1 622.8 773.2 621.7
1 0.61 1103.5 603.1 1104.8 618.1 1073.7 620.8 1072.4 605.8
1 0.61 862.0 629.3 847.3 631.6 842.2 599.6 856.9 597.3
1 0.62 1109.8 623.8 1109.8 638.3 1076.9 638.3 1076.9 623.8
1 0.62 916.4 574.6 900.5 577.7 894.0 544.0 909.8 540.9
1 0.62 805.5 483.9 792.2 488.4 782.1 459.0 795.3 454.5
1 0.34 804.7 781.9 788.2 782.8 786.2 744.0 802.7 743.2
1 0.61 805.4 483.9 792.2 488.4 782.1 459.1 795.3 454.5
1 0.61 862.6 629.7 847.3 632.2 842.1 599.4 857.4 597.0
1 0.58 740.2 435.2 724.9 438.0 719.5 407.6 734.8 404.9
1 0.27 821.9 234.4 809.0 235.3 807.0 207.8 819.9 206.9
1 0.26 775.9 653.2 759.6 654.6 756.8 622.6 773.1 621.1
