1 0.64 1119.7 820.9 1120.9 835.5 1089.2 838.3 1087.9 823.7
1 0.61 1131.5 865.1 1132.8 879.4 1100.8 882.2 1099.5 867.9
1 0.59 1117.9 801.9 1117.9 815.5 1086.7 815.5 1086.7 801.9
1 0.59 1119.1 760.9 1120.3 775.3 1086.3 778.3 1085.1 763.9
1 0.58 1118.8 781.9 1118.6 796.4 1084.5 795.8 1084.8 781.3
1 0.54 1125.5 843.1 1125.5 858.0 1092.3 858.0 1092.3 843.1
1 0.5 1057.3 686.7 1057.6 702.3 1019.8 703.0 1019.5 687.4
1 0.46 1112.3 741.9 1113.8 756.5 1081.4 759.9 1079.9 745.3
1 0.68 762.8 683.0 747.3 684.9 743.2 650.9 758.6 649.0
1 0.67 798.6 658.2 783.3 662.9 773.5 630.8 788.8 626.2
1 0.65 923.0 789.8 906.4 792.7 900.0 756.3 916.6 753.4
1 0.64 1119.7 820.9 1121.0 835.5 1089.1 838.3 1087.8 823.6
1 0.62 1131.5 865.0 1132.8 879.4 1100.5 882.3 1099.3 867.9
1 0.61 751.3 841.2 735.0 843.8 729.5 809.1 745.8 806.5
1 0.6 1117.9 801.8 1117.9 815.6 1086.6 815.6 1086.6 801.8
1 0.59 1118.9 781.9 1118.6 796.4 1084.4 795.9 1084.7 781.3
1 0.59 1119.1 760.9 1120.3 775.3 1086.2 778.3 1085.0 763.9
1 0.57 1125.6 843.0 1125.6 858.1 1092.1 858.1 1092.1 843.0
1 0.54 943.8 783.8 927.2 786.8 921.2 752.4 937.8 749.5
1 0.54 867.8 848.7 852.1 851.4 846.1 817.6 861.8 814.8
1 0.5 1057.4 686.1 1058.0 702.5 1019.7 703.9 1019.2 687.5
1 0.48 1112.3 741.8 1113.9 756.5 1081.3 759.9 1079.8 745.2
1 0.26 869.1 891.4 851.5 892.9 848.2 855.6 865.8 854.1
1 0.63 1119.8 820.9 1121.1 835.6 1089.1 838.4 1087.8 823.7
1 0.6 1117.8 801.8 1117.8 815.5 1086.6 815.5 1086.6 801.8
1 0.6 1131.3 865.1 1132.1 879.2 1099.0 881.0 1098.2 866.9
1 0.6 1119.1 760.9 1120.3 775.3 1086.4 778.2 1085.1 763.9
1 0.58 1118.8 782.0 1118.5 796.4 1084.6 795.8 1084.8 781.4
1 0.57 1125.7 842.9 1125.7 858.1 1092.1 858.1 1092.1 842.9
1 0.52 1134.0 885.2 1134.0 900.3 1098.8 900.3 1098.8 885.2
1 0.5 1057.3 686.8 1057.6 702.3 1019.7 703.0 1019.4 687.5
1 0.48 1112.3 741.9 1113.8 756.4 1081.4 759.8 1079.9 745.3
1 0.68 762.7 683.0 747.3 684.9 743.2 650.9 758.6 649.0
1 0.66 798.5 658.2 783.3 662.9 773.5 630.8 788.8 626.2
1 0.6 751.3 841.2 735.1 843.7 729.6 809.1 745.8 806.5
1 0.54 867.8 848.7 852.1 851.5 846.1 817.5 861.8 814.7
1 0.26 869.5 892.4 851.5 894.0 848.2 855.7 866.1 854.1
1 0.67 798.5 658.2 783.2 662.8 773.5 630.9 788.8 626.2
1 0.67 762.8 683.1 747.3 685.0 743.1 650.8 758.6 648.9
1 0.43 858.1 1008.8 839.6 1011.7 833.4 972.4 851.9 969.5
1 0.45 804.5 955.4 788.0 956.5 785.0 913.3 801.5 912.1
1 0.49 1112.3 741.8 1113.8 756.5 1081.3 759.9 1079.8 745.3
1 0.5 858.6 1077.3 841.5 1079.1 837.3 1038.7 854.3 1036.9
1 0.5 1057.5 686.1 1058.1 702.5 1019.6 703.9 1019.1 687.5
1 0.51 1134.0 885.2 1134.0 900.3 1098.7 900.3 1098.7 885.2
1 0.54 943.5 783.7 926.8 786.4 921.3 751.7 938.0 749.0
1 0.54 867.8 848.8 852.0 851.5 846.1 817.7 861.8 814.9
1 0.55 869.1 891.8 851.3 893.3 848.0 855.8 865.8 854.3
1 0.56 874.1 935.5 857.6 938.1 851.8 901.8 868.4 899.1
1 0.57 1125.7 842.9 1125.7 858.1 1091.9 858.1 1091.9 842.9
1 0.59 784.4 995.0 768.1 996.4 764.9 959.6 781.2 958.1
1 0.59 1118.8 781.9 1118.6 796.5 1084.5 795.9 1084.7 781.3
1 0.59 1131.4 865.1 1132.1 879.3 1098.8 881.0 1098.1 866.8
1 0.6 1119.0 760.9 1120.3 775.3 1086.3 778.3 1085.0 763.9
1 0.6 751.3 841.1 735.0 843.7 729.5 809.1 745.8 806.5
1 0.61 1117.8 801.8 1117.8 815.5 1086.5 815.5 1086.5 801.8
1 0.63 1119.8 820.8 1121.1 835.6 1089.0 838.4 1087.7 823.6
1 0.65 922.9 789.6 906.4 792.5 900.0 756.4 916.5 753.5
1 0.28 761.7 1059.5 740.3 1061.0 736.0 1000.2 757.5 998.7
1 0.67 798.5 658.2 783.2 662.8 773.5 630.9 788.8 626.2
1 0.54 867.8 848.8 852.0 851.5 846.1 817.7 861.9 814.9
1 0.43 1125.4 842.5 1125.6 857.4 1091.6 858.0 1091.4 843.1
1 0.43 1128.8 865.5 1130.0 878.9 1098.7 881.6 1097.5 868.2
1 0.44 858.1 1008.7 839.6 1011.6 833.4 972.5 851.9 969.6
1 0.45 804.5 955.4 788.0 956.5 785.0 913.2 801.4 912.1
1 0.49 1111.8 742.5 1113.1 756.5 1081.0 759.4 1079.8 745.3
1 0.5 1057.5 686.2 1058.1 702.5 1019.7 703.8 1019.1 687.5
1 0.51 858.5 1077.2 841.5 1079.0 837.3 1038.8 854.3 1037.0
1 0.53 943.5 783.7 926.8 786.3 921.3 751.7 938.0 749.1
1 0.55 869.1 891.7 851.3 893.3 848.0 855.8 865.8 854.2
1 0.67 762.8 683.1 747.3 685.0 743.1 650.8 758.6 648.9
1 0.56 874.2 935.5 857.5 938.2 851.8 901.7 868.4 899.1
1 0.56 1118.2 761.2 1119.5 775.0 1086.3 778.0 1085.0 764.1
1 0.57 1117.4 821.2 1118.7 835.8 1088.6 838.4 1087.4 823.8
1 0.58 1117.7 781.6 1117.7 795.9 1084.4 795.9 1084.4 781.6
1 0.58 784.4 995.0 768.1 996.4 764.9 959.5 781.2 958.1
1 0.6 1116.6 801.7 1116.6 815.2 1086.4 815.2 1086.4 801.7
1 0.6 751.3 841.1 735.1 843.7 729.6 809.1 745.8 806.5
1 0.65 922.9 789.6 906.4 792.5 900.0 756.4 916.5 753.5
1 0.26 761.6 1059.4 740.8 1060.9 736.6 1000.6 757.4 999.2
1 0.67 798.5 658.2 783.2 662.8 773.5 630.9 788.8 626.2
1 0.67 762.8 683.1 747.3 685.0 743.1 650.8 758.6 648.9
1 0.6 751.2 841.1 735.1 843.6 729.6 809.1 745.8 806.5
1 0.59 784.4 995.0 768.1 996.4 764.9 959.6 781.2 958.1
1 0.56 869.1 891.9 851.3 893.4 848.0 855.9 865.8 854.3
1 0.55 874.2 935.8 857.5 938.4 851.7 901.8 868.4 899.1
1 0.54 867.8 848.8 852.0 851.6 846.0 817.6 861.8 814.8
1 0.5 858.6 1077.5 841.5 1079.3 837.2 1038.7 854.4 1036.9
1 0.45 804.5 955.4 788.0 956.5 785.0 913.3 801.5 912.1
1 0.44 858.1 1008.7 839.6 1011.7 833.4 972.5 851.9 969.5
1 0.68 762.7 683.0 747.3 684.9 743.2 650.9 758.6 649.1
1 0.67 798.5 658.2 783.3 662.9 773.5 630.8 788.7 626.2
1 0.65 923.0 789.7 906.4 792.7 900.0 756.3 916.6 753.4
1 0.61 751.3 841.2 735.1 843.7 729.6 809.1 745.8 806.5
1 0.58 1117.8 781.6 1117.8 795.9 1084.4 795.9 1084.4 781.6
1 0.58 1116.8 801.7 1116.8 815.2 1086.4 815.2 1086.4 801.7
1 0.57 1117.3 821.3 1118.6 835.7 1088.7 838.3 1087.5 823.9
1 0.55 1118.3 761.2 1119.6 775.1 1086.2 778.0 1085.0 764.1
1 0.54 943.8 783.8 927.2 786.8 921.1 752.4 937.8 749.5
1 0.54 867.8 848.7 852.1 851.5 846.1 817.6 861.8 814.8
1 0.5 1057.4 686.6 1057.7 702.3 1019.8 703.0 1019.5 687.3
1 0.47 1111.8 742.5 1113.0 756.5 1081.1 759.3 1079.9 745.3
1 0.41 1124.0 842.0 1124.5 856.6 1092.7 857.7 1092.2 843.1
1 0.31 1130.0 865.7 1131.2 879.4 1100.7 882.0 1099.5 868.4
1 0.26 869.1 891.4 851.5 892.9 848.2 855.6 865.8 854.1
