1 0.59 1804.0 437.8 1805.6 452.8 1769.9 456.5 1768.3 441.5
1 0.42 1731.3 451.7 1730.8 466.8 1691.9 465.5 1692.4 450.4
1 0.35 1930.7 480.7 1932.2 495.2 1898.0 498.8 1896.5 484.3
1 0.61 875.1 850.9 858.8 852.4 855.6 815.7 871.8 814.2
1 0.59 1804.0 437.8 1805.6 452.7 1769.9 456.5 1768.3 441.6
1 0.42 1731.3 451.8 1730.7 466.8 1692.1 465.4 1692.6 450.4
1 0.62 1617.3 405.5 1603.0 409.1 1595.7 379.8 1610.0 376.2
1 0.62 1633.4 396.9 1619.6 400.3 1612.5 371.7 1626.3 368.3
1 0.61 1656.0 397.1 1641.2 400.0 1635.2 369.2 1650.1 366.3
1 0.54 1805.2 439.2 1805.7 454.3 1768.3 455.6 1767.8 440.5
1 0.54 1913.2 394.9 1906.3 407.2 1876.5 390.7 1883.4 378.3
1 0.5 1670.9 391.1 1658.9 393.6 1653.1 366.3 1665.1 363.8
1 0.44 1731.4 451.7 1730.8 467.0 1691.6 465.6 1692.1 450.3
1 0.43 1882.0 391.5 1882.0 406.3 1846.7 406.3 1846.7 391.5
1 0.39 1598.4 409.5 1582.5 412.2 1577.3 382.5 1593.1 379.7
1 0.36 1930.6 480.7 1932.2 495.3 1897.8 498.9 1896.3 484.3
1 0.31 1823.0 399.4 1815.6 412.2 1785.6 394.9 1793.0 382.1
1 0.62 1617.3 405.5 1603.0 409.1 1595.7 379.8 1610.0 376.2
1 0.62 1633.4 396.9 1619.6 400.3 1612.5 371.7 1626.3 368.2
1 0.61 1655.7 396.5 1641.4 399.3 1635.4 368.6 1649.7 365.8
1 0.55 1805.1 439.2 1805.7 454.3 1768.3 455.6 1767.8 440.5
1 0.5 1671.3 390.8 1659.4 393.7 1652.7 366.6 1664.6 363.7
1 0.44 1731.4 451.6 1730.9 467.0 1691.4 465.7 1691.9 450.2
1 0.38 1598.4 409.4 1582.5 412.2 1577.3 382.5 1593.2 379.7
1 0.33 1823.1 399.3 1815.6 412.2 1785.3 394.7 1792.8 381.8
1 0.6 875.2 851.1 858.8 852.5 855.5 815.5 872.0 814.0
1 0.42 793.3 308.9 773.3 310.3 769.6 257.1 789.5 255.7
1 0.61 1633.4 396.9 1619.6 400.3 1612.5 371.6 1626.3 368.2
1 0.61 1617.3 405.5 1603.0 409.1 1595.7 379.8 1610.0 376.2
1 0.6 1655.7 396.5 1641.4 399.3 1635.5 368.5 1649.7 365.8
1 0.54 1913.2 394.9 1906.4 407.2 1876.5 390.6 1883.3 378.3
1 0.54 1805.1 439.2 1805.7 454.3 1768.3 455.6 1767.8 440.5
1 0.51 1670.8 391.0 1658.9 393.6 1653.1 366.3 1665.0 363.8
1 0.44 1731.4 451.7 1730.8 467.0 1691.8 465.6 1692.3 450.3
1 0.43 1882.0 391.5 1882.0 406.2 1846.7 406.2 1846.7 391.5
1 0.38 1598.4 409.5 1582.5 412.3 1577.3 382.5 1593.1 379.7
1 0.35 1930.6 480.8 1932.1 495.3 1897.9 498.9 1896.4 484.4
1 0.31 1823.1 399.8 1815.2 412.9 1784.9 394.7 1792.8 381.6
1 0.61 1617.3 405.5 1603.0 409.1 1595.7 379.8 1610.0 376.2
1 0.61 1633.4 396.9 1619.6 400.4 1612.5 371.6 1626.3 368.2
1 0.6 1655.7 396.5 1641.4 399.3 1635.4 368.5 1649.8 365.8
1 0.54 1805.1 439.2 1805.7 454.3 1768.3 455.6 1767.8 440.5
1 0.51 1670.9 391.1 1658.9 393.6 1653.1 366.3 1665.1 363.7
1 0.43 1731.5 451.6 1730.9 467.1 1691.2 465.7 1691.7 450.2
1 0.37 1598.4 409.5 1582.5 412.3 1577.3 382.5 1593.2 379.7
1 0.32 1823.1 399.3 1815.6 412.2 1785.3 394.7 1792.8 381.8
1 0.6 875.2 851.1 858.8 852.5 855.6 815.5 872.0 814.0
1 0.45 793.2 308.8 773.4 310.2 769.7 257.3 789.5 255.9
1 0.42 793.2 308.9 773.4 310.2 769.7 257.3 789.5 255.9
1 0.62 875.4 851.0 858.9 852.4 855.7 815.6 872.2 814.1
1 0.61 875.5 851.2 858.9 852.6 855.6 815.4 872.3 814.0
1 0.44 793.3 308.9 773.4 310.2 769.7 257.2 789.5 255.8
1 0.44 793.1 308.8 773.4 310.2 769.8 257.4 789.5 256.0
1 0.42 793.2 308.9 773.4 310.2 769.7 257.3 789.5 256.0
1 0.61 875.1 850.9 858.8 852.4 855.6 815.7 871.9 814.2
