1 0.46 398.7 354.8 399.2 368.9 365.0 370.1 364.5 356.0
1 0.61 335.6 217.5 349.8 219.5 345.3 251.1 331.2 249.2
1 0.59 873.2 342.4 881.3 353.9 853.2 373.6 845.1 362.1
1 0.58 287.7 153.0 301.7 154.2 299.2 182.6 285.3 181.4
1 0.57 836.9 363.7 836.9 376.2 803.4 376.2 803.4 363.7
1 0.56 340.8 182.9 353.7 184.7 349.8 212.3 336.9 210.5
1 0.51 346.6 130.3 361.3 132.4 356.6 165.9 341.9 163.9
1 0.48 398.7 354.8 399.2 368.9 365.0 370.1 364.5 356.0
1 0.44 285.4 191.3 297.3 192.4 295.1 217.6 283.2 216.5
1 0.44 776.0 87.8 776.5 101.4 745.3 102.5 744.8 88.9
1 0.43 361.5 127.0 348.1 127.7 346.7 100.9 360.1 100.2
1 0.29 774.0 202.8 774.6 214.8 744.9 216.3 744.3 204.3
1 0.59 873.2 342.4 881.2 353.9 853.2 373.6 845.1 362.1
1 0.57 836.9 363.7 836.9 376.2 803.4 376.2 803.4 363.7
1 0.47 398.7 354.8 399.2 368.9 365.0 370.1 364.6 356.0
1 0.5 1292.4 445.2 1290.2 458.7 1256.6 453.4 1258.8 439.9
1 0.66 1013.9 353.1 1001.6 357.9 990.6 329.2 1002.9 324.5
1 0.64 1024.9 93.1 1036.7 99.1 1023.5 125.1 1011.7 119.1
1 0.61 985.9 166.7 998.4 172.5 985.4 200.3 973.0 194.5
1 0.6 997.7 283.8 1011.4 287.7 1002.4 319.1 988.7 315.2
1 0.6 1043.0 63.3 1053.9 69.3 1040.1 94.3 1029.1 88.3
1 0.58 1048.9 181.8 1061.5 188.3 1047.6 215.7 1035.0 209.2
1 0.57 1057.0 33.2 1067.4 38.0 1057.2 60.0 1046.7 55.2
1 0.54 1080.8 118.1 1093.4 124.0 1080.5 151.6 1067.9 145.7
1 0.5 1070.7 3.5 1081.4 8.0 1071.6 31.2 1060.9 26.7
1 0.5 1036.6 610.8 1021.5 611.5 1019.7 578.3 1034.9 577.5
1 0.5 1292.3 445.2 1290.2 458.7 1256.6 453.4 1258.8 439.9
1 0.47 1125.6 30.3 1137.3 36.8 1123.9 61.1 1112.1 54.6
1 0.41 1032.0 216.7 1043.1 222.6 1030.8 245.7 1019.7 239.8
1 0.4 1018.4 246.3 1029.2 252.3 1016.3 275.5 1005.5 269.5
1 0.39 1137.1 7.9 1148.3 13.5 1136.4 36.9 1125.2 31.2
1 0.61 335.7 217.4 349.8 219.4 345.3 251.1 331.2 249.1
1 0.57 340.8 182.9 353.7 184.7 349.8 212.3 336.9 210.5
1 0.56 287.7 153.0 301.7 154.2 299.2 182.6 285.2 181.4
1 0.56 221.3 82.5 222.0 96.0 188.9 97.8 188.2 84.2
1 0.53 262.1 88.0 262.1 100.9 230.8 100.9 230.8 88.0
1 0.52 346.6 130.3 361.3 132.4 356.6 165.9 341.9 163.9
1 0.48 398.6 354.8 399.1 368.9 365.0 370.1 364.5 356.0
1 0.46 361.5 127.0 348.1 127.7 346.7 100.9 360.1 100.2
1 0.42 285.4 191.3 297.3 192.4 295.1 217.6 283.2 216.5
1 0.29 162.7 359.7 163.4 372.3 131.8 374.0 131.1 361.4
1 0.26 338.9 -12.5 353.2 -11.7 351.7 17.1 337.4 16.3
1 0.63 990.4 985.2 974.2 988.0 967.6 950.6 983.8 947.8
1 0.61 1052.7 746.4 1036.5 747.2 1034.6 711.9 1050.8 711.1
1 0.6 1076.2 937.9 1060.3 939.8 1055.9 903.8 1071.8 901.8
1 0.6 1046.6 702.0 1030.7 703.3 1027.6 667.7 1043.5 666.3
1 0.53 1042.9 653.2 1027.6 655.6 1022.2 621.5 1037.5 619.0
1 0.53 1292.2 445.0 1290.0 458.6 1256.3 453.3 1258.5 439.7
1 0.52 1036.9 610.8 1021.2 611.6 1019.5 577.9 1035.1 577.1
1 0.47 1055.3 790.2 1039.3 792.2 1035.0 756.8 1051.0 754.9
1 0.46 979.9 936.5 966.5 938.3 962.1 907.1 975.5 905.2
1 0.46 1086.6 891.4 1081.0 904.5 1048.8 890.8 1054.3 877.7
1 0.41 954.3 824.3 969.5 825.1 967.6 861.1 952.4 860.3
1 0.68 899.6 323.8 908.1 334.8 882.7 354.6 874.2 343.7
1 0.57 837.0 363.6 837.0 376.2 803.4 376.2 803.4 363.6
1 0.36 936.3 268.3 947.6 274.1 934.6 299.7 923.2 293.9
1 0.46 1055.9 789.9 1040.1 792.4 1034.6 757.4 1050.3 754.9
1 0.48 943.1 586.2 928.8 586.9 927.1 554.0 941.4 553.2
1 0.5 1036.9 610.8 1021.3 611.6 1019.6 578.0 1035.1 577.2
1 0.54 1042.9 653.0 1027.6 655.4 1022.2 621.4 1037.5 619.0
1 0.55 949.7 233.0 964.1 238.8 950.9 271.5 936.5 265.7
1 0.57 960.4 779.8 946.2 781.0 943.4 748.8 957.5 747.6
1 0.65 1014.0 353.2 1001.6 357.9 990.6 329.2 1003.0 324.5
1 0.58 920.8 296.0 931.0 304.0 914.5 325.1 904.3 317.2
1 0.59 997.7 283.3 1011.9 287.3 1002.7 319.3 988.6 315.2
1 0.61 1046.6 702.0 1030.7 703.4 1027.6 667.8 1043.5 666.4
1 0.63 954.2 823.9 969.9 825.3 966.7 861.5 951.1 860.2
1 0.63 1052.6 746.3 1036.5 747.2 1034.6 712.1 1050.8 711.2
1 0.65 871.4 343.8 879.3 355.0 852.9 373.4 845.1 362.2
1 0.34 1018.7 243.5 1030.3 249.4 1016.9 275.8 1005.3 269.9
1 0.68 899.6 323.8 908.2 334.8 882.7 354.6 874.2 343.7
1 0.65 1014.0 353.1 1001.6 357.9 990.6 329.2 1003.0 324.4
1 0.33 774.0 202.7 774.6 214.8 745.0 216.4 744.3 204.3
1 0.38 1018.4 246.2 1029.3 252.2 1016.3 275.5 1005.5 269.5
1 0.39 1137.1 7.8 1148.3 13.5 1136.3 37.0 1125.1 31.3
1 0.4 1032.0 216.7 1043.1 222.6 1030.8 245.7 1019.7 239.8
1 0.46 776.1 87.8 776.6 101.4 745.2 102.5 744.8 88.9
1 0.48 1125.6 30.2 1137.4 36.8 1123.9 61.2 1112.1 54.6
1 0.49 943.1 586.1 928.9 586.9 927.2 554.0 941.4 553.3
1 0.5 1292.4 445.2 1290.2 458.7 1256.6 453.4 1258.8 439.9
1 0.5 1070.7 3.5 1081.4 8.0 1071.6 31.2 1060.9 26.7
1 0.51 1036.5 610.8 1021.9 611.6 1020.1 578.5 1034.7 577.8
1 0.54 1080.8 118.0 1093.4 123.9 1080.5 151.6 1067.9 145.7
1 0.57 1057.0 33.2 1067.4 38.0 1057.2 60.0 1046.8 55.2
1 0.57 836.9 363.7 836.9 376.2 803.4 376.2 803.4 363.7
1 0.57 1048.9 181.8 1061.6 188.3 1047.6 215.7 1035.0 209.2
1 0.58 920.9 296.1 931.0 303.9 914.4 325.1 904.4 317.2
1 0.59 997.7 283.8 1011.4 287.7 1002.4 319.1 988.7 315.2
1 0.6 1043.0 63.2 1054.0 69.3 1040.1 94.4 1029.1 88.3
1 0.6 986.0 166.6 998.4 172.4 985.4 200.4 973.0 194.6
1 0.61 948.6 236.0 962.2 241.2 950.7 270.9 937.2 265.8
1 0.63 1024.9 93.1 1036.8 99.1 1023.5 125.1 1011.7 119.1
1 0.64 871.5 343.7 879.4 355.0 852.9 373.5 845.0 362.2
1 0.33 936.3 268.5 947.4 274.1 934.5 299.6 923.4 293.9
1 0.63 990.3 984.5 974.0 987.4 967.5 950.4 983.8 947.5
1 0.63 954.2 823.8 970.0 825.1 966.8 861.6 951.0 860.2
1 0.61 1052.7 746.4 1036.5 747.2 1034.6 711.9 1050.8 711.1
1 0.6 1076.2 937.9 1060.3 939.8 1055.9 903.8 1071.8 901.8
1 0.6 1046.6 701.9 1030.8 703.3 1027.7 667.7 1043.5 666.3
1 0.55 960.4 780.0 946.2 781.2 943.4 748.9 957.6 747.6
1 0.54 1292.2 445.0 1290.0 458.6 1256.3 453.3 1258.5 439.7
1 0.53 1042.8 653.1 1027.6 655.5 1022.2 621.5 1037.4 619.1
1 0.53 1036.8 610.7 1021.3 611.5 1019.6 578.1 1035.0 577.3
1 0.52 976.4 888.0 968.7 899.3 941.2 880.8 948.9 869.4
1 0.47 1086.5 891.4 1081.0 904.4 1048.9 890.8 1054.4 877.8
1 0.46 1055.3 790.2 1039.4 792.2 1035.0 756.9 1051.0 755.0
1 0.45 943.2 586.0 928.8 586.7 927.1 553.6 941.4 552.9
1 0.45 979.9 936.6 966.4 938.5 962.0 907.0 975.5 905.1
1 0.63 954.2 823.8 970.0 825.1 966.8 861.6 951.0 860.2
1 0.63 990.3 984.5 974.0 987.4 967.5 950.4 983.8 947.5
1 0.62 1052.7 746.4 1036.5 747.2 1034.6 711.9 1050.8 711.1
1 0.61 1076.2 937.9 1060.3 939.8 1055.9 903.8 1071.8 901.8
1 0.61 1046.6 701.9 1030.8 703.3 1027.7 667.8 1043.5 666.4
1 0.57 960.4 780.0 946.2 781.2 943.4 748.9 957.6 747.6
1 0.55 1042.9 653.1 1027.6 655.5 1022.2 621.5 1037.5 619.1
1 0.53 1036.9 610.8 1021.3 611.6 1019.5 578.0 1035.1 577.2
1 0.53 976.3 888.0 968.7 899.3 941.3 880.7 948.9 869.5
1 0.49 1086.5 891.4 1081.0 904.5 1048.8 890.8 1054.3 877.7
1 0.49 1055.3 790.1 1039.4 792.1 1035.0 757.0 1050.9 755.0
1 0.46 979.9 936.6 966.5 938.4 962.0 907.0 975.5 905.1
1 0.45 943.4 585.9 928.4 586.7 926.6 553.4 941.6 552.6
1 0.68 899.6 323.8 908.1 334.8 882.8 354.6 874.2 343.6
1 0.57 836.9 363.7 836.9 376.2 803.4 376.2 803.4 363.7
1 0.34 936.3 268.5 947.4 274.1 934.5 299.5 923.4 293.8
1 0.39 1018.4 246.3 1029.2 252.3 1016.4 275.5 1005.5 269.5
1 0.41 1032.0 216.7 1043.2 222.6 1030.9 245.7 1019.7 239.8
1 0.44 776.0 87.9 776.5 101.4 745.3 102.5 744.8 89.0
1 0.48 943.1 586.1 928.8 586.9 927.1 554.0 941.4 553.2
1 0.5 1070.7 3.5 1081.4 8.0 1071.6 31.2 1060.9 26.7
1 0.51 1036.7 610.8 1021.4 611.6 1019.7 578.1 1035.0 577.3
1 0.54 1080.8 118.0 1093.5 123.9 1080.6 151.6 1067.9 145.7
1 0.57 1057.0 33.2 1067.4 38.0 1057.2 60.0 1046.8 55.2
1 0.65 1014.0 353.1 1001.6 357.9 990.6 329.2 1003.0 324.4
1 0.58 1048.9 181.8 1061.6 188.3 1047.6 215.7 1035.0 209.2
1 0.58 920.8 296.1 930.9 304.0 914.5 325.0 904.4 317.1
1 0.59 997.8 283.4 1011.8 287.4 1002.7 319.2 988.6 315.2
1 0.6 986.0 166.6 998.4 172.4 985.4 200.4 973.0 194.6
1 0.6 1043.0 63.2 1054.0 69.3 1040.1 94.4 1029.1 88.3
1 0.61 948.6 236.0 962.2 241.2 950.7 270.9 937.2 265.7
1 0.64 1024.9 93.1 1036.7 99.1 1023.5 125.1 1011.7 119.1
1 0.64 871.4 343.7 879.3 355.0 853.0 373.5 845.1 362.2
1 0.3 773.9 202.8 774.6 214.7 745.0 216.3 744.3 204.4
1 0.68 899.6 323.8 908.2 334.8 882.7 354.6 874.2 343.7
1 0.66 1014.0 353.2 1001.6 357.9 990.6 329.2 1003.0 324.5
1 0.36 936.3 268.3 947.6 274.1 934.5 299.7 923.3 294.0
1 0.44 1055.9 789.9 1040.0 792.4 1034.5 757.4 1050.4 754.9
1 0.48 943.1 586.1 928.8 586.9 927.1 554.0 941.4 553.3
1 0.5 1036.8 610.7 1021.4 611.5 1019.7 578.1 1035.0 577.3
1 0.5 1292.3 445.2 1290.2 458.7 1256.6 453.4 1258.8 439.9
1 0.54 1042.8 653.0 1027.6 655.4 1022.2 621.5 1037.4 619.1
1 0.55 949.7 233.0 964.0 238.8 950.8 271.5 936.5 265.7
1 0.57 960.4 779.8 946.2 781.0 943.4 748.8 957.5 747.6
1 0.57 837.0 363.6 837.0 376.2 803.4 376.2 803.4 363.6
1 0.58 920.9 296.0 931.0 303.9 914.4 325.1 904.3 317.2
1 0.59 997.8 283.3 1011.8 287.3 1002.7 319.2 988.6 315.2
1 0.61 1046.6 702.0 1030.7 703.4 1027.6 667.8 1043.5 666.4
1 0.62 1052.6 746.4 1036.5 747.2 1034.6 712.1 1050.8 711.2
1 0.62 954.2 823.9 969.9 825.3 966.8 861.5 951.1 860.2
1 0.64 871.5 343.7 879.3 355.0 852.9 373.5 845.1 362.2
1 0.35 1018.8 243.4 1030.4 249.3 1016.9 275.8 1005.3 269.9
1 0.5 1292.4 445.2 1290.2 458.7 1256.6 453.4 1258.8 439.9
1 0.54 1292.2 445.0 1290.1 458.7 1256.3 453.3 1258.5 439.6
1 0.66 1014.0 353.2 1001.6 357.9 990.6 329.2 1003.0 324.5
1 0.62 1052.6 746.4 1036.5 747.2 1034.6 712.1 1050.8 711.2
1 0.6 1046.6 702.0 1030.7 703.4 1027.6 667.8 1043.5 666.4
1 0.6 997.8 283.3 1011.8 287.3 1002.6 319.2 988.6 315.2
1 0.53 1042.9 653.0 1027.5 655.5 1022.1 621.4 1037.5 618.9
1 0.5 1292.4 445.2 1290.2 458.7 1256.6 453.4 1258.8 439.9
1 0.49 1036.9 610.8 1021.3 611.6 1019.6 578.0 1035.1 577.1
1 0.43 1055.9 790.0 1040.0 792.5 1034.5 757.4 1050.4 754.8
1 0.39 954.2 824.3 969.5 825.1 967.6 861.2 952.3 860.4
1 0.35 1018.9 243.4 1030.4 249.3 1016.9 275.7 1005.4 269.9
