1 0.68 892.5 518.7 901.2 529.8 874.8 550.5 866.1 539.3
1 0.64 863.3 541.0 871.4 552.6 843.5 572.1 835.4 560.5
1 0.61 1052.6 979.0 1035.6 979.9 1033.6 942.5 1050.6 941.6
1 0.6 1011.3 550.2 998.0 554.8 987.4 524.2 1000.8 519.6
1 0.59 1045.9 930.0 1029.9 931.4 1026.6 893.6 1042.6 892.2
1 0.57 828.7 562.1 828.7 576.2 792.3 576.2 792.3 562.1
1 0.57 1036.4 830.5 1020.5 831.9 1017.4 795.8 1033.2 794.4
1 0.56 956.5 1016.2 941.3 1017.6 938.2 982.3 953.5 980.9
1 0.56 994.6 475.7 1009.1 479.9 999.6 512.9 985.2 508.7
1 0.54 1042.4 876.6 1025.7 879.2 1019.7 841.3 1036.4 838.7
1 0.52 914.1 488.4 924.6 496.0 908.0 519.0 897.4 511.3
1 0.52 938.1 804.2 922.7 805.0 920.9 770.3 936.3 769.5
1 0.46 1055.6 1026.6 1038.6 1028.7 1033.8 989.7 1050.8 987.6
1 0.44 929.9 458.8 941.9 464.9 928.7 490.7 916.8 484.7
1 0.32 1015.2 435.3 1027.0 440.8 1015.5 465.4 1003.7 459.9
1 0.32 944.1 423.2 959.1 429.3 946.2 461.1 931.2 455.1
1 0.47 1211.8 16.1 1222.9 21.8 1211.5 44.2 1200.4 38.6
1 0.68 892.5 518.7 901.2 529.9 874.8 550.5 866.1 539.3
1 0.55 1042.5 876.6 1025.7 879.3 1019.7 841.4 1036.5 838.7
1 0.32 944.1 423.3 959.1 429.4 946.2 461.1 931.2 455.1
1 0.33 1015.1 435.3 1027.0 440.8 1015.5 465.4 1003.7 459.9
1 0.43 929.9 458.7 942.0 464.9 928.8 490.8 916.7 484.7
1 0.48 1055.6 1026.6 1038.7 1028.7 1033.9 989.7 1050.8 987.6
1 0.51 938.2 804.2 922.6 805.0 920.8 770.2 936.3 769.4
1 0.52 914.1 488.3 924.7 496.0 908.0 519.0 897.4 511.3
1 0.56 994.6 475.7 1009.2 479.9 999.7 513.0 985.1 508.8
1 0.64 863.2 541.0 871.3 552.6 843.5 572.0 835.5 560.5
1 0.57 956.5 1016.2 941.3 1017.5 938.2 982.2 953.5 980.9
1 0.57 828.7 562.1 828.7 576.2 792.3 576.2 792.3 562.1
1 0.57 1036.5 830.6 1020.5 832.0 1017.3 795.7 1033.3 794.3
1 0.59 1045.9 929.9 1029.9 931.3 1026.6 893.6 1042.6 892.2
1 0.6 1011.4 550.2 998.0 554.8 987.4 524.2 1000.8 519.6
1 0.62 1052.6 979.0 1035.6 979.9 1033.6 942.5 1050.6 941.6
1 0.27 1032.9 785.5 1020.4 786.2 1019.1 761.6 1031.6 760.9
1 0.61 309.9 365.8 323.7 368.5 317.8 398.6 304.0 395.9
1 0.58 303.1 404.0 318.7 406.2 313.9 440.5 298.3 438.3
1 0.56 226.9 263.8 226.9 276.9 194.3 276.9 194.3 263.8
1 0.55 252.7 335.5 267.3 336.5 265.2 366.4 250.6 365.4
1 0.53 330.7 304.8 316.8 305.5 315.4 278.1 329.3 277.3
1 0.51 365.9 123.6 381.9 124.2 380.7 158.4 364.7 157.8
1 0.51 315.0 310.6 330.8 312.9 325.7 349.1 309.9 346.8
1 0.48 310.4 156.2 325.0 158.2 321.1 186.4 306.4 184.4
1 0.46 184.4 257.6 185.2 271.8 151.0 273.6 150.2 259.4
1 0.45 369.5 553.6 370.1 569.0 334.4 570.3 333.9 554.8
1 0.43 328.7 151.5 341.9 152.4 340.0 179.7 326.8 178.8
1 0.39 251.9 375.6 264.5 377.1 261.2 403.6 248.7 402.1
1 0.37 123.1 559.9 123.8 572.9 91.1 574.7 90.4 561.6
1 0.66 982.0 347.6 995.1 353.8 981.5 383.1 968.3 376.9
1 0.65 1048.3 364.0 1061.3 370.6 1046.9 398.8 1033.9 392.2
1 0.38 1189.6 30.2 1199.3 34.7 1189.8 54.9 1180.2 50.4
1 0.42 1055.5 201.4 1066.4 206.2 1056.0 229.6 1045.1 224.8
1 0.43 1015.8 435.2 1027.2 440.5 1015.8 465.1 1004.3 459.7
1 0.44 1138.5 174.2 1150.9 179.9 1139.2 205.0 1126.8 199.2
1 0.48 1211.7 16.4 1222.7 21.5 1212.5 43.3 1201.5 38.2
1 0.49 1133.8 41.8 1145.3 47.2 1133.2 73.0 1121.7 67.7
1 0.53 1070.8 168.7 1082.0 173.6 1071.1 198.1 1059.9 193.1
1 0.53 1185.2 76.2 1196.9 81.7 1184.5 108.2 1172.9 102.8
1 0.53 1127.2 198.2 1139.6 204.5 1126.3 230.6 1113.9 224.3
1 0.54 1118.8 72.0 1130.4 77.2 1119.2 102.3 1107.6 97.1
1 0.55 1199.6 43.9 1211.2 49.3 1198.6 76.4 1187.0 71.0
1 0.55 1081.0 294.7 1094.5 300.7 1081.5 329.8 1068.1 323.9
1 0.56 994.6 475.7 1009.0 479.9 999.5 512.8 985.2 508.7
1 0.57 1030.9 401.8 1043.1 408.1 1029.6 434.6 1017.3 428.4
1 0.59 1041.1 234.9 1052.6 241.3 1037.7 268.2 1026.1 261.8
1 0.59 1133.3 142.6 1144.4 147.6 1132.4 174.5 1121.3 169.5
1 0.6 1149.5 11.4 1160.2 16.2 1149.2 41.0 1138.5 36.2
1 0.62 1011.3 550.3 998.0 554.9 987.4 524.2 1000.8 519.6
1 0.64 1023.7 266.3 1036.0 272.6 1021.6 300.9 1009.3 294.6
1 0.3 1066.0 333.4 1077.5 339.2 1064.4 364.9 1052.9 359.1
1 0.66 982.0 347.7 995.1 353.8 981.5 383.1 968.3 376.9
1 0.65 1048.3 364.0 1061.2 370.6 1046.9 398.8 1033.9 392.2
1 0.65 1023.8 266.3 1036.0 272.5 1021.6 300.9 1009.3 294.6
1 0.62 1011.3 550.3 998.0 554.9 987.4 524.2 1000.8 519.6
1 0.56 1035.7 830.9 1019.8 831.7 1017.9 795.4 1033.8 794.6
1 0.56 994.6 475.7 1009.0 479.8 999.5 512.9 985.1 508.8
1 0.56 1030.8 401.8 1043.1 408.1 1029.6 434.6 1017.3 428.4
1 0.55 1081.1 294.7 1094.5 300.7 1081.5 329.8 1068.1 323.9
1 0.54 1042.6 876.6 1025.7 879.3 1019.7 841.2 1036.6 838.5
1 0.43 1042.5 231.8 1055.0 238.8 1038.3 269.0 1025.7 262.1
1 0.42 1015.8 435.2 1027.2 440.5 1015.8 465.0 1004.4 459.7
1 0.32 1032.7 785.4 1020.6 786.0 1019.3 761.8 1031.4 761.2
1 0.28 1066.0 333.2 1077.6 339.1 1064.4 365.0 1052.8 359.1
1 0.67 892.6 518.6 901.3 529.8 874.8 550.5 866.1 539.4
1 0.65 982.0 347.7 995.2 353.8 981.5 383.1 968.3 376.9
1 0.31 1032.8 785.5 1020.6 786.1 1019.3 761.8 1031.5 761.1
1 0.39 1015.8 435.1 1027.3 440.4 1015.8 465.1 1004.3 459.7
1 0.43 1042.5 231.7 1055.1 238.7 1038.3 269.1 1025.7 262.1
1 0.44 930.0 459.0 941.8 465.0 928.7 490.6 916.9 484.6
1 0.5 938.2 804.1 922.6 804.9 920.8 769.9 936.3 769.0
1 0.5 761.5 389.0 762.1 401.4 732.1 403.0 731.5 390.6
1 0.53 914.2 488.2 924.7 495.8 907.9 519.0 897.4 511.4
1 0.54 1042.6 876.6 1025.7 879.3 1019.7 841.2 1036.6 838.5
1 0.55 1081.0 294.7 1094.5 300.7 1081.5 329.9 1068.0 323.9
1 0.55 994.6 475.7 1009.0 479.8 999.6 512.9 985.1 508.8
1 0.56 1030.8 401.9 1043.1 408.1 1029.6 434.6 1017.3 428.4
1 0.56 1036.0 830.7 1020.1 831.8 1017.6 795.6 1033.5 794.5
1 0.57 828.7 562.2 828.7 576.2 792.3 576.2 792.3 562.2
1 0.59 943.9 422.3 958.8 428.0 946.2 460.8 931.4 455.1
1 0.6 763.6 265.8 763.8 279.5 730.8 280.1 730.5 266.4
1 0.61 1011.3 550.2 998.0 554.9 987.4 524.2 1000.8 519.6
1 0.63 863.3 541.1 871.3 552.6 843.5 572.0 835.5 560.5
1 0.64 1023.8 266.2 1036.1 272.5 1021.6 300.9 1009.3 294.6
1 0.65 1048.3 364.0 1061.3 370.6 1046.9 398.8 1033.9 392.2
1 0.3 1065.9 333.2 1077.7 339.1 1064.5 365.1 1052.7 359.1
1 0.68 892.6 518.6 901.3 529.8 874.8 550.5 866.1 539.4
1 0.65 1048.3 364.0 1061.3 370.6 1046.9 398.8 1033.9 392.2
1 0.34 1033.0 785.4 1020.7 786.2 1019.0 761.8 1031.3 761.0
1 0.4 1015.8 435.1 1027.3 440.4 1015.8 465.1 1004.3 459.7
1 0.43 930.0 458.9 941.8 464.9 928.7 490.7 916.9 484.6
1 0.43 1042.6 231.7 1055.1 238.7 1038.3 269.1 1025.7 262.1
1 0.48 761.4 389.0 762.1 401.5 732.1 403.0 731.5 390.5
1 0.5 938.2 804.1 922.6 804.9 920.8 769.8 936.4 769.0
1 0.52 914.2 488.1 924.8 495.8 907.9 519.0 897.3 511.4
1 0.55 1042.6 876.5 1025.8 879.2 1019.8 841.3 1036.6 838.6
1 0.55 994.5 475.7 1009.1 479.8 999.6 513.0 985.0 508.8
1 0.55 1030.8 401.8 1043.1 408.1 1029.6 434.7 1017.3 428.4
1 0.56 1081.1 294.7 1094.6 300.7 1081.5 329.9 1068.1 323.9
1 0.56 828.7 562.2 828.7 576.3 792.3 576.3 792.3 562.2
1 0.57 1035.8 830.9 1019.7 831.7 1017.8 795.4 1033.9 794.5
1 0.59 763.6 265.7 763.8 279.6 730.7 280.1 730.5 266.3
1 0.59 943.9 422.3 958.8 428.0 946.2 460.8 931.3 455.1
1 0.61 1011.3 550.3 997.9 554.9 987.4 524.2 1000.8 519.6
1 0.64 863.2 541.1 871.3 552.6 843.6 572.0 835.5 560.5
1 0.64 1023.8 266.3 1036.0 272.5 1021.6 300.9 1009.3 294.6
1 0.65 982.0 347.7 995.1 353.8 981.5 383.1 968.3 376.9
1 0.31 1065.9 333.1 1077.7 339.1 1064.5 365.1 1052.7 359.1
1 0.43 369.5 553.7 370.0 569.0 334.5 570.3 334.0 555.0
1 0.32 123.1 559.8 123.8 573.0 91.0 574.7 90.4 561.5
1 0.63 863.7 540.8 871.7 552.3 843.6 572.0 835.6 560.5
1 0.56 828.7 562.1 828.7 576.2 792.3 576.2 792.3 562.1
1 0.43 369.5 553.7 370.0 569.0 334.5 570.3 333.9 554.9
1 0.61 1052.6 979.0 1035.6 979.9 1033.6 942.5 1050.6 941.6
1 0.61 1011.4 550.3 998.0 554.9 987.4 524.2 1000.8 519.6
1 0.58 1045.9 930.0 1029.9 931.4 1026.6 893.6 1042.6 892.2
1 0.57 994.6 475.7 1009.1 479.8 999.6 512.9 985.1 508.7
1 0.56 1036.5 830.6 1020.5 832.0 1017.3 795.7 1033.3 794.3
1 0.53 1042.5 876.6 1025.6 879.3 1019.6 841.3 1036.5 838.6
1 0.45 1055.6 1026.7 1038.6 1028.8 1033.8 989.6 1050.8 987.5
1 0.34 1015.2 435.2 1027.0 440.7 1015.5 465.4 1003.7 459.9
1 0.63 863.6 540.9 871.6 552.4 843.6 572.0 835.6 560.5
1 0.6 309.9 365.8 323.7 368.5 317.9 398.6 304.0 395.9
1 0.58 302.1 404.3 317.9 405.7 314.9 440.2 299.1 438.8
1 0.57 763.6 265.8 763.8 279.6 730.8 280.2 730.5 266.3
1 0.57 252.6 335.4 267.3 336.4 265.2 366.4 250.5 365.4
1 0.56 828.7 562.2 828.7 576.2 792.3 576.2 792.3 562.2
1 0.52 330.7 304.8 316.8 305.5 315.4 278.0 329.3 277.3
1 0.51 365.8 123.6 382.0 124.1 380.8 158.4 364.7 157.8
1 0.51 315.0 310.6 330.8 312.8 325.7 349.1 309.9 346.8
1 0.48 761.4 389.0 762.1 401.4 732.2 403.0 731.5 390.6
1 0.46 310.4 156.1 325.2 158.1 321.2 186.4 306.4 184.4
1 0.45 369.5 553.6 370.1 569.0 334.4 570.3 333.9 554.8
1 0.42 251.9 375.5 264.6 377.1 261.3 403.6 248.6 402.0
1 0.41 328.7 151.5 342.0 152.4 340.0 179.8 326.7 178.8
1 0.68 892.6 518.6 901.3 529.8 874.8 550.5 866.1 539.3
1 0.56 1081.1 294.7 1094.6 300.7 1081.6 329.9 1068.1 323.9
1 0.41 1015.8 435.1 1027.3 440.5 1015.8 465.1 1004.3 459.7
1 0.41 1055.5 201.4 1066.4 206.2 1056.0 229.6 1045.1 224.8
1 0.44 930.0 459.0 941.7 465.0 928.7 490.5 917.0 484.6
1 0.48 935.9 90.1 948.9 97.9 929.8 129.7 916.8 121.9
1 0.48 761.4 389.0 762.1 401.5 732.1 403.0 731.5 390.5
1 0.52 1070.8 168.6 1082.0 173.6 1071.1 198.1 1059.9 193.1
1 0.53 914.2 488.2 924.7 495.8 907.9 519.0 897.4 511.4
1 0.56 994.6 475.8 1009.0 479.9 999.6 512.9 985.1 508.7
1 0.56 1030.8 401.8 1043.1 408.1 1029.6 434.6 1017.3 428.4
1 0.65 982.0 347.7 995.1 353.8 981.5 383.1 968.3 376.9
1 0.57 828.7 562.2 828.7 576.2 792.3 576.2 792.3 562.2
1 0.57 763.6 265.8 763.8 279.6 730.7 280.2 730.5 266.3
1 0.58 1041.4 235.0 1053.0 241.4 1037.9 268.5 1026.4 262.1
1 0.59 943.9 422.3 958.8 428.0 946.2 460.7 931.4 455.0
1 0.62 1011.4 550.3 998.0 554.9 987.4 524.2 1000.8 519.6
1 0.63 1023.7 266.3 1036.1 272.5 1021.6 300.9 1009.3 294.6
1 0.64 863.2 541.2 871.2 552.6 843.6 572.0 835.5 560.5
1 0.65 1048.3 364.0 1061.3 370.6 1046.9 398.8 1033.9 392.2
1 0.32 1066.0 333.3 1077.6 339.2 1064.5 365.0 1052.8 359.1
1 0.62 863.6 540.9 871.7 552.3 843.6 571.9 835.6 560.5
1 0.61 309.9 365.8 323.6 368.5 317.8 398.6 304.1 395.9
1 0.58 763.6 265.8 763.8 279.6 730.8 280.1 730.5 266.4
1 0.58 302.1 404.3 317.9 405.7 314.9 440.1 299.1 438.8
1 0.57 252.7 335.4 267.3 336.5 265.2 366.4 250.6 365.4
1 0.56 828.7 562.2 828.7 576.2 792.3 576.2 792.3 562.2
1 0.53 330.6 304.8 316.9 305.5 315.5 278.1 329.2 277.4
1 0.5 315.1 310.7 330.7 312.9 325.6 349.0 310.0 346.8
1 0.49 761.4 389.0 762.1 401.4 732.2 403.0 731.6 390.6
1 0.44 369.5 553.6 370.1 569.0 334.5 570.2 333.9 554.8
1 0.43 251.9 375.6 264.5 377.1 261.3 403.6 248.7 402.1
1 0.61 309.9 365.8 323.6 368.5 317.8 398.6 304.1 395.9
1 0.58 303.1 404.0 318.7 406.2 313.9 440.4 298.3 438.2
1 0.56 226.8 263.9 226.8 276.9 194.3 276.9 194.3 263.9
1 0.55 252.7 335.5 267.3 336.5 265.2 366.4 250.6 365.4
1 0.53 330.6 304.7 316.9 305.5 315.5 278.1 329.2 277.4
1 0.5 315.0 310.7 330.7 312.9 325.6 349.0 310.0 346.8
1 0.47 184.4 257.6 185.1 271.8 151.0 273.5 150.2 259.4
1 0.45 369.5 553.6 370.1 569.0 334.5 570.2 333.9 554.8
1 0.38 251.9 375.6 264.5 377.1 261.2 403.6 248.6 402.1
1 0.35 123.1 559.8 123.8 573.0 91.1 574.7 90.4 561.5
1 0.68 892.6 518.6 901.3 529.8 874.8 550.5 866.0 539.3
1 0.54 914.2 488.2 924.7 495.8 907.9 519.0 897.4 511.4
1 0.39 1189.6 30.2 1199.3 34.7 1189.9 54.9 1180.2 50.4
1 0.41 1015.8 435.1 1027.3 440.5 1015.8 465.1 1004.3 459.7
1 0.41 1055.5 201.3 1066.5 206.2 1056.0 229.7 1045.1 224.8
1 0.44 1138.4 174.1 1150.9 179.9 1139.2 205.1 1126.7 199.3
1 0.45 930.0 459.0 941.7 465.0 928.7 490.6 917.0 484.6
1 0.47 936.0 90.1 948.9 97.9 929.8 129.7 916.8 121.9
1 0.49 1211.7 16.4 1222.7 21.5 1212.5 43.2 1201.6 38.1
1 0.49 761.5 389.0 762.2 401.4 732.1 403.0 731.5 390.5
1 0.49 1133.7 41.8 1145.3 47.2 1133.2 73.0 1121.7 67.7
1 0.52 1070.8 168.6 1082.1 173.6 1071.1 198.1 1059.9 193.1
1 0.53 1118.7 72.0 1130.4 77.2 1119.2 102.3 1107.6 97.1
1 0.53 1185.2 76.2 1196.9 81.7 1184.5 108.1 1172.9 102.7
1 0.53 1127.2 198.1 1139.7 204.5 1126.3 230.7 1113.8 224.3
1 0.55 1081.0 294.7 1094.5 300.7 1081.5 329.9 1068.1 323.9
1 0.66 982.0 347.7 995.1 353.8 981.5 383.1 968.3 376.9
1 0.56 1199.6 44.0 1211.2 49.4 1198.6 76.3 1187.0 71.0
1 0.56 994.6 475.8 1009.0 479.9 999.5 512.9 985.2 508.7
1 0.56 1030.8 401.8 1043.1 408.1 1029.6 434.6 1017.3 428.4
1 0.57 828.6 562.2 828.6 576.2 792.3 576.2 792.3 562.2
1 0.58 763.6 265.8 763.8 279.6 730.8 280.2 730.6 266.3
1 0.58 1041.4 234.9 1053.0 241.4 1037.9 268.5 1026.3 262.1
1 0.58 1133.3 142.6 1144.4 147.6 1132.5 174.5 1121.3 169.5
1 0.59 943.9 422.3 958.8 428.0 946.2 460.7 931.4 455.0
1 0.6 1149.5 11.4 1160.2 16.2 1149.2 41.0 1138.5 36.2
1 0.62 1011.3 550.2 997.9 554.9 987.4 524.2 1000.8 519.6
1 0.63 1023.7 266.2 1036.1 272.5 1021.6 300.9 1009.3 294.6
1 0.64 863.2 541.1 871.3 552.6 843.5 572.0 835.5 560.5
1 0.65 1048.3 364.0 1061.3 370.6 1046.9 398.8 1033.9 392.2
1 0.3 1066.0 333.3 1077.6 339.2 1064.5 365.0 1052.8 359.1
