1 0.41 868.1 726.2 883.1 732.9 865.7 771.9 850.8 765.2
1 0.64 1216.8 482.3 1230.7 486.3 1221.7 517.6 1207.8 513.6
1 0.37 1231.1 436.5 1244.8 441.0 1235.9 468.3 1222.2 463.8
1 0.62 1292.1 67.5 1304.0 72.3 1293.1 99.2 1281.3 94.4
1 0.59 1328.9 152.5 1341.4 156.3 1333.4 182.5 1320.9 178.6
1 0.58 1307.3 220.2 1319.4 224.2 1310.5 251.7 1298.4 247.7
1 0.53 1317.1 191.8 1329.6 195.8 1321.8 219.8 1309.2 215.8
1 0.5 1303.9 33.5 1315.7 38.0 1305.1 65.6 1293.4 61.0
1 0.49 1342.7 113.7 1355.0 117.7 1346.4 144.2 1334.2 140.2
1 0.47 1312.3 1.3 1325.0 5.4 1316.0 33.2 1303.3 29.1
1 0.46 1292.2 257.1 1305.2 260.1 1298.6 288.7 1285.6 285.7
1 0.44 1354.8 80.6 1366.4 84.4 1358.7 108.2 1347.1 104.4
1 0.42 1280.0 294.5 1293.5 298.4 1284.7 329.1 1271.2 325.3
1 0.27 1384.5 -14.2 1397.1 -9.3 1386.7 17.9 1374.0 13.0
1 0.66 1216.7 482.4 1230.6 486.4 1221.7 517.6 1207.8 513.6
1 0.65 1194.1 288.5 1204.3 297.1 1184.4 320.8 1174.2 312.2
1 0.29 1231.1 439.2 1244.2 443.5 1236.6 467.0 1223.5 462.8
1 0.39 1154.4 450.8 1167.5 454.8 1159.2 482.2 1146.0 478.1
1 0.45 1292.3 257.1 1305.2 260.0 1298.6 288.5 1285.8 285.6
1 0.45 1194.5 346.7 1206.5 350.6 1199.0 373.8 1186.9 369.9
1 0.46 1147.3 481.7 1159.6 485.2 1151.0 515.1 1138.7 511.5
1 0.48 1155.6 613.9 1167.4 618.5 1157.5 644.4 1145.7 639.8
1 0.49 1031.0 804.4 1044.4 808.8 1033.8 841.4 1020.4 837.0
1 0.53 1092.0 635.5 1105.1 640.5 1093.3 671.2 1080.2 666.2
1 0.54 1015.0 850.9 1028.4 854.7 1019.5 885.9 1006.1 882.0
1 0.55 1170.4 410.2 1183.8 415.4 1172.3 445.4 1158.9 440.3
1 0.56 1257.6 366.2 1270.9 371.3 1259.7 400.6 1246.3 395.5
1 0.56 1107.3 807.0 1121.7 811.6 1111.6 842.6 1097.3 838.0
1 0.57 1100.0 767.0 1113.8 771.5 1102.3 806.7 1088.5 802.2
1 0.57 1233.6 233.2 1245.7 238.1 1234.0 266.9 1222.0 262.1
1 0.58 1182.0 376.9 1195.2 381.2 1185.1 412.4 1171.9 408.1
1 0.59 1107.4 592.2 1120.1 596.3 1109.9 627.6 1097.2 623.5
1 0.6 1096.6 840.9 1112.1 846.8 1098.5 882.2 1083.0 876.2
1 0.61 1192.2 557.9 1205.4 563.0 1194.5 591.5 1181.3 586.4
1 0.61 1166.0 632.4 1179.9 636.9 1169.2 670.0 1155.3 665.5
1 0.62 1152.7 674.7 1167.5 679.5 1156.5 713.4 1141.7 708.6
1 0.62 1177.7 594.8 1191.3 598.7 1182.3 630.2 1168.7 626.3
1 0.63 1280.5 294.8 1293.5 299.0 1284.2 327.9 1271.2 323.6
1 0.64 1077.6 674.7 1091.7 679.3 1081.1 712.0 1067.0 707.4
1 0.26 1241.1 404.9 1255.6 409.6 1246.3 438.3 1231.8 433.6
1 0.6 683.8 971.7 684.7 987.7 646.6 989.6 645.8 973.7
1 0.38 868.0 726.5 882.9 733.1 865.6 771.9 850.8 765.3
1 0.66 1216.7 482.4 1230.6 486.4 1221.7 517.6 1207.8 513.6
1 0.65 1233.1 235.6 1244.6 240.3 1233.9 266.7 1222.4 262.0
1 0.28 1241.1 404.7 1255.7 409.5 1246.3 438.3 1231.7 433.6
1 0.3 1231.1 439.0 1244.3 443.3 1236.6 467.2 1223.4 462.9
1 0.38 1154.4 450.8 1167.6 454.8 1159.2 482.2 1146.0 478.2
1 0.45 1194.4 346.7 1206.6 350.6 1199.0 373.8 1186.9 369.9
1 0.45 1155.0 613.7 1167.7 617.9 1158.3 646.6 1145.6 642.5
1 0.45 1312.3 1.4 1325.0 5.5 1316.0 33.2 1303.3 29.1
1 0.46 1354.8 80.6 1366.4 84.4 1358.7 108.2 1347.0 104.4
1 0.46 1292.3 257.1 1305.2 260.1 1298.6 288.5 1285.7 285.6
1 0.46 1147.3 481.7 1159.6 485.2 1151.0 515.0 1138.7 511.5
1 0.49 1303.9 33.5 1315.7 38.0 1305.2 65.5 1293.4 61.0
1 0.49 1342.7 113.7 1355.0 117.7 1346.5 144.2 1334.1 140.2
1 0.55 1317.0 191.8 1329.6 195.9 1321.9 219.9 1309.2 215.8
1 0.55 1211.0 216.8 1223.8 219.8 1217.0 249.3 1204.2 246.4
1 0.56 1257.5 366.1 1271.0 371.3 1259.7 400.7 1246.3 395.5
1 0.56 1170.5 410.2 1183.8 415.4 1172.3 445.4 1158.9 440.3
1 0.58 1182.0 376.9 1195.2 381.2 1185.1 412.4 1171.9 408.1
1 0.58 1307.3 220.3 1319.5 224.2 1310.5 251.7 1298.3 247.7
1 0.58 1253.7 179.5 1265.1 183.9 1255.2 209.8 1243.8 205.4
1 0.59 1107.4 592.1 1120.1 596.2 1109.9 627.7 1097.2 623.6
1 0.59 1328.7 152.6 1341.2 156.2 1333.7 182.4 1321.1 178.8
1 0.6 1292.0 67.5 1304.0 72.4 1293.1 99.3 1281.1 94.4
1 0.61 1192.2 558.0 1205.4 563.0 1194.5 591.4 1181.3 586.4
1 0.62 1177.7 594.8 1191.3 598.7 1182.3 630.4 1168.6 626.5
1 0.63 1280.5 294.8 1293.6 299.0 1284.2 327.9 1271.1 323.7
1 0.65 1194.1 288.5 1204.3 297.1 1184.4 320.8 1174.2 312.2
1 0.27 1384.5 -14.1 1397.1 -9.2 1386.7 17.9 1374.1 13.0
1 0.66 1216.7 482.4 1230.6 486.4 1221.7 517.6 1207.8 513.6
1 0.63 1077.6 674.6 1091.7 679.2 1081.1 712.0 1066.9 707.4
1 0.45 1154.2 450.7 1167.4 454.5 1159.5 481.9 1146.3 478.1
1 0.47 1147.3 481.3 1159.7 484.8 1151.0 515.2 1138.6 511.6
1 0.5 1031.0 804.4 1044.4 808.8 1033.8 841.4 1020.4 837.0
1 0.5 1155.5 613.9 1167.5 618.5 1157.5 644.4 1145.6 639.8
1 0.52 1092.0 635.5 1105.0 640.5 1093.3 671.2 1080.2 666.2
1 0.54 1107.4 807.7 1121.9 812.5 1111.8 843.5 1097.3 838.8
1 0.55 981.5 940.1 997.4 945.5 984.6 982.7 968.7 977.3
1 0.57 1099.9 767.2 1113.7 771.7 1102.4 806.5 1088.6 802.0
1 0.59 1107.4 592.2 1120.1 596.3 1109.9 627.7 1097.2 623.5
1 0.61 1000.5 895.4 1015.4 901.1 1001.5 937.3 986.6 931.6
1 0.61 1166.0 632.5 1179.9 637.0 1169.2 669.8 1155.4 665.3
1 0.61 1192.2 557.8 1205.5 562.9 1194.5 591.5 1181.2 586.5
1 0.61 1152.7 674.5 1167.6 679.3 1156.5 713.4 1141.6 708.6
1 0.62 1096.8 841.4 1111.8 847.2 1099.0 880.7 1083.9 874.9
1 0.63 1050.4 972.2 1066.5 977.4 1054.4 1014.8 1038.3 1009.6
1 0.63 1177.7 594.7 1191.4 598.6 1182.4 630.2 1168.6 626.3
1 0.63 1015.5 850.9 1028.8 855.2 1018.5 886.8 1005.2 882.5
1 0.38 1231.1 437.0 1244.6 441.4 1235.9 468.0 1222.4 463.6
1 0.63 1077.6 674.6 1091.8 679.2 1081.1 712.0 1066.9 707.4
1 0.62 1015.4 850.8 1028.8 855.2 1018.6 886.8 1005.2 882.5
1 0.62 1050.4 972.2 1066.5 977.4 1054.4 1014.8 1038.3 1009.6
1 0.62 1096.8 841.4 1111.8 847.2 1098.9 880.7 1083.9 874.9
1 0.61 683.9 971.7 684.7 987.6 646.6 989.6 645.8 973.7
1 0.6 1000.5 895.4 1015.4 901.1 1001.5 937.3 986.6 931.6
1 0.59 1107.4 592.1 1120.4 596.3 1110.1 627.9 1097.2 623.6
1 0.57 1100.1 766.8 1114.0 771.4 1102.6 806.5 1088.6 802.0
1 0.57 1107.4 807.9 1121.8 812.6 1111.7 843.4 1097.4 838.7
1 0.55 981.6 940.1 997.4 945.5 984.6 982.8 968.7 977.3
1 0.51 1092.0 635.5 1105.1 640.5 1093.3 671.2 1080.2 666.2
1 0.5 1031.0 804.4 1044.4 808.8 1033.8 841.4 1020.4 837.0
1 0.48 963.3 1000.9 977.7 1006.4 964.4 1041.2 949.9 1035.7
1 0.39 868.0 726.1 883.0 732.8 865.5 772.0 850.6 765.4
1 0.38 941.5 1051.0 957.4 1056.5 945.2 1091.8 929.4 1086.3
1 0.66 1216.7 482.4 1230.7 486.4 1221.7 517.6 1207.8 513.6
1 0.54 1170.4 410.1 1183.8 415.3 1172.3 445.4 1158.9 440.3
1 0.29 1231.1 438.9 1244.4 443.2 1236.6 467.2 1223.3 462.9
1 0.37 1154.4 450.8 1167.5 454.9 1159.2 482.2 1146.0 478.2
1 0.42 868.1 726.0 883.1 732.7 865.6 772.0 850.6 765.3
1 0.44 1194.4 346.7 1206.5 350.7 1199.0 373.7 1186.9 369.8
1 0.45 1147.3 481.6 1159.6 485.2 1151.0 515.1 1138.7 511.5
1 0.45 1292.3 257.1 1305.2 260.1 1298.6 288.5 1285.7 285.6
1 0.48 1031.0 804.4 1044.4 808.8 1033.8 841.5 1020.4 837.1
1 0.49 1155.6 614.0 1167.4 618.5 1157.5 644.4 1145.7 639.8
1 0.51 1015.0 850.8 1028.6 854.7 1019.6 886.0 1006.0 882.1
1 0.53 1092.0 635.5 1105.1 640.5 1093.3 671.2 1080.2 666.2
1 0.54 1107.3 807.0 1121.7 811.6 1111.6 842.7 1097.2 838.0
1 0.56 1257.6 366.2 1270.9 371.3 1259.7 400.6 1246.3 395.5
1 0.65 1194.1 288.5 1204.3 297.1 1184.4 320.8 1174.2 312.2
1 0.56 1100.0 767.0 1113.8 771.4 1102.3 806.7 1088.5 802.2
1 0.57 1233.6 233.0 1245.8 237.9 1234.0 267.0 1221.9 262.1
1 0.57 1182.0 376.9 1195.2 381.2 1185.1 412.4 1171.9 408.1
1 0.58 1107.4 592.1 1120.1 596.3 1109.9 627.7 1097.2 623.5
1 0.59 1096.6 840.9 1112.1 846.8 1098.5 882.2 1083.0 876.2
1 0.61 1192.2 557.9 1205.4 563.0 1194.5 591.4 1181.3 586.4
1 0.61 1166.0 632.4 1180.0 636.9 1169.2 670.0 1155.2 665.5
1 0.62 1152.7 674.7 1167.5 679.5 1156.5 713.4 1141.7 708.6
1 0.62 1177.7 594.8 1191.4 598.7 1182.3 630.2 1168.7 626.3
1 0.63 1077.6 674.7 1091.7 679.3 1081.1 711.9 1067.0 707.4
1 0.63 1280.5 294.8 1293.6 299.0 1284.2 327.9 1271.2 323.6
1 0.28 1241.2 404.6 1255.8 409.3 1246.3 438.3 1231.7 433.6
1 0.66 1216.7 482.4 1230.7 486.4 1221.7 517.6 1207.8 513.6
1 0.65 1233.0 235.6 1244.6 240.3 1233.9 266.7 1222.4 262.0
1 0.3 1241.2 404.5 1255.8 409.2 1246.3 438.3 1231.7 433.6
1 0.37 1154.4 450.8 1167.5 454.9 1159.2 482.2 1146.0 478.2
1 0.44 1312.3 1.4 1325.0 5.5 1316.0 33.2 1303.3 29.1
1 0.44 1194.4 346.7 1206.5 350.6 1199.0 373.8 1186.9 369.9
1 0.45 1147.3 481.7 1159.6 485.2 1151.0 515.0 1138.7 511.5
1 0.46 1154.9 613.7 1167.7 617.8 1158.3 646.6 1145.6 642.5
1 0.46 1292.3 257.1 1305.2 260.1 1298.6 288.6 1285.7 285.6
1 0.49 1303.9 33.5 1315.7 38.0 1305.1 65.6 1293.3 61.1
1 0.49 1342.8 113.5 1355.2 117.5 1346.6 144.1 1334.2 140.1
1 0.55 1317.0 191.8 1329.6 195.9 1321.8 219.8 1309.3 215.7
1 0.55 1211.1 216.8 1223.8 219.8 1217.0 249.3 1204.2 246.4
1 0.56 1170.4 410.1 1183.8 415.3 1172.3 445.4 1158.9 440.3
1 0.56 1257.5 366.1 1271.0 371.3 1259.7 400.7 1246.2 395.5
1 0.57 1182.0 376.9 1195.2 381.2 1185.1 412.4 1171.9 408.1
1 0.58 1253.7 179.5 1265.1 183.9 1255.2 209.8 1243.8 205.4
1 0.58 1307.3 220.2 1319.5 224.2 1310.6 251.7 1298.3 247.7
1 0.58 1107.4 592.1 1120.1 596.2 1109.9 627.7 1097.1 623.6
1 0.59 1328.7 152.6 1341.2 156.2 1333.7 182.4 1321.2 178.8
1 0.6 1292.0 67.5 1304.0 72.4 1293.1 99.3 1281.1 94.5
1 0.61 1192.2 557.9 1205.4 563.0 1194.5 591.4 1181.3 586.4
1 0.62 1177.7 594.8 1191.4 598.7 1182.3 630.4 1168.6 626.5
1 0.64 1280.5 294.8 1293.6 299.0 1284.2 327.9 1271.1 323.7
1 0.64 1194.1 288.5 1204.3 297.1 1184.4 320.8 1174.2 312.2
1 0.29 1231.1 438.9 1244.4 443.2 1236.6 467.3 1223.3 462.9
1 0.66 1216.7 482.4 1230.6 486.4 1221.7 517.6 1207.8 513.6
1 0.55 981.5 940.0 997.4 945.5 984.6 982.8 968.7 977.3
1 0.38 868.1 726.2 883.0 732.8 865.6 772.0 850.6 765.3
1 0.38 1231.1 436.9 1244.6 441.3 1235.9 468.1 1222.4 463.7
1 0.45 1154.2 450.7 1167.3 454.5 1159.5 481.9 1146.4 478.1
1 0.47 1147.3 481.3 1159.7 484.8 1151.0 515.1 1138.6 511.6
1 0.49 963.3 1000.9 977.7 1006.5 964.4 1041.2 949.9 1035.6
1 0.5 1031.0 804.4 1044.4 808.8 1033.8 841.4 1020.4 837.0
1 0.5 1155.5 613.9 1167.5 618.5 1157.5 644.4 1145.6 639.8
1 0.52 1092.0 635.5 1105.0 640.6 1093.3 671.2 1080.2 666.1
1 0.53 1107.3 807.7 1121.9 812.5 1111.8 843.5 1097.2 838.7
1 0.56 1099.9 767.2 1113.7 771.7 1102.4 806.5 1088.6 802.0
1 0.63 1077.6 674.6 1091.8 679.2 1081.1 712.0 1066.9 707.4
1 0.58 1107.4 592.2 1120.1 596.3 1109.9 627.7 1097.2 623.6
1 0.6 1000.4 895.4 1015.4 901.2 1001.5 937.3 986.6 931.6
1 0.61 1166.0 632.5 1179.9 637.0 1169.2 669.8 1155.3 665.3
1 0.61 1152.7 674.5 1167.6 679.4 1156.5 713.4 1141.6 708.6
1 0.61 1192.2 557.9 1205.4 563.0 1194.5 591.5 1181.3 586.4
1 0.62 1096.8 841.4 1111.9 847.2 1099.0 880.7 1083.9 874.9
1 0.62 1015.4 850.8 1028.9 855.2 1018.6 886.8 1005.1 882.5
1 0.62 1050.4 972.2 1066.5 977.4 1054.3 1014.8 1038.3 1009.6
1 0.63 1177.7 594.7 1191.4 598.6 1182.4 630.2 1168.6 626.3
1 0.37 941.5 1051.0 957.4 1056.5 945.2 1091.8 929.4 1086.3
1 0.48 231.4 851.9 213.2 853.1 210.4 812.8 228.5 811.5
1 0.36 150.2 855.6 167.7 858.0 162.5 895.4 144.9 893.0
1 0.28 126.7 855.5 144.4 857.0 141.1 894.2 123.4 892.7
1 0.66 1233.1 235.6 1244.6 240.3 1233.9 266.7 1222.4 262.0
1 0.64 1216.7 482.3 1230.7 486.3 1221.7 517.7 1207.7 513.7
1 0.27 1241.4 403.9 1256.0 408.7 1246.3 438.6 1231.7 433.8
1 0.27 1384.5 -14.2 1397.1 -9.3 1386.7 17.9 1374.1 13.0
1 0.45 1354.8 80.6 1366.4 84.4 1358.7 108.1 1347.1 104.4
1 0.46 1292.3 257.1 1305.2 260.1 1298.6 288.5 1285.7 285.6
1 0.46 1312.4 1.4 1324.9 5.5 1315.9 33.2 1303.4 29.1
1 0.49 1342.7 113.7 1355.0 117.7 1346.5 144.1 1334.2 140.1
1 0.5 1303.9 33.5 1315.7 38.0 1305.1 65.6 1293.4 61.1
1 0.54 1317.1 191.8 1329.6 195.9 1321.8 219.8 1309.3 215.7
1 0.55 1257.5 366.1 1271.0 371.2 1259.7 400.7 1246.2 395.5
1 0.57 1307.3 220.2 1319.4 224.2 1310.5 251.7 1298.4 247.7
1 0.59 1253.7 179.5 1265.1 183.9 1255.2 209.8 1243.8 205.4
1 0.59 1329.0 152.6 1341.3 156.4 1333.4 182.4 1321.0 178.6
1 0.6 1211.1 216.7 1223.8 219.7 1216.9 249.4 1204.2 246.4
1 0.61 1292.0 67.5 1303.9 72.4 1293.1 99.3 1281.1 94.5
1 0.63 1280.5 294.8 1293.6 299.0 1284.2 327.9 1271.1 323.7
1 0.25 1231.1 438.7 1244.5 443.0 1236.6 467.5 1223.1 463.1
1 0.59 149.8 855.9 167.3 858.4 162.2 894.3 144.8 891.9
1 0.58 74.9 1056.3 76.3 1072.6 37.3 1076.0 35.9 1059.7
1 0.57 84.0 912.8 85.7 928.5 48.6 932.4 46.9 916.7
1 0.52 182.5 1051.6 165.5 1052.8 163.0 1017.4 180.1 1016.2
1 0.52 57.8 1004.8 59.5 1021.0 20.9 1025.1 19.2 1008.9
1 0.49 231.3 851.8 213.1 853.1 210.3 812.8 228.5 811.5
1 0.37 112.9 858.2 126.5 859.3 123.8 890.2 110.2 889.0
1 0.35 126.9 855.6 144.2 857.1 141.3 889.7 124.1 888.2
1 0.31 168.9 848.9 185.3 849.4 184.1 883.7 167.7 883.1
1 0.58 1107.4 592.1 1120.4 596.3 1110.1 627.9 1097.2 623.7
1 0.64 1216.7 482.3 1230.7 486.3 1221.7 517.7 1207.7 513.7
1 0.63 1280.5 294.7 1293.6 299.0 1284.2 327.9 1271.1 323.7
1 0.57 1233.7 232.8 1245.8 237.7 1234.0 267.0 1221.9 262.1
1 0.55 1257.6 366.1 1271.0 371.3 1259.7 400.7 1246.3 395.5
1 0.44 1292.3 257.0 1305.2 260.0 1298.6 288.5 1285.7 285.6
1 0.63 1077.5 674.7 1091.7 679.3 1081.1 712.0 1066.9 707.4
1 0.6 1096.6 840.8 1112.1 846.7 1098.5 882.1 1083.0 876.2
1 0.59 1107.4 592.2 1120.3 596.4 1110.1 627.8 1097.2 623.6
1 0.58 1106.8 808.0 1121.3 812.1 1112.4 843.2 1097.9 839.0
1 0.56 1100.2 766.5 1114.2 771.0 1102.6 806.8 1088.6 802.2
1 0.53 1015.0 850.8 1028.5 854.7 1019.6 885.8 1006.1 881.9
1 0.52 1092.0 635.4 1105.1 640.4 1093.3 671.3 1080.1 666.2
1 0.49 1031.0 804.4 1044.4 808.8 1033.8 841.4 1020.4 837.1
1 0.4 868.1 726.0 883.1 732.7 865.6 772.1 850.5 765.4
1 0.45 1292.2 257.0 1305.2 260.0 1298.6 288.7 1285.6 285.7
1 0.43 1280.1 294.6 1293.4 298.4 1284.7 328.9 1271.3 325.1
