1 0.62 1074.1 558.7 1087.9 563.2 1077.9 594.0 1064.1 589.5
1 0.54 1088.8 521.3 1101.5 526.2 1090.1 555.8 1077.5 550.9
1 0.52 1103.9 479.7 1116.0 483.6 1106.2 513.9 1094.0 510.0
1 0.63 1176.4 274.9 1189.6 279.2 1179.8 309.4 1166.6 305.0
1 0.63 1160.2 519.3 1174.1 523.8 1164.0 555.0 1150.1 550.5
1 0.29 1150.2 344.3 1162.7 348.3 1154.5 373.7 1142.0 369.6
1 0.42 1150.0 500.8 1161.7 504.6 1153.4 529.9 1141.7 526.1
1 0.43 1308.7 98.9 1321.0 103.6 1312.2 126.4 1300.0 121.7
1 0.45 1189.0 245.3 1200.9 249.1 1193.1 273.2 1181.2 269.3
1 0.46 1142.7 373.4 1155.0 377.1 1145.9 406.9 1133.6 403.1
1 0.48 1206.4 121.0 1218.6 124.3 1210.7 153.7 1198.5 150.5
1 0.54 1103.8 479.9 1115.9 483.9 1106.1 514.0 1094.0 510.1
1 0.54 1286.2 159.1 1298.6 162.7 1290.7 190.4 1278.3 186.8
1 0.55 1088.8 521.3 1101.5 526.2 1090.1 555.8 1077.4 551.0
1 0.56 1250.6 265.4 1263.7 270.7 1252.2 299.0 1239.2 293.8
1 0.56 1165.5 305.8 1178.4 310.8 1167.1 340.5 1154.1 335.5
1 0.56 1300.1 125.6 1311.8 130.1 1301.9 155.9 1290.2 151.4
1 0.58 1272.9 197.0 1285.9 201.7 1275.5 230.2 1262.5 225.5
1 0.59 1320.8 61.2 1333.1 65.1 1324.8 90.7 1312.5 86.7
1 0.59 1187.8 190.3 1197.9 198.1 1179.7 221.4 1169.7 213.5
1 0.59 1147.7 558.7 1162.5 563.5 1151.7 596.9 1136.9 592.1
1 0.6 1185.8 447.6 1198.9 452.6 1188.4 479.9 1175.3 474.9
1 0.61 1333.9 23.6 1345.9 27.5 1337.7 52.8 1325.7 48.9
1 0.61 1226.5 140.0 1238.2 144.7 1227.9 170.2 1216.2 165.4
1 0.61 1173.6 482.1 1186.4 486.2 1176.6 516.6 1163.7 512.4
1 0.62 1247.2 86.8 1258.1 90.8 1249.1 115.6 1238.1 111.7
1 0.62 1074.1 558.6 1088.0 563.1 1077.9 594.0 1064.1 589.5
1 0.63 1211.2 374.6 1224.5 378.9 1214.6 409.3 1201.4 405.0
1 0.25 1346.0 -12.4 1358.5 -8.3 1349.6 19.0 1337.1 14.9
1 0.46 690.8 838.2 692.2 853.7 655.1 857.0 653.7 841.5
1 0.43 870.1 606.0 884.9 612.9 867.6 650.2 852.7 643.3
1 0.6 1333.9 23.5 1345.9 27.4 1337.7 52.8 1325.7 48.9
1 0.58 1320.8 61.1 1333.1 65.1 1324.8 90.7 1312.5 86.7
1 0.56 1286.1 159.0 1298.5 162.6 1290.5 190.4 1278.1 186.8
1 0.56 1300.2 125.6 1311.8 130.0 1301.8 155.9 1290.2 151.4
1 0.43 1308.8 98.9 1320.9 103.6 1312.2 126.4 1300.0 121.7
1 0.63 168.3 730.8 184.7 732.2 181.7 766.4 165.3 765.0
1 0.49 183.6 927.4 202.1 929.0 198.3 971.5 179.9 969.9
1 0.38 20.8 787.3 23.2 802.1 -11.6 807.6 -14.0 792.8
1 0.42 187.6 723.2 203.2 724.0 201.5 756.5 185.8 755.7
1 0.42 146.8 730.4 162.9 731.2 161.3 762.5 145.2 761.7
1 0.43 132.5 732.0 146.5 733.0 144.4 763.3 130.4 762.4
1 0.48 104.3 784.8 105.5 798.9 70.6 802.0 69.3 787.9
1 0.49 32.6 869.1 33.4 884.4 -2.0 886.2 -2.8 871.0
1 0.52 248.6 726.3 230.5 727.5 227.7 688.5 245.9 687.2
1 0.62 96.3 920.2 98.0 936.6 60.5 940.5 58.8 924.1
1 0.54 116.3 1013.0 130.9 1014.0 128.6 1047.0 114.0 1046.0
1 0.55 200.0 917.4 184.1 918.3 182.3 884.7 198.2 883.9
1 0.55 35.6 925.6 39.7 939.1 7.3 949.0 3.2 935.5
1 0.58 80.5 872.8 82.1 887.9 44.5 891.9 42.9 876.7
1 0.59 181.2 997.7 197.5 999.1 194.2 1037.4 177.9 1035.9
1 0.61 132.3 998.2 115.8 999.1 114.0 964.1 130.5 963.2
1 0.38 177.6 1046.2 195.2 1046.5 194.5 1088.1 176.9 1087.8
1 0.63 1176.4 274.9 1189.7 279.2 1179.8 309.4 1166.6 305.1
1 0.63 1160.2 519.3 1174.1 523.8 1163.9 555.0 1150.1 550.5
1 0.29 1150.2 344.3 1162.7 348.4 1154.5 373.6 1142.0 369.6
1 0.42 1150.0 500.8 1161.7 504.6 1153.4 529.9 1141.8 526.1
1 0.45 1308.7 98.9 1321.0 103.6 1312.2 126.4 1300.0 121.7
1 0.45 1189.0 245.3 1200.8 249.1 1193.0 273.1 1181.2 269.3
1 0.45 1142.7 373.3 1155.0 377.1 1145.9 406.9 1133.6 403.1
1 0.48 1206.4 121.0 1218.6 124.2 1210.7 153.8 1198.5 150.5
1 0.54 1103.8 479.9 1116.0 483.9 1106.1 514.1 1094.0 510.1
1 0.54 1088.8 521.3 1101.5 526.1 1090.1 555.8 1077.4 550.9
1 0.55 1286.2 159.1 1298.6 162.7 1290.7 190.4 1278.3 186.8
1 0.56 1165.5 305.9 1178.4 310.8 1167.0 340.5 1154.1 335.5
1 0.56 1250.6 265.5 1263.6 270.7 1252.2 299.0 1239.2 293.7
1 0.57 1300.1 125.6 1311.8 130.0 1301.9 155.9 1290.2 151.4
1 0.58 1272.9 197.0 1285.9 201.7 1275.5 230.2 1262.5 225.5
1 0.59 1187.8 190.3 1197.9 198.1 1179.7 221.4 1169.7 213.5
1 0.59 1185.8 447.6 1198.8 452.6 1188.4 479.9 1175.3 474.9
1 0.59 1147.8 558.7 1162.5 563.5 1151.6 596.9 1136.9 592.1
1 0.6 1320.8 61.2 1333.1 65.2 1324.8 90.7 1312.5 86.7
1 0.61 1173.6 482.1 1186.4 486.2 1176.6 516.6 1163.7 512.4
1 0.61 1226.4 140.0 1238.2 144.7 1227.9 170.2 1216.2 165.4
1 0.61 1333.9 23.6 1345.9 27.5 1337.7 52.8 1325.7 48.9
1 0.62 1074.1 558.6 1088.0 563.1 1077.9 594.0 1064.0 589.5
1 0.62 1247.2 86.8 1258.1 90.8 1249.1 115.7 1238.1 111.7
1 0.63 1211.2 374.6 1224.4 378.9 1214.6 409.3 1201.4 405.0
1 0.29 1346.1 -12.5 1358.7 -8.4 1349.8 19.2 1337.1 15.1
1 0.65 903.8 1015.8 920.4 1020.5 909.6 1058.5 893.0 1053.7
1 0.59 1000.1 979.8 1014.6 984.5 1003.7 1018.2 989.2 1013.5
1 0.46 870.5 605.2 885.6 612.2 867.8 650.3 852.7 643.3
1 0.49 962.7 869.1 977.1 874.6 964.0 908.9 949.6 903.4
1 0.54 1088.8 521.2 1101.6 526.1 1090.2 555.9 1077.4 551.0
1 0.54 1103.8 480.0 1115.9 484.0 1106.1 514.0 1094.0 510.1
1 0.55 1013.3 725.7 1026.5 730.0 1016.8 760.1 1003.5 755.8
1 0.56 943.0 917.1 958.2 923.0 944.4 959.0 929.1 953.2
1 0.56 980.8 810.8 995.9 816.0 983.7 851.2 968.6 846.1
1 0.58 1096.6 646.2 1109.5 650.4 1099.2 682.2 1086.2 678.0
1 0.58 985.6 1023.0 1000.1 1027.7 988.7 1062.7 974.2 1058.0
1 0.6 1028.9 683.8 1041.6 688.6 1030.3 718.2 1017.6 713.3
1 0.64 1047.9 841.3 1063.5 846.4 1052.0 882.0 1036.3 876.9
1 0.6 1092.5 718.4 1107.0 724.0 1094.9 755.7 1080.3 750.1
1 0.6 1147.6 559.4 1162.0 564.1 1151.5 596.4 1137.1 591.7
1 0.6 1103.5 685.1 1117.5 689.6 1107.9 719.4 1093.8 714.9
1 0.6 999.3 768.6 1013.6 774.1 1000.2 809.1 985.8 803.6
1 0.6 1016.5 932.0 1032.6 937.2 1020.6 974.2 1004.5 969.0
1 0.61 1185.9 447.3 1198.9 452.3 1188.4 479.8 1175.4 474.8
1 0.62 1074.1 558.6 1088.0 563.1 1077.9 594.1 1064.0 589.6
1 0.62 1173.6 482.0 1186.5 486.2 1176.6 516.6 1163.7 512.4
1 0.62 1160.2 519.3 1174.1 523.8 1164.0 555.0 1150.1 550.5
1 0.43 1150.0 500.8 1161.7 504.6 1153.5 529.8 1141.8 526.0
1 0.62 1211.1 374.9 1224.7 379.3 1214.7 410.0 1201.1 405.6
1 0.54 1250.6 265.3 1263.7 270.6 1252.2 299.1 1239.1 293.8
1 0.64 1176.4 274.9 1189.6 279.2 1179.8 309.3 1166.6 305.0
1 0.63 1211.2 374.6 1224.4 378.9 1214.6 409.3 1201.4 405.0
1 0.41 1150.0 500.8 1161.7 504.6 1153.4 530.0 1141.7 526.2
1 0.43 870.5 605.1 885.6 612.1 867.7 650.4 852.7 643.3
1 0.45 1142.7 373.3 1155.0 377.1 1145.9 406.9 1133.6 403.1
1 0.46 1189.0 245.6 1200.6 249.3 1192.9 273.0 1181.3 269.3
1 0.53 1103.8 479.9 1116.0 483.8 1106.2 514.1 1093.9 510.2
1 0.54 1088.8 521.2 1101.6 526.1 1090.2 555.8 1077.4 551.0
1 0.55 1013.3 725.8 1026.5 730.1 1016.7 760.1 1003.5 755.8
1 0.56 980.9 810.6 996.0 815.8 983.8 851.2 968.7 846.0
1 0.56 1165.5 305.9 1178.4 310.8 1167.0 340.4 1154.1 335.5
1 0.57 1250.7 265.6 1263.5 270.8 1252.2 298.9 1239.3 293.7
1 0.59 1096.6 646.3 1109.5 650.4 1099.2 682.1 1086.3 677.9
1 0.59 1147.8 558.7 1162.5 563.5 1151.7 596.9 1136.9 592.1
1 0.59 1185.8 447.6 1198.9 452.6 1188.4 479.9 1175.3 474.8
1 0.59 1092.5 718.5 1107.0 724.1 1094.8 755.7 1080.3 750.2
1 0.59 1028.9 683.8 1041.6 688.7 1030.3 718.2 1017.5 713.3
1 0.59 1103.5 685.0 1117.6 689.6 1107.9 719.4 1093.8 714.8
1 0.59 1047.5 840.9 1063.7 846.2 1051.6 883.3 1035.5 878.1
1 0.6 1173.6 482.0 1186.5 486.2 1176.6 516.6 1163.7 512.4
1 0.61 999.2 768.5 1013.6 774.0 1000.2 808.9 985.8 803.4
1 0.62 1074.1 558.6 1088.0 563.1 1077.9 594.0 1064.0 589.5
1 0.63 1160.2 519.3 1174.1 523.8 1163.9 554.9 1150.1 550.4
1 0.29 1150.2 344.4 1162.6 348.4 1154.5 373.6 1142.1 369.6
1 0.53 695.2 996.6 696.4 1010.9 664.5 1013.7 663.3 999.4
1 0.45 690.0 838.8 691.4 854.0 655.4 857.2 654.1 842.0
1 0.43 870.2 605.8 885.1 612.8 867.7 650.1 852.7 643.2
1 0.62 1226.5 140.0 1238.2 144.7 1227.9 170.2 1216.2 165.5
1 0.62 1247.2 86.8 1258.1 90.7 1249.1 115.7 1238.1 111.7
1 0.62 1211.1 374.9 1224.7 379.3 1214.7 410.0 1201.1 405.6
1 0.6 1333.9 23.5 1345.9 27.4 1337.7 52.8 1325.7 48.9
1 0.59 1320.8 61.1 1333.1 65.1 1324.8 90.7 1312.5 86.7
1 0.59 1272.9 196.9 1286.0 201.6 1275.5 230.4 1262.4 225.6
1 0.56 1300.1 125.5 1311.8 130.0 1301.9 155.9 1290.2 151.4
1 0.55 1250.6 265.3 1263.7 270.6 1252.2 299.1 1239.1 293.8
1 0.55 1286.2 159.1 1298.6 162.7 1290.6 190.4 1278.3 186.8
1 0.54 1206.4 120.9 1218.6 124.2 1210.6 153.8 1198.5 150.6
1 0.43 1308.7 98.8 1321.0 103.5 1312.2 126.5 1299.9 121.8
1 0.25 1346.0 -12.4 1358.5 -8.4 1349.6 19.1 1337.0 15.0
1 0.65 903.9 1015.8 920.4 1020.5 909.6 1058.5 893.0 1053.7
1 0.65 1047.9 841.3 1063.6 846.4 1052.0 882.0 1036.3 876.9
1 0.44 689.4 838.8 690.7 854.0 654.5 857.1 653.1 841.9
1 0.49 962.7 869.0 977.2 874.6 964.0 909.0 949.5 903.5
1 0.53 695.2 996.5 696.5 1010.9 664.5 1013.7 663.2 999.3
1 0.53 1103.9 479.7 1116.0 483.6 1106.2 513.9 1094.1 509.9
1 0.55 1013.3 725.7 1026.5 730.0 1016.7 760.1 1003.5 755.8
1 0.55 1088.8 521.3 1101.5 526.2 1090.2 555.9 1077.4 551.0
1 0.56 943.0 917.1 958.2 923.0 944.4 959.0 929.1 953.2
1 0.56 981.5 810.8 996.4 816.5 983.0 851.3 968.1 845.6
1 0.58 985.6 1023.0 1000.1 1027.7 988.7 1062.7 974.2 1058.0
1 0.59 1096.6 646.2 1109.5 650.4 1099.2 682.1 1086.3 677.9
1 0.59 1000.1 979.8 1014.6 984.5 1003.7 1018.2 989.2 1013.5
1 0.6 1028.9 683.8 1041.6 688.7 1030.3 718.2 1017.6 713.3
1 0.6 1092.5 718.4 1107.0 724.0 1094.9 755.7 1080.3 750.1
1 0.6 999.3 768.5 1013.6 774.0 1000.2 809.1 985.8 803.6
1 0.6 1016.5 931.9 1032.6 937.2 1020.6 974.2 1004.4 969.0
1 0.62 1074.1 558.6 1088.0 563.1 1077.9 594.1 1064.0 589.6
1 0.63 1103.6 684.9 1117.7 689.5 1107.9 719.5 1093.9 715.0
1 0.44 870.4 605.1 885.6 612.2 867.7 650.4 852.6 643.4
1 0.63 168.4 730.7 184.7 732.1 181.7 766.4 165.4 765.0
1 0.53 248.6 726.1 230.6 727.4 227.9 688.6 245.9 687.4
1 0.47 104.4 784.8 105.7 799.0 70.5 802.1 69.3 787.9
1 0.43 132.6 732.1 146.5 733.0 144.3 763.4 130.4 762.4
1 0.43 146.8 730.4 162.9 731.2 161.3 762.8 145.1 762.0
1 0.38 187.6 723.1 203.2 724.0 201.4 756.6 185.9 755.7
1 0.38 20.8 787.3 23.2 802.1 -11.6 807.6 -13.9 792.8
1 0.64 1176.4 275.0 1189.6 279.2 1179.8 309.3 1166.6 305.0
1 0.59 1092.5 718.5 1107.0 724.1 1094.8 755.7 1080.3 750.2
1 0.42 1150.0 500.8 1161.7 504.6 1153.5 530.0 1141.7 526.2
1 0.46 1142.7 373.4 1155.0 377.1 1145.9 406.8 1133.6 403.1
1 0.47 1189.0 245.5 1200.7 249.3 1193.0 273.0 1181.3 269.2
1 0.54 1103.8 479.9 1116.0 483.8 1106.2 514.1 1094.0 510.1
1 0.55 1088.8 521.3 1101.5 526.2 1090.1 555.9 1077.4 551.0
1 0.56 1165.5 305.9 1178.4 310.8 1167.0 340.4 1154.1 335.5
1 0.57 981.6 810.6 996.5 816.3 983.1 851.2 968.2 845.5
1 0.57 1250.7 265.6 1263.5 270.8 1252.2 298.9 1239.3 293.7
1 0.57 1013.3 725.9 1026.4 730.1 1016.7 760.0 1003.6 755.8
1 0.59 1147.7 558.7 1162.5 563.5 1151.7 596.9 1136.9 592.1
1 0.63 1160.2 519.3 1174.1 523.8 1164.0 554.9 1150.1 550.4
1 0.59 1096.6 646.2 1109.5 650.4 1099.2 682.1 1086.3 677.9
1 0.6 1185.8 447.6 1198.9 452.6 1188.4 479.9 1175.3 474.8
1 0.6 1047.6 840.9 1063.7 846.1 1051.6 883.3 1035.5 878.1
1 0.6 1103.5 685.0 1117.6 689.6 1107.9 719.4 1093.9 714.8
1 0.6 1028.9 683.8 1041.6 688.7 1030.3 718.2 1017.6 713.3
1 0.61 1173.6 482.0 1186.5 486.2 1176.6 516.6 1163.7 512.4
1 0.62 999.3 768.5 1013.6 774.0 1000.2 808.9 985.9 803.4
1 0.62 1074.1 558.6 1088.0 563.1 1077.9 594.0 1064.0 589.5
1 0.63 1211.2 374.6 1224.5 378.9 1214.6 409.3 1201.4 405.0
1 0.29 1150.2 344.3 1162.7 348.4 1154.5 373.7 1142.0 369.6
1 0.64 1047.9 841.3 1063.5 846.4 1052.0 881.9 1036.4 876.9
1 0.6 1092.5 718.5 1107.0 724.0 1094.8 755.7 1080.4 750.1
1 0.55 1103.8 480.0 1115.9 483.9 1106.1 514.0 1094.1 510.0
1 0.55 1088.8 521.2 1101.6 526.1 1090.2 555.9 1077.4 551.0
1 0.56 1013.3 725.8 1026.5 730.1 1016.7 760.0 1003.6 755.8
1 0.57 981.5 810.8 996.4 816.5 983.0 851.2 968.2 845.5
1 0.59 985.6 1023.1 1000.0 1027.8 988.7 1062.7 974.3 1058.0
1 0.59 1096.6 646.2 1109.5 650.4 1099.2 682.2 1086.3 678.0
1 0.6 1000.2 979.8 1014.6 984.5 1003.7 1018.1 989.2 1013.4
1 0.6 1147.6 559.4 1162.0 564.1 1151.5 596.4 1137.1 591.7
1 0.62 1173.6 482.0 1186.5 486.2 1176.6 516.6 1163.7 512.4
1 0.6 1185.9 447.3 1198.9 452.3 1188.3 479.8 1175.4 474.8
1 0.6 1016.5 932.0 1032.6 937.2 1020.6 974.2 1004.5 969.0
1 0.61 999.3 768.6 1013.6 774.1 1000.2 809.0 985.9 803.5
1 0.61 1028.9 683.8 1041.6 688.7 1030.2 718.2 1017.6 713.3
1 0.61 1103.6 685.1 1117.5 689.6 1107.9 719.4 1093.9 714.8
1 0.62 1074.1 558.7 1087.9 563.1 1077.9 594.1 1064.1 589.6
1 0.62 1160.2 519.3 1174.1 523.8 1164.0 555.0 1150.1 550.5
1 0.43 1150.0 500.8 1161.7 504.6 1153.5 529.8 1141.8 526.0
1 0.62 1103.6 684.9 1117.7 689.5 1107.9 719.5 1093.9 715.0
1 0.62 1074.1 558.6 1088.0 563.2 1077.9 594.0 1064.1 589.5
1 0.61 999.2 768.5 1013.6 774.0 1000.2 808.9 985.8 803.4
1 0.6 1028.9 683.8 1041.6 688.7 1030.3 718.2 1017.6 713.3
1 0.6 1096.6 646.2 1109.4 650.4 1099.2 682.0 1086.3 677.9
1 0.6 1092.5 718.5 1107.0 724.1 1094.8 755.7 1080.3 750.2
1 0.6 1047.6 841.0 1063.7 846.2 1051.6 883.2 1035.5 878.0
1 0.56 980.9 810.7 995.9 815.9 983.8 851.2 968.7 846.0
1 0.56 1013.3 725.9 1026.4 730.1 1016.7 760.1 1003.5 755.8
1 0.55 1088.8 521.3 1101.5 526.2 1090.1 555.8 1077.4 551.0
1 0.52 1103.9 479.6 1116.1 483.6 1106.2 514.0 1094.0 510.0
1 0.45 690.8 838.2 692.2 853.7 655.1 857.0 653.7 841.5
1 0.41 870.4 605.1 885.6 612.1 867.7 650.5 852.5 643.4
