1 0.51 1245.3 410.0 1240.2 422.3 1209.6 409.3 1214.8 397.0
1 0.61 1340.1 633.0 1354.5 637.9 1343.2 670.8 1328.8 665.8
1 0.6 1309.0 666.5 1322.1 672.3 1309.5 700.5 1296.4 694.7
1 0.55 1286.5 647.5 1301.1 654.3 1285.9 686.9 1271.3 680.1
1 0.49 1245.3 410.0 1240.1 422.2 1209.5 409.2 1214.7 397.0
1 0.42 1156.2 660.4 1171.4 667.5 1154.1 704.7 1138.8 697.6
1 0.64 1392.1 416.7 1406.6 420.8 1397.6 451.9 1383.2 447.8
1 0.58 1673.6 257.1 1687.0 261.0 1678.9 289.1 1665.6 285.3
1 0.44 1553.5 411.4 1564.8 417.2 1550.8 444.6 1539.5 438.8
1 0.44 1485.4 595.7 1499.5 601.1 1487.0 633.9 1472.8 628.4
1 0.46 1410.9 425.0 1424.5 429.4 1415.0 458.7 1401.4 454.3
1 0.47 1474.4 848.9 1489.3 853.7 1478.3 887.6 1463.4 882.8
1 0.48 1287.0 647.7 1301.1 654.3 1286.4 685.8 1272.3 679.2
1 0.49 1399.0 827.5 1413.7 833.7 1399.3 867.7 1384.6 861.4
1 0.49 1545.9 642.1 1557.5 645.2 1550.8 670.4 1539.2 667.3
1 0.51 1430.7 738.0 1444.7 743.9 1430.7 776.7 1416.8 770.8
1 0.55 1494.9 562.9 1510.1 568.8 1498.6 598.6 1483.4 592.8
1 0.58 1416.1 782.2 1430.6 788.1 1417.1 821.5 1402.6 815.6
1 0.6 1571.5 557.3 1584.7 561.6 1575.2 590.9 1562.0 586.6
1 0.64 1409.2 553.8 1424.0 559.5 1411.5 591.8 1396.8 586.2
1 0.6 1449.7 690.9 1464.3 695.7 1453.1 730.1 1438.5 725.3
1 0.6 1636.3 366.1 1649.1 369.8 1641.4 396.6 1628.6 393.0
1 0.61 1516.3 720.0 1531.4 725.8 1518.4 759.7 1503.3 753.9
1 0.61 1308.9 666.4 1322.1 672.3 1309.5 700.5 1296.4 694.6
1 0.61 1340.1 632.9 1354.6 637.9 1343.3 670.9 1328.8 665.9
1 0.61 1531.8 680.2 1545.8 685.6 1534.1 715.9 1520.1 710.5
1 0.61 1564.6 376.4 1577.4 381.3 1566.4 410.1 1553.6 405.1
1 0.62 1526.4 475.7 1539.7 480.8 1527.9 511.4 1514.7 506.4
1 0.62 1466.0 641.1 1480.6 647.0 1467.2 680.3 1452.5 674.4
1 0.63 1594.4 491.7 1607.8 496.8 1596.5 526.2 1583.1 521.1
1 0.37 1648.7 333.8 1660.3 338.3 1651.9 360.1 1640.3 355.7
1 0.61 1340.1 633.0 1354.5 638.0 1343.2 670.9 1328.7 665.9
1 0.59 1308.9 666.4 1322.1 672.3 1309.4 700.7 1296.3 694.8
1 0.57 1293.2 1032.3 1307.7 1036.4 1297.3 1072.5 1282.8 1068.4
1 0.56 1346.3 978.4 1360.9 984.0 1347.1 1020.0 1332.5 1014.4
1 0.56 1286.5 647.4 1301.2 654.3 1286.0 686.8 1271.3 680.0
1 0.5 1232.8 1019.9 1218.0 1025.0 1206.5 991.5 1221.2 986.4
1 0.43 1316.7 1056.5 1331.5 1062.2 1319.0 1094.7 1304.3 1089.0
1 0.35 1156.3 660.1 1171.6 667.3 1154.1 704.7 1138.8 697.6
1 0.28 1328.8 948.4 1341.3 956.5 1322.8 985.0 1310.3 976.9
1 0.64 1392.1 416.7 1406.6 420.8 1397.6 451.9 1383.2 447.8
1 0.54 1494.9 563.0 1510.0 568.8 1498.6 598.6 1483.5 592.8
1 0.38 1648.7 333.8 1660.3 338.3 1651.9 360.1 1640.3 355.7
1 0.42 1485.3 595.7 1499.6 601.2 1486.9 634.3 1472.6 628.9
1 0.43 1648.0 132.3 1660.4 136.4 1651.9 162.4 1639.5 158.4
1 0.44 1410.9 425.0 1424.5 429.5 1415.0 458.7 1401.4 454.3
1 0.44 1553.5 411.4 1564.8 417.2 1550.8 444.6 1539.5 438.9
1 0.46 1690.8 197.0 1703.8 201.2 1695.0 228.3 1682.0 224.1
1 0.47 1701.1 168.1 1714.0 173.0 1704.1 198.9 1691.2 193.9
1 0.51 1759.7 -0.5 1773.3 4.7 1762.0 34.0 1748.5 28.8
1 0.52 1713.7 140.6 1726.8 144.9 1718.6 170.1 1705.5 165.8
1 0.53 1626.0 202.8 1638.0 207.4 1627.7 234.3 1615.7 229.7
1 0.55 1738.4 63.9 1750.0 67.7 1742.0 92.2 1730.4 88.4
1 0.64 1409.1 554.5 1423.5 560.0 1411.4 591.6 1397.0 586.1
1 0.57 1637.8 164.7 1650.1 169.4 1639.4 197.3 1627.1 192.6
1 0.58 1747.5 32.4 1760.5 36.6 1752.3 61.8 1739.4 57.6
1 0.59 1673.6 257.1 1687.0 260.9 1678.9 289.1 1665.5 285.3
1 0.6 1663.6 93.2 1675.9 97.9 1665.4 125.4 1653.1 120.7
1 0.6 1571.5 557.3 1584.7 561.6 1575.2 590.9 1562.0 586.6
1 0.6 1636.2 366.1 1649.2 369.8 1641.4 396.7 1628.5 393.0
1 0.61 1564.6 376.4 1577.4 381.4 1566.4 410.1 1553.6 405.2
1 0.62 1679.0 37.9 1691.0 42.5 1680.8 69.0 1668.8 64.4
1 0.62 1526.4 475.7 1539.7 480.8 1527.9 511.4 1514.7 506.4
1 0.63 1594.4 491.7 1607.8 496.8 1596.5 526.2 1583.1 521.0
1 0.32 1689.2 6.5 1701.2 11.3 1690.6 37.4 1678.7 32.6
1 0.64 1392.1 416.7 1406.5 420.9 1397.6 451.9 1383.2 447.8
1 0.63 1409.1 554.5 1423.5 560.0 1411.4 591.6 1396.9 586.1
1 0.62 1526.4 475.7 1539.7 480.8 1527.9 511.4 1514.7 506.4
1 0.62 1564.6 376.4 1577.4 381.3 1566.4 410.1 1553.6 405.2
1 0.61 1571.5 557.3 1584.7 561.6 1575.2 590.9 1562.0 586.6
1 0.54 1494.9 563.0 1510.0 568.8 1498.6 598.6 1483.5 592.8
1 0.54 1594.7 490.8 1608.8 496.2 1597.1 526.5 1583.1 521.1
1 0.52 1245.4 410.0 1240.2 422.3 1209.6 409.3 1214.8 397.0
1 0.45 1553.4 411.4 1564.8 417.2 1550.8 444.6 1539.5 438.8
1 0.44 1410.9 425.0 1424.5 429.5 1415.0 458.7 1401.4 454.3
1 0.42 1485.3 595.7 1499.6 601.2 1486.9 634.3 1472.6 628.9
1 0.64 1409.3 553.8 1424.0 559.5 1411.5 591.8 1396.8 586.2
1 0.58 1293.1 1032.2 1307.8 1036.4 1297.3 1072.7 1282.7 1068.5
1 0.42 1485.3 595.8 1499.5 601.2 1486.8 634.1 1472.7 628.7
1 0.43 1316.7 1056.3 1331.6 1062.1 1318.9 1095.1 1304.0 1089.4
1 0.48 1398.9 827.7 1413.6 834.0 1399.3 867.6 1384.6 861.4
1 0.49 1545.9 642.0 1557.5 645.2 1550.7 670.5 1539.1 667.4
1 0.52 1430.7 737.9 1444.8 743.9 1430.7 777.0 1416.6 771.0
1 0.53 1437.0 949.4 1452.7 954.5 1441.4 989.3 1425.7 984.2
1 0.55 1495.0 563.0 1509.9 568.8 1498.4 598.6 1483.5 592.9
1 0.56 1346.2 978.5 1360.9 984.1 1347.1 1019.9 1332.5 1014.3
1 0.56 1232.8 1019.9 1218.0 1025.0 1206.5 991.5 1221.3 986.4
1 0.57 1286.5 647.4 1301.2 654.3 1286.0 686.8 1271.3 680.0
1 0.58 1474.3 849.5 1488.5 854.1 1478.3 885.3 1464.2 880.7
1 0.59 1415.9 782.4 1430.4 788.3 1417.0 821.5 1402.5 815.7
1 0.63 1594.4 491.6 1607.8 496.8 1596.5 526.3 1583.0 521.1
1 0.59 1421.4 1002.6 1435.5 1008.0 1423.7 1038.7 1409.6 1033.2
1 0.6 1308.9 666.4 1322.1 672.3 1309.4 700.7 1296.3 694.9
1 0.6 1449.7 690.9 1464.3 695.6 1453.1 730.1 1438.5 725.3
1 0.6 1571.6 557.2 1584.8 561.5 1575.2 590.9 1562.0 586.6
1 0.61 1531.8 680.1 1545.9 685.5 1534.2 715.8 1520.1 710.4
1 0.61 1406.6 1040.2 1422.3 1045.3 1410.4 1081.9 1394.7 1076.8
1 0.61 1516.3 720.1 1531.3 725.9 1518.4 759.7 1503.3 753.9
1 0.62 1456.5 894.8 1471.7 900.1 1460.2 933.7 1444.9 928.4
1 0.62 1340.1 633.0 1354.6 638.0 1343.3 671.0 1328.7 666.0
1 0.62 1526.5 475.6 1539.8 480.7 1528.0 511.4 1514.7 506.3
1 0.62 1466.0 641.1 1480.6 647.0 1467.1 680.3 1452.5 674.4
1 0.34 1329.1 947.3 1341.9 955.6 1322.8 985.0 1310.0 976.7
1 0.65 1392.1 416.7 1406.5 420.9 1397.6 451.9 1383.2 447.8
1 0.64 1409.1 554.5 1423.5 560.0 1411.4 591.6 1397.0 586.1
1 0.37 1648.6 333.8 1660.3 338.3 1651.9 360.2 1640.2 355.7
1 0.42 1647.9 132.3 1660.4 136.4 1651.9 162.5 1639.4 158.4
1 0.42 1485.3 595.7 1499.6 601.2 1486.8 634.4 1472.6 628.9
1 0.44 1553.4 411.4 1564.8 417.2 1550.8 444.7 1539.4 438.9
1 0.46 1410.9 425.1 1424.5 429.5 1415.0 458.7 1401.5 454.2
1 0.46 1701.1 168.1 1714.0 173.0 1704.1 198.9 1691.2 194.0
1 0.47 1690.8 197.0 1703.8 201.2 1695.0 228.3 1682.0 224.1
1 0.51 1626.0 202.7 1638.0 207.3 1627.7 234.3 1615.7 229.7
1 0.51 1759.7 -0.5 1773.3 4.7 1762.1 34.1 1748.5 28.8
1 0.52 1713.7 140.6 1726.8 144.9 1718.6 170.1 1705.5 165.8
1 0.55 1494.9 563.0 1510.0 568.8 1498.6 598.6 1483.5 592.8
1 0.55 1738.4 63.9 1750.0 67.7 1742.0 92.2 1730.4 88.4
1 0.56 1245.4 410.0 1240.2 422.3 1209.5 409.3 1214.7 397.0
1 0.57 1747.5 32.4 1760.5 36.6 1752.4 61.8 1739.3 57.6
1 0.58 1637.9 164.8 1650.1 169.4 1639.4 197.2 1627.2 192.5
1 0.58 1673.6 257.1 1687.0 260.9 1679.0 289.1 1665.5 285.3
1 0.59 1663.6 93.2 1676.0 97.9 1665.4 125.4 1653.1 120.7
1 0.6 1636.3 366.1 1649.1 369.8 1641.5 396.6 1628.6 393.0
1 0.6 1571.5 557.3 1584.7 561.6 1575.2 590.9 1562.0 586.6
1 0.61 1564.6 376.4 1577.4 381.3 1566.4 410.1 1553.6 405.2
1 0.62 1678.9 37.8 1691.0 42.5 1680.8 69.1 1668.7 64.5
1 0.62 1526.4 475.7 1539.7 480.8 1527.9 511.4 1514.7 506.3
1 0.63 1594.4 491.7 1607.8 496.9 1596.5 526.2 1583.1 521.0
1 0.33 1689.2 6.5 1701.2 11.3 1690.6 37.5 1678.7 32.6
1 0.64 1409.2 553.8 1424.0 559.5 1411.5 591.9 1396.8 586.2
1 0.63 1526.5 475.6 1539.8 480.7 1528.0 511.4 1514.7 506.3
1 0.37 1156.3 660.2 1171.5 667.3 1154.1 704.7 1138.8 697.6
1 0.42 1316.7 1056.3 1331.7 1062.1 1318.9 1095.3 1303.9 1089.5
1 0.43 1485.3 595.8 1499.5 601.3 1486.9 634.0 1472.7 628.6
1 0.48 1398.9 827.8 1413.6 834.0 1399.3 867.6 1384.6 861.4
1 0.49 1545.9 642.0 1557.5 645.1 1550.7 670.5 1539.1 667.4
1 0.51 1232.7 1019.8 1218.0 1024.9 1206.5 991.5 1221.2 986.4
1 0.51 1430.7 737.9 1444.7 743.9 1430.7 776.9 1416.7 771.0
1 0.52 1437.0 949.4 1452.8 954.5 1441.4 989.4 1425.6 984.3
1 0.54 1594.7 490.9 1608.8 496.2 1597.1 526.6 1583.1 521.2
1 0.55 1494.9 563.0 1509.9 568.8 1498.5 598.6 1483.5 592.8
1 0.56 1346.2 978.4 1360.9 984.1 1347.1 1019.9 1332.5 1014.2
1 0.56 1286.5 647.4 1301.2 654.2 1286.0 686.8 1271.3 680.0
1 0.57 1293.2 1032.2 1307.8 1036.4 1297.3 1072.6 1282.8 1068.5
1 0.58 1474.3 849.5 1488.5 854.1 1478.3 885.3 1464.2 880.7
1 0.59 1416.0 782.4 1430.5 788.3 1417.0 821.5 1402.5 815.7
1 0.6 1421.4 1002.6 1435.5 1008.0 1423.7 1038.7 1409.6 1033.2
1 0.6 1308.9 666.4 1322.1 672.3 1309.4 700.7 1296.3 694.8
1 0.6 1449.7 690.9 1464.3 695.6 1453.2 730.0 1438.5 725.3
1 0.61 1406.5 1040.2 1422.3 1045.3 1410.4 1081.9 1394.6 1076.8
1 0.61 1531.8 680.1 1545.9 685.5 1534.2 715.9 1520.1 710.4
1 0.61 1516.3 720.2 1531.3 725.9 1518.4 759.6 1503.3 753.9
1 0.61 1340.1 633.0 1354.6 638.0 1343.3 671.0 1328.7 666.0
1 0.62 1571.5 557.3 1584.8 561.5 1575.2 590.9 1562.0 586.6
1 0.62 1456.5 894.8 1471.7 900.1 1460.2 933.7 1444.9 928.4
1 0.62 1465.9 641.1 1480.6 647.0 1467.1 680.3 1452.5 674.3
1 0.3 1329.1 947.2 1341.9 955.5 1322.7 985.0 1310.0 976.7
1 0.64 1409.2 553.8 1424.0 559.5 1411.5 591.9 1396.8 586.2
1 0.63 1594.4 491.6 1607.8 496.8 1596.5 526.3 1583.0 521.1
1 0.42 1316.7 1056.2 1331.7 1062.0 1318.9 1095.5 1303.8 1089.7
1 0.43 1485.3 595.8 1499.5 601.2 1486.9 634.0 1472.7 628.6
1 0.48 1398.9 827.8 1413.5 834.0 1399.3 867.6 1384.6 861.4
1 0.49 1545.9 642.0 1557.5 645.2 1550.7 670.5 1539.1 667.4
1 0.5 1287.0 647.8 1301.0 654.4 1286.5 685.6 1272.4 679.1
1 0.52 1430.7 737.9 1444.7 743.9 1430.7 777.0 1416.6 771.0
1 0.52 1437.0 949.4 1452.8 954.5 1441.4 989.4 1425.6 984.3
1 0.55 1495.0 563.0 1509.9 568.8 1498.4 598.6 1483.5 592.8
1 0.56 1346.2 978.4 1360.9 984.1 1347.1 1019.8 1332.5 1014.2
1 0.57 1474.3 849.5 1488.5 854.1 1478.3 885.3 1464.2 880.7
1 0.59 1416.0 782.4 1430.4 788.3 1417.0 821.5 1402.5 815.7
1 0.6 1421.4 1002.6 1435.5 1008.0 1423.7 1038.7 1409.6 1033.2
1 0.6 1293.0 1032.1 1307.8 1036.3 1297.2 1073.0 1282.5 1068.7
1 0.6 1449.7 690.9 1464.3 695.6 1453.2 730.0 1438.6 725.3
1 0.6 1308.9 666.4 1322.1 672.3 1309.4 700.7 1296.3 694.8
1 0.6 1571.6 557.3 1584.8 561.5 1575.2 590.9 1562.0 586.6
1 0.6 1406.6 1040.1 1422.3 1045.3 1410.4 1081.9 1394.6 1076.8
1 0.61 1516.3 720.2 1531.3 725.9 1518.4 759.6 1503.3 753.9
1 0.61 1531.8 680.1 1545.9 685.5 1534.2 715.8 1520.1 710.4
1 0.62 1340.1 633.0 1354.6 638.0 1343.3 671.0 1328.7 666.0
1 0.62 1456.5 894.8 1471.7 900.1 1460.2 933.7 1444.9 928.4
1 0.62 1465.9 641.1 1480.6 647.0 1467.1 680.3 1452.5 674.4
1 0.62 1526.5 475.7 1539.7 480.7 1528.0 511.4 1514.7 506.3
1 0.38 1329.1 947.3 1341.9 955.6 1322.8 984.9 1310.0 976.7
1 0.65 1392.1 416.7 1406.6 420.8 1397.6 451.9 1383.2 447.8
1 0.64 1409.1 554.5 1423.5 560.0 1411.4 591.7 1396.9 586.1
1 0.43 1485.3 595.7 1499.5 601.2 1487.0 633.9 1472.8 628.5
1 0.44 1553.4 411.4 1564.8 417.2 1550.8 444.7 1539.4 438.9
1 0.46 1410.9 425.0 1424.5 429.4 1415.0 458.7 1401.4 454.3
1 0.47 1474.5 848.9 1489.3 853.7 1478.3 887.5 1463.5 882.7
1 0.49 1399.0 827.4 1413.7 833.7 1399.3 867.7 1384.6 861.4
1 0.49 1545.9 642.1 1557.5 645.2 1550.8 670.5 1539.2 667.3
1 0.51 1430.7 738.0 1444.7 743.9 1430.8 776.8 1416.7 770.8
1 0.54 1494.9 563.0 1510.1 568.8 1498.6 598.6 1483.5 592.8
1 0.55 1245.4 410.0 1240.2 422.3 1209.4 409.3 1214.7 397.0
1 0.56 1286.5 647.4 1301.2 654.2 1285.9 686.9 1271.3 680.1
1 0.58 1416.0 782.2 1430.6 788.1 1417.1 821.5 1402.5 815.6
1 0.58 1673.6 257.1 1687.0 261.0 1678.9 289.2 1665.5 285.3
1 0.6 1571.5 557.3 1584.7 561.6 1575.2 590.9 1562.0 586.6
1 0.6 1449.7 691.0 1464.3 695.7 1453.1 730.1 1438.5 725.3
1 0.6 1309.0 666.4 1322.1 672.3 1309.5 700.5 1296.4 694.7
1 0.61 1636.3 366.1 1649.1 369.8 1641.4 396.7 1628.6 393.0
1 0.61 1516.3 720.0 1531.4 725.8 1518.4 759.8 1503.3 754.0
1 0.61 1340.1 632.9 1354.6 637.9 1343.3 670.9 1328.7 665.9
1 0.61 1531.8 680.2 1545.8 685.6 1534.1 715.9 1520.1 710.5
1 0.61 1564.6 376.4 1577.4 381.3 1566.4 410.1 1553.6 405.1
1 0.62 1526.4 475.7 1539.7 480.8 1528.0 511.4 1514.7 506.3
1 0.62 1466.0 641.1 1480.6 647.0 1467.2 680.3 1452.5 674.4
1 0.63 1594.4 491.7 1607.8 496.9 1596.5 526.2 1583.1 521.0
1 0.38 1648.6 333.8 1660.3 338.3 1651.9 360.2 1640.2 355.7
1 0.64 1392.1 416.7 1406.6 420.8 1397.6 451.9 1383.2 447.8
1 0.63 1409.2 553.8 1424.0 559.5 1411.5 591.8 1396.8 586.2
1 0.44 1485.4 595.7 1499.6 601.2 1487.0 633.9 1472.8 628.4
1 0.44 1553.4 411.4 1564.8 417.2 1550.8 444.6 1539.5 438.8
1 0.46 1410.9 425.0 1424.6 429.4 1415.0 458.7 1401.4 454.3
1 0.47 1474.4 848.9 1489.3 853.7 1478.3 887.6 1463.4 882.7
1 0.49 1399.0 827.5 1413.7 833.7 1399.3 867.7 1384.6 861.4
1 0.5 1545.9 642.1 1557.6 645.2 1550.8 670.4 1539.2 667.3
1 0.51 1430.7 738.0 1444.7 743.9 1430.7 776.7 1416.8 770.8
1 0.52 1245.4 410.0 1240.2 422.3 1209.5 409.3 1214.7 397.0
1 0.54 1594.7 490.8 1608.8 496.2 1597.1 526.5 1583.1 521.1
1 0.55 1494.9 562.9 1510.1 568.8 1498.6 598.6 1483.4 592.8
1 0.55 1286.5 647.4 1301.2 654.2 1285.9 687.0 1271.2 680.1
1 0.58 1416.0 782.2 1430.6 788.1 1417.1 821.5 1402.6 815.6
1 0.6 1449.7 690.9 1464.3 695.7 1453.1 730.1 1438.5 725.3
1 0.6 1309.0 666.4 1322.1 672.3 1309.5 700.5 1296.4 694.7
1 0.61 1340.1 632.9 1354.6 637.9 1343.3 670.9 1328.7 665.9
1 0.61 1571.5 557.3 1584.7 561.6 1575.2 590.9 1562.0 586.6
1 0.61 1516.3 720.0 1531.4 725.8 1518.4 759.7 1503.3 753.9
1 0.62 1531.8 680.2 1545.8 685.6 1534.1 715.9 1520.1 710.5
1 0.62 1564.6 376.4 1577.4 381.3 1566.4 410.1 1553.6 405.1
1 0.62 1466.0 641.1 1480.6 647.0 1467.2 680.3 1452.5 674.4
1 0.62 1526.4 475.7 1539.7 480.8 1527.9 511.4 1514.7 506.4
1 0.43 1156.2 660.4 1171.4 667.4 1154.1 704.7 1138.8 697.6
