1 0.51 670.1 303.7 616.4 314.2 588.9 172.8 642.6 162.3
1 0.25 906.9 243.3 860.3 250.7 839.3 118.2 885.9 110.8
1 0.34 669.2 300.9 612.9 310.8 588.8 174.2 645.1 164.2
1 0.51 670.2 303.8 616.4 314.2 588.9 172.8 642.7 162.4
1 0.5 912.1 248.4 860.6 255.7 840.6 113.4 892.1 106.2
1 0.38 911.4 604.4 858.7 611.8 839.5 475.0 892.2 467.6
1 0.37 910.7 604.6 858.6 611.9 839.2 473.8 891.3 466.5
1 0.38 911.5 604.5 858.8 611.9 839.6 475.0 892.2 467.6
1 0.39 911.6 604.6 858.9 612.0 839.6 475.0 892.3 467.6
1 0.51 912.2 248.5 860.4 255.8 840.3 113.4 892.2 106.1
1 0.39 911.6 604.5 858.7 611.9 839.5 475.0 892.4 467.6
1 0.39 910.9 604.8 858.6 612.1 839.1 473.8 891.5 466.5
