1 0.46 392.5 660.5 329.9 669.3 308.0 513.5 370.6 504.7
1 0.41 424.0 1074.4 365.6 1079.5 353.9 945.0 412.3 939.9
1 0.47 392.4 657.4 331.5 667.0 307.4 514.9 368.3 505.3
1 0.42 423.9 1074.1 365.8 1079.2 354.0 945.0 412.2 939.9
1 0.5 470.0 350.3 412.7 358.4 392.6 215.5 449.9 207.5
1 0.39 393.8 659.2 331.1 669.1 307.1 517.4 369.8 507.5
1 0.5 470.0 350.3 412.4 358.4 392.3 215.4 450.0 207.3
1 0.37 393.6 658.7 331.5 668.5 307.6 517.7 369.7 507.8
1 0.5 392.8 660.7 329.8 669.6 307.7 512.3 370.7 503.4
1 0.43 470.5 350.0 411.7 358.2 391.0 210.6 449.8 202.4
1 0.49 392.7 660.6 330.1 669.3 308.1 512.4 370.6 503.6
1 0.43 470.6 350.1 411.5 358.4 390.7 210.7 449.8 202.4
