1 0.35 1553.4 151.2 1559.8 203.1 1425.7 219.6 1419.3 167.7
1 0.34 1535.5 70.7 1536.5 125.3 1387.3 127.9 1386.4 73.3
1 0.31 1565.8 224.3 1567.8 280.5 1414.9 285.9 1412.9 229.7
1 0.27 1501.8 -23.6 1511.8 33.1 1378.0 56.7 1368.0 0.0
1 0.53 127.0 986.0 68.3 990.1 58.2 845.2 116.9 841.1
1 0.51 429.1 935.4 373.8 941.2 358.1 791.3 413.3 785.4
1 0.43 428.5 693.6 375.6 699.1 360.9 558.7 413.7 553.2
1 0.48 474.1 257.9 418.6 261.8 408.6 118.2 464.1 114.4
1 0.47 496.3 425.4 442.0 433.1 422.3 293.0 476.7 285.3
1 0.37 470.4 97.2 414.3 108.1 388.2 -26.3 444.3 -37.2
1 0.52 429.4 935.5 373.6 941.4 357.8 791.1 413.6 785.3
1 0.43 428.8 693.6 375.5 699.2 360.8 558.8 414.1 553.2
1 0.39 1552.9 151.5 1559.2 203.0 1426.5 219.3 1420.2 167.8
1 0.36 1535.4 70.8 1536.3 125.0 1388.0 127.6 1387.0 73.3
1 0.28 1503.8 -22.3 1512.8 34.5 1378.0 55.8 1369.0 -1.0
1 0.28 1565.9 224.4 1567.9 280.0 1418.4 285.2 1416.5 229.6
1 0.48 496.3 425.3 442.2 432.9 422.4 292.4 476.5 284.8
1 0.43 427.4 693.1 376.3 698.5 361.8 560.5 412.9 555.2
1 0.48 496.5 425.3 441.8 433.0 422.0 292.1 476.7 284.4
1 0.45 427.9 693.5 376.1 699.0 361.5 560.5 413.3 555.0
1 0.25 429.3 919.3 373.2 926.2 357.2 796.1 413.3 789.2
1 0.48 474.2 257.8 418.4 261.7 408.4 118.2 464.1 114.3
1 0.47 496.1 425.3 442.3 432.9 422.6 293.0 476.4 285.5
1 0.37 470.5 97.3 414.5 108.1 388.5 -25.8 444.5 -36.7
1 0.38 1553.2 151.3 1559.5 203.0 1426.0 219.4 1419.6 167.7
1 0.35 1535.6 70.7 1536.5 125.2 1387.3 127.8 1386.3 73.3
1 0.32 1565.6 224.5 1567.6 280.3 1415.1 285.6 1413.2 229.8
1 0.28 1501.8 -23.5 1511.8 33.2 1378.1 56.8 1368.1 0.1
