1 0.43 951.9 298.4 939.2 358.3 794.0 327.4 806.7 267.5
1 0.43 950.6 476.5 935.0 530.6 790.8 489.2 806.3 435.1
1 0.4 966.6 386.1 956.6 443.0 810.5 417.2 820.5 360.4
1 0.43 983.2 201.2 967.8 258.8 824.1 220.3 839.6 162.7
1 0.43 950.6 476.4 935.1 530.5 790.9 489.2 806.5 435.1
1 0.43 951.5 298.5 938.8 358.3 793.9 327.5 806.6 267.7
1 0.41 980.3 125.1 966.5 180.7 829.8 146.6 843.7 91.1
1 0.4 966.6 386.1 956.6 443.0 810.5 417.3 820.5 360.4
1 0.45 951.2 479.1 933.8 532.7 790.5 486.2 807.9 432.6
1 0.44 952.0 298.3 939.2 358.4 793.4 327.4 806.1 267.3
1 0.43 950.7 476.5 935.2 530.8 790.5 489.3 806.1 435.0
1 0.4 966.6 386.1 956.6 442.8 811.2 417.1 821.2 360.5
1 0.44 951.1 479.2 933.8 532.6 790.8 486.2 808.1 432.7
1 0.5 1347.3 19.1 1400.8 44.0 1335.1 185.0 1281.6 160.0
1 0.48 1345.8 19.3 1399.6 43.2 1335.6 187.1 1281.7 163.1
1 0.44 950.9 476.4 935.3 530.8 790.5 489.3 806.1 434.9
1 0.44 983.4 201.2 967.9 259.1 823.5 220.4 839.0 162.5
1 0.43 951.6 298.5 938.9 358.6 793.2 327.6 806.0 267.5
1 0.42 980.5 125.1 966.6 180.7 829.6 146.5 843.4 91.0
1 0.41 966.7 386.2 956.7 443.0 811.0 417.4 821.0 360.5
1 0.28 1344.1 21.1 1396.3 43.2 1336.0 185.3 1283.8 163.2
1 0.49 1345.8 19.1 1399.8 43.1 1335.8 186.7 1281.9 162.7
