1 0.5 446.8 763.9 408.4 803.7 307.9 706.7 346.4 666.9
1 0.4 514.6 730.6 548.1 773.5 438.5 859.1 405.0 816.2
1 0.28 343.7 662.4 306.5 708.3 185.1 610.0 222.3 564.0
1 0.5 443.6 761.1 405.4 800.7 310.9 709.4 349.0 669.9
1 0.42 514.4 732.2 547.7 774.7 438.7 859.9 405.5 817.3
1 0.34 877.1 1009.5 873.9 1070.3 708.4 1061.6 711.6 1000.9
1 0.28 342.0 663.8 307.5 704.9 200.2 614.9 234.7 573.8
1 0.34 877.3 1014.8 870.1 1073.3 714.9 1054.2 722.1 995.8
1 0.55 343.1 664.4 306.4 708.1 192.3 612.3 228.9 568.7
1 0.51 193.8 548.8 161.5 593.3 48.1 510.9 80.5 466.4
1 0.5 443.8 761.2 405.6 800.8 311.0 709.4 349.2 669.8
1 0.42 514.5 732.1 547.9 774.7 438.8 859.9 405.5 817.3
1 0.28 223.7 1075.6 189.3 1118.2 82.6 1031.8 117.1 989.3
1 0.53 343.3 663.3 306.8 706.8 192.7 611.0 229.1 567.5
1 0.5 191.7 548.2 160.7 590.9 48.3 509.3 79.3 466.6
1 0.5 446.7 763.8 408.3 803.6 308.0 706.7 346.4 666.9
1 0.4 514.7 730.4 548.3 773.4 438.6 859.0 405.1 816.1
1 0.5 191.7 548.2 160.7 591.0 48.2 509.3 79.3 466.5
1 0.33 877.3 1009.5 874.1 1070.2 708.7 1061.5 711.9 1000.8
