1 0.47 1035.7 578.5 1060.2 636.3 917.0 697.0 892.5 639.3
1 0.47 748.7 712.5 693.9 727.2 656.2 586.5 711.0 571.8
1 0.31 644.6 567.3 637.8 623.1 496.2 605.7 503.1 549.9
1 0.49 747.5 714.5 693.0 728.1 657.4 585.4 711.9 571.8
1 0.42 1030.8 579.6 1054.5 632.9 918.8 693.3 895.1 640.1
1 0.33 643.7 567.2 636.9 622.8 496.1 605.5 503.0 549.9
1 0.39 124.4 455.4 161.2 497.7 49.6 594.7 12.9 552.4
1 0.32 294.1 532.5 284.8 585.1 138.9 559.4 148.2 506.8
1 0.3 646.6 567.6 639.7 623.1 496.4 605.5 503.2 550.0
1 0.45 1142.1 619.3 1175.1 666.4 1055.4 750.2 1022.5 703.1
1 0.43 1248.9 1004.8 1238.5 1063.8 1073.6 1034.7 1084.0 975.7
1 0.35 1500.9 992.4 1489.4 1046.5 1353.0 1017.5 1364.6 963.4
1 0.42 1032.5 578.6 1057.6 635.0 919.5 696.5 894.4 640.1
1 0.42 1141.6 619.1 1174.6 666.1 1055.3 749.7 1022.4 702.6
1 0.47 467.8 922.9 438.2 976.2 300.3 899.8 329.9 846.4
1 0.43 124.1 456.4 160.6 498.3 50.6 594.0 14.1 552.1
1 0.37 294.2 532.3 285.2 583.6 138.7 557.8 147.8 506.5
1 0.31 646.9 567.4 639.9 623.9 495.8 606.2 502.7 549.7
1 0.31 644.6 567.3 637.8 622.5 496.7 605.2 503.5 550.0
1 0.42 1141.7 619.2 1174.6 666.1 1055.2 749.8 1022.3 702.8
1 0.49 747.5 714.6 693.1 728.1 657.5 585.3 711.9 571.8
1 0.32 643.4 567.2 636.6 622.5 496.6 605.4 503.4 550.0
1 0.39 124.2 451.8 163.5 497.1 47.2 598.2 7.9 552.9
1 0.35 294.5 532.4 285.1 585.8 138.4 559.9 147.8 506.5
1 0.32 646.1 567.4 639.2 623.5 496.3 606.0 503.2 549.9
1 0.34 1500.9 992.3 1489.4 1046.5 1352.7 1017.5 1364.2 963.3
1 0.33 644.8 567.3 638.0 622.8 496.0 605.4 502.8 549.9
1 0.34 1500.3 992.5 1488.9 1046.3 1353.1 1017.4 1364.5 963.6
1 0.47 1035.7 578.6 1060.1 636.2 917.0 696.9 892.6 639.3
1 0.45 1142.0 619.4 1174.9 666.4 1055.5 750.1 1022.6 703.0
1 0.42 1248.7 1004.8 1238.3 1063.7 1073.9 1034.7 1084.2 975.8
1 0.29 1017.6 959.2 1011.7 1016.0 846.0 998.6 852.0 941.8
1 0.48 467.8 922.7 438.2 976.1 300.6 899.8 330.2 846.4
1 0.46 749.6 713.3 696.1 728.6 655.3 586.5 708.8 571.2
1 0.3 644.3 567.2 637.5 622.9 496.3 605.6 503.1 549.9
