1 0.32 534.0 388.3 591.1 415.0 514.3 579.7 457.2 553.0
1 0.56 1515.3 557.6 1569.5 577.4 1518.0 718.8 1463.8 699.1
1 0.51 1504.3 861.9 1561.5 885.0 1504.9 1025.2 1447.7 1002.0
1 0.49 1552.8 724.1 1607.0 743.8 1560.3 872.2 1506.0 852.5
1 0.43 1220.2 718.2 1269.8 736.2 1223.1 864.5 1173.5 846.4
1 0.4 1626.7 474.3 1678.3 496.2 1624.9 621.9 1573.4 600.0
1 0.27 534.4 388.7 590.7 414.9 513.9 579.5 457.6 553.2
1 0.54 1514.4 557.3 1569.0 577.2 1516.9 720.3 1462.3 700.4
1 0.47 1553.0 722.9 1607.4 742.7 1560.5 871.5 1506.1 851.6
1 0.44 1220.0 718.8 1269.9 737.0 1223.1 865.7 1173.2 847.5
1 0.4 1676.6 338.0 1721.8 359.1 1668.6 473.3 1623.3 452.2
1 0.35 1626.9 475.5 1677.8 497.1 1624.6 622.3 1573.8 600.7
1 0.56 1485.2 14.6 1536.1 36.2 1477.7 173.9 1426.8 152.3
1 0.54 1417.8 188.2 1473.1 208.3 1424.5 341.6 1369.3 321.5
1 0.53 1802.3 7.1 1858.8 27.6 1807.1 169.6 1750.6 149.0
1 0.53 1746.1 183.1 1801.9 203.4 1750.1 345.8 1694.2 325.5
1 0.4 1626.8 475.5 1678.1 497.3 1624.5 623.5 1573.2 601.8
1 0.37 1676.7 338.6 1721.6 359.5 1668.6 473.1 1623.8 452.2
1 0.56 1485.1 14.6 1536.3 36.3 1477.8 174.1 1426.6 152.4
1 0.54 1417.8 188.2 1473.2 208.4 1424.7 341.6 1369.3 321.5
1 0.53 1745.9 182.9 1801.9 203.3 1750.0 345.9 1694.0 325.6
1 0.48 1802.3 7.0 1858.5 27.5 1807.0 168.9 1750.8 148.4
1 0.4 1626.8 475.5 1678.0 497.3 1624.5 623.3 1573.3 601.6
1 0.38 1676.5 338.6 1721.6 359.6 1668.6 473.3 1623.5 452.3
1 0.36 533.6 388.5 591.0 415.3 514.6 579.2 457.1 552.4
1 0.55 1514.5 557.4 1568.9 577.2 1516.9 720.0 1462.6 700.2
1 0.48 1553.2 723.0 1607.4 742.8 1560.7 871.2 1506.4 851.5
1 0.39 1676.7 338.3 1721.7 359.3 1668.7 473.1 1623.6 452.1
1 0.37 1626.8 475.8 1677.9 497.5 1624.8 622.6 1573.7 600.9
1 0.25 1420.6 175.0 1478.1 195.9 1426.4 337.9 1368.9 317.0
1 0.25 1746.2 174.2 1804.6 195.4 1751.0 342.5 1692.7 321.2
1 0.55 1514.6 557.3 1569.0 577.1 1516.9 720.1 1462.5 700.3
1 0.53 1220.8 718.9 1269.9 736.7 1222.4 867.2 1173.3 849.3
1 0.47 1553.1 723.2 1607.0 742.8 1560.4 871.0 1506.4 851.3
1 0.25 1420.6 175.1 1478.0 195.9 1426.4 337.7 1369.0 316.9
1 0.56 1515.4 557.8 1569.4 577.4 1517.9 718.7 1464.0 699.0
1 0.5 1505.7 861.9 1562.5 886.0 1503.5 1025.1 1446.7 1001.0
1 0.49 1552.9 724.1 1607.0 743.8 1560.3 872.3 1506.1 852.6
1 0.4 1626.7 474.2 1678.4 496.1 1625.0 621.9 1573.3 599.9
1 0.56 1515.4 557.6 1569.5 577.3 1518.0 718.8 1463.9 699.1
1 0.56 1158.5 899.3 1208.4 917.5 1160.5 1049.2 1110.5 1031.0
1 0.51 1221.5 717.5 1270.0 735.2 1222.0 867.0 1173.5 849.4
1 0.5 1505.7 861.8 1562.5 886.0 1503.5 1025.2 1446.6 1001.0
1 0.49 1552.8 724.3 1606.7 744.0 1560.0 872.2 1506.1 852.6
1 0.56 1158.4 899.2 1208.6 917.5 1160.7 1049.3 1110.5 1031.0
1 0.51 1221.4 717.7 1269.9 735.4 1222.0 867.1 1173.4 849.5
1 0.35 532.7 391.3 585.9 416.1 512.1 574.4 458.9 549.6
1 0.53 1220.8 719.1 1269.9 737.0 1222.5 867.2 1173.4 849.3
1 0.56 1485.3 14.6 1536.2 36.2 1477.7 173.9 1426.8 152.3
1 0.54 1417.8 188.2 1473.0 208.3 1424.5 341.6 1369.3 321.5
