1 0.61 149.6 773.6 167.9 775.2 164.5 814.4 146.2 812.8
1 0.61 296.4 965.4 297.8 981.5 258.2 985.0 256.8 968.8
1 0.6 270.2 1059.5 271.9 1075.6 233.7 1079.6 232.0 1063.5
1 0.6 275.6 916.5 277.2 932.0 241.7 935.7 240.0 920.2
1 0.59 356.4 1054.3 359.6 1069.4 321.4 1077.6 318.2 1062.4
1 0.58 163.7 604.0 164.7 618.8 127.9 621.4 126.9 606.5
1 0.58 136.1 638.6 136.6 654.2 98.0 655.5 97.5 640.0
1 0.56 330.9 904.9 335.6 919.3 298.8 931.3 294.2 916.8
1 0.54 403.6 1054.6 406.0 1069.7 369.2 1075.6 366.8 1060.4
1 0.53 618.4 573.5 619.1 587.3 585.0 589.1 584.3 575.3
1 0.52 154.0 971.5 137.2 972.4 135.4 937.4 152.2 936.5
1 0.52 144.1 821.9 160.8 823.4 157.7 859.2 140.9 857.7
1 0.48 404.0 905.8 405.6 921.7 367.2 925.7 365.5 909.9
1 0.41 135.1 879.3 154.1 880.7 150.9 926.3 131.9 925.0
1 0.33 382.7 617.7 383.8 632.8 342.3 635.7 341.3 620.6
1 0.32 351.8 726.1 352.7 737.1 325.9 739.4 324.9 728.4
1 0.56 907.5 147.2 891.1 150.1 885.5 118.6 901.9 115.7
1 0.51 855.4 118.0 840.5 120.3 835.1 86.3 850.0 83.9
1 0.53 618.5 573.5 619.2 587.2 585.1 589.0 584.4 575.3
1 0.45 729.1 472.0 731.1 488.0 694.1 492.5 692.2 476.5
1 0.33 351.7 726.1 352.7 737.2 325.7 739.5 324.8 728.5
1 0.31 382.5 617.7 383.6 632.6 342.5 635.5 341.5 620.5
1 0.3 323.0 619.9 325.2 634.0 288.1 639.9 285.9 625.8
1 0.52 618.5 573.5 619.2 587.3 585.0 589.1 584.3 575.3
1 0.47 728.9 472.2 730.8 487.9 694.2 492.4 692.3 476.7
1 0.61 296.3 965.4 297.7 981.5 258.2 985.0 256.7 968.9
1 0.6 275.8 917.0 276.8 932.4 241.8 934.8 240.7 919.5
1 0.59 356.4 1054.3 359.6 1069.4 321.4 1077.5 318.2 1062.4
1 0.57 330.8 905.0 335.5 919.3 298.9 931.2 294.2 916.9
1 0.55 403.6 1054.6 406.0 1069.7 369.1 1075.6 366.7 1060.4
1 0.52 618.5 573.5 619.2 587.3 585.1 589.1 584.3 575.3
1 0.49 403.9 905.9 405.6 921.7 367.2 925.7 365.5 909.9
1 0.47 728.9 472.2 730.8 487.9 694.2 492.4 692.2 476.7
1 0.47 270.7 1059.6 271.8 1076.3 231.7 1079.1 230.6 1062.4
1 0.36 351.7 726.1 352.7 737.1 325.9 739.4 325.0 728.4
1 0.32 382.7 617.7 383.8 632.8 342.2 635.7 341.2 620.6
1 0.27 323.1 619.7 325.4 634.1 288.1 640.0 285.8 625.6
1 0.65 1915.0 611.0 1898.6 616.6 1887.2 583.3 1903.6 577.6
1 0.64 1843.3 522.8 1827.4 528.0 1816.9 495.8 1832.9 490.6
1 0.63 1856.5 635.2 1840.5 640.4 1829.8 607.6 1845.9 602.3
1 0.6 1688.8 518.7 1679.9 532.0 1650.1 511.9 1659.0 498.6
1 0.47 1925.7 504.2 1911.9 508.9 1901.8 479.6 1915.6 474.9
1 0.4 1824.2 703.6 1810.0 709.1 1797.2 675.8 1811.4 670.3
1 0.65 1793.8 385.7 1777.7 390.9 1766.6 356.8 1782.7 351.6
1 0.63 1844.0 523.0 1827.3 528.4 1816.8 495.9 1833.5 490.5
1 0.6 1688.9 518.7 1679.9 532.1 1650.0 511.9 1659.0 498.6
1 0.58 1735.1 44.0 1722.3 49.2 1712.6 25.1 1725.4 20.0
1 0.5 1715.4 73.4 1700.8 79.0 1689.4 49.3 1704.0 43.7
1 0.49 1704.4 103.8 1690.8 108.5 1680.7 79.0 1694.3 74.3
1 0.35 1804.1 177.7 1792.1 182.6 1781.6 156.6 1793.6 151.8
1 0.62 1843.9 522.9 1827.5 528.3 1816.9 495.9 1833.4 490.5
1 0.6 1688.8 518.8 1679.9 532.0 1650.1 511.9 1659.0 498.6
1 0.39 1824.2 703.6 1810.1 709.0 1797.4 676.0 1811.5 670.6
1 0.6 163.6 604.1 164.6 618.8 127.9 621.3 126.9 606.6
1 0.55 618.4 573.5 619.1 587.1 585.1 588.9 584.4 575.3
1 0.3 382.4 617.8 383.4 632.4 341.8 635.3 340.8 620.7
1 0.65 1911.7 336.2 1898.0 342.6 1884.5 313.8 1898.2 307.4
1 0.65 1915.0 610.9 1898.7 616.6 1887.2 583.3 1903.6 577.7
1 0.65 1793.8 385.7 1777.7 390.9 1766.6 356.8 1782.7 351.6
1 0.64 1843.4 522.9 1827.3 528.1 1816.8 495.8 1832.9 490.6
1 0.62 1903.8 379.4 1888.6 385.6 1876.3 355.1 1891.5 349.0
1 0.61 1857.2 635.9 1841.2 641.4 1829.6 607.8 1845.6 602.3
1 0.6 1688.9 518.7 1679.9 532.1 1650.0 511.9 1659.0 498.5
1 0.58 1735.1 44.0 1722.3 49.2 1712.6 25.1 1725.4 19.9
1 0.48 1715.4 73.5 1700.8 79.1 1689.4 49.3 1704.0 43.7
1 0.48 1704.4 103.8 1690.8 108.5 1680.7 79.0 1694.3 74.3
1 0.46 1925.9 504.4 1911.9 509.2 1901.7 479.7 1915.7 474.9
1 0.33 1804.1 177.7 1792.1 182.6 1781.5 156.5 1793.5 151.7
1 0.65 1793.8 385.7 1777.6 390.9 1766.5 356.8 1782.7 351.5
1 0.63 1844.0 522.9 1827.3 528.4 1816.8 495.9 1833.4 490.5
1 0.6 1688.9 518.7 1679.9 532.1 1650.0 511.9 1659.0 498.6
1 0.4 1824.1 703.6 1810.1 709.0 1797.3 675.8 1811.4 670.4
1 0.53 618.5 573.5 619.2 587.2 585.1 589.0 584.4 575.3
1 0.51 855.4 118.1 840.5 120.4 835.1 86.3 850.0 83.9
1 0.43 729.4 471.4 731.9 487.2 695.1 493.1 692.6 477.3
1 0.32 382.4 617.8 383.4 632.4 341.7 635.3 340.7 620.7
1 0.56 907.5 147.2 891.1 150.1 885.5 118.6 901.9 115.8
1 0.53 618.5 573.5 619.2 587.2 585.1 589.0 584.4 575.3
1 0.5 855.4 118.0 840.5 120.4 835.1 86.3 850.0 84.0
1 0.44 729.1 472.0 731.1 488.0 694.1 492.5 692.2 476.5
1 0.52 618.5 573.4 619.2 587.2 585.1 589.0 584.4 575.2
1 0.45 729.1 472.0 731.0 488.0 694.2 492.5 692.2 476.5
1 0.61 149.7 773.8 167.9 775.4 164.5 814.4 146.3 812.8
1 0.59 163.6 604.1 164.7 618.7 128.1 621.3 127.0 606.6
1 0.59 136.0 638.6 136.6 654.1 98.1 655.5 97.5 640.0
1 0.54 618.4 573.5 619.1 587.2 585.1 589.0 584.4 575.3
1 0.53 144.1 822.1 160.7 823.5 157.6 859.2 140.9 857.7
1 0.31 351.8 726.0 352.7 737.2 325.6 739.6 324.7 728.4
1 0.31 382.5 617.7 383.5 632.7 342.6 635.5 341.6 620.5
1 0.65 1911.7 336.2 1898.0 342.6 1884.5 313.8 1898.2 307.4
1 0.65 1915.0 610.9 1898.7 616.5 1887.3 583.3 1903.5 577.7
1 0.65 1793.8 385.7 1777.7 390.9 1766.6 356.8 1782.7 351.6
1 0.64 1843.4 522.9 1827.3 528.1 1816.8 495.8 1832.9 490.6
1 0.63 1856.5 635.2 1840.4 640.4 1829.8 607.5 1845.8 602.3
1 0.62 1903.9 379.5 1888.6 385.6 1876.3 355.1 1891.5 348.9
1 0.6 1688.9 518.7 1679.9 532.1 1650.0 511.9 1659.0 498.6
1 0.46 1925.9 504.4 1911.9 509.2 1901.8 479.7 1915.7 474.9
1 0.4 1824.2 703.6 1810.0 709.0 1797.1 675.6 1811.3 670.2
