1 0.54 986.4 508.9 971.2 511.6 965.4 478.6 980.6 475.9
1 0.32 738.4 265.6 741.5 281.5 705.0 288.6 701.9 272.7
1 0.65 1831.1 292.2 1817.8 296.7 1807.6 267.1 1820.9 262.6
1 0.6 1563.4 268.2 1561.1 282.5 1528.4 277.3 1530.6 263.0
1 0.45 1817.4 307.5 1802.7 313.4 1790.3 282.7 1805.0 276.8
1 0.53 986.5 508.9 971.2 511.6 965.4 478.6 980.6 475.9
1 0.35 738.6 266.3 741.1 282.1 704.6 287.9 702.1 272.1
1 0.62 180.8 587.7 196.3 589.9 191.8 622.0 176.3 619.8
1 0.6 185.1 543.8 201.4 545.3 198.3 580.9 182.0 579.4
1 0.59 172.5 422.2 172.5 437.0 135.2 437.0 135.2 422.2
1 0.57 472.4 372.1 473.1 385.6 439.2 387.4 438.4 373.8
1 0.46 407.5 401.2 408.1 416.3 369.1 417.6 368.5 402.6
1 0.38 349.1 403.1 351.3 417.3 315.1 423.1 312.8 408.8
1 0.52 986.5 508.9 971.2 511.6 965.4 478.6 980.6 475.9
1 0.61 185.1 544.0 201.5 545.4 198.3 580.9 182.0 579.5
1 0.6 180.8 587.8 196.3 590.0 191.8 622.1 176.3 620.0
1 0.6 300.3 802.0 302.0 818.0 265.1 821.9 263.4 805.8
1 0.6 181.8 839.5 198.5 840.1 197.3 875.2 180.6 874.6
1 0.57 306.1 672.8 307.2 688.0 272.6 690.4 271.6 675.2
1 0.57 170.8 639.1 190.2 640.8 186.5 683.2 167.1 681.5
1 0.57 429.3 797.1 431.1 812.0 394.7 816.4 392.8 801.6
1 0.54 382.4 796.8 385.3 811.7 350.1 818.5 347.2 803.7
1 0.54 238.4 875.1 222.1 876.6 219.3 844.0 235.6 842.6
1 0.52 189.2 723.8 173.4 724.6 171.7 692.7 187.6 691.8
1 0.5 357.8 661.0 362.4 675.1 328.3 686.2 323.7 672.1
1 0.49 116.3 880.1 135.3 880.7 134.0 918.9 115.0 918.2
1 0.49 218.5 873.8 204.1 874.5 202.4 843.5 216.9 842.7
1 0.42 428.9 661.6 430.5 677.0 392.8 681.0 391.2 665.5
1 0.35 324.9 716.9 326.2 729.4 288.7 733.4 287.4 720.8
1 0.32 325.2 823.2 326.4 839.0 280.3 842.2 279.2 826.4
1 0.65 1831.1 292.2 1817.8 296.7 1807.6 267.1 1820.9 262.6
1 0.63 1737.2 136.0 1722.8 139.8 1715.0 110.5 1729.3 106.7
1 0.63 1919.5 530.4 1904.5 535.0 1895.3 504.8 1910.3 500.2
1 0.62 1738.7 213.8 1724.1 218.5 1714.3 188.4 1729.0 183.7
1 0.61 1787.8 182.4 1773.4 187.3 1763.2 157.8 1777.7 152.8
1 0.61 1892.1 576.3 1877.0 581.5 1865.2 547.3 1880.4 542.1
1 0.6 1693.3 27.1 1678.5 31.9 1668.2 0.1 1683.0 -4.7
1 0.59 1563.4 268.2 1561.1 282.5 1528.4 277.3 1530.6 263.0
1 0.58 1928.1 361.8 1912.5 367.2 1901.5 335.3 1917.1 329.9
1 0.56 1787.9 100.7 1775.4 105.7 1765.5 81.2 1778.0 76.1
1 0.44 1817.4 307.5 1802.7 313.4 1790.3 282.7 1805.0 276.8
1 0.27 1848.1 206.4 1835.6 211.4 1824.8 184.7 1837.3 179.6
1 0.65 1831.1 292.2 1817.9 296.7 1807.6 267.1 1820.8 262.5
1 0.62 1919.5 530.4 1904.5 535.0 1895.3 504.8 1910.3 500.2
1 0.61 1892.1 576.3 1877.1 581.5 1865.3 547.3 1880.3 542.1
1 0.6 1563.4 268.2 1561.1 282.5 1528.4 277.3 1530.6 263.0
1 0.58 1928.1 361.8 1912.5 367.2 1901.5 335.3 1917.1 330.0
1 0.55 1876.9 690.4 1862.3 695.1 1852.7 665.6 1867.4 660.9
1 0.43 1817.4 307.5 1802.7 313.4 1790.3 282.7 1805.0 276.8
1 0.63 1919.6 530.4 1904.5 535.0 1895.2 504.7 1910.3 500.1
1 0.61 1892.1 576.3 1877.0 581.5 1865.3 547.4 1880.4 542.2
1 0.53 1877.1 690.4 1862.3 695.2 1852.7 665.6 1867.5 660.8
1 0.61 300.6 802.3 302.0 818.2 265.0 821.5 263.6 805.5
1 0.58 429.0 797.0 430.8 811.8 394.7 816.3 392.9 801.4
1 0.58 306.2 673.1 307.0 688.3 272.4 690.1 271.6 675.0
1 0.57 472.4 372.1 473.1 385.6 439.1 387.3 438.4 373.8
1 0.56 382.4 796.8 385.3 811.7 350.0 818.6 347.1 803.6
1 0.52 357.6 661.1 362.2 675.1 328.3 686.1 323.7 672.1
1 0.45 407.4 401.2 408.0 416.2 369.1 417.5 368.5 402.6
1 0.43 428.8 661.6 430.4 676.9 392.8 680.9 391.2 665.6
1 0.39 324.8 717.0 326.1 729.4 288.9 733.3 287.6 720.9
1 0.37 349.0 403.2 351.3 417.2 315.1 423.0 312.9 408.9
1 0.35 738.4 266.4 740.9 282.1 704.7 287.9 702.2 272.2
1 0.32 326.4 822.6 327.9 839.3 277.5 843.7 276.0 827.0
1 0.26 377.7 498.7 378.6 509.3 353.5 511.5 352.6 500.9
1 0.55 986.5 508.8 971.3 511.5 965.5 478.5 980.7 475.8
1 0.62 180.8 587.7 196.3 589.9 191.8 622.0 176.3 619.8
1 0.56 238.8 876.2 222.0 877.7 219.0 844.1 235.8 842.6
1 0.37 324.9 716.9 326.2 729.4 288.8 733.3 287.5 720.8
1 0.37 349.1 403.1 351.3 417.3 315.1 423.0 312.8 408.8
1 0.42 428.9 661.5 430.5 677.0 392.8 680.9 391.2 665.5
1 0.46 407.5 401.2 408.0 416.2 369.1 417.6 368.6 402.6
1 0.49 189.2 723.8 173.4 724.7 171.7 692.7 187.6 691.9
1 0.49 218.8 874.8 203.6 875.6 201.9 843.6 217.1 842.8
1 0.51 357.7 661.0 362.3 675.1 328.3 686.2 323.7 672.1
1 0.56 382.4 796.7 385.3 811.8 349.9 818.6 347.0 803.6
1 0.61 181.8 839.5 198.6 840.1 197.4 875.4 180.6 874.8
1 0.57 170.7 639.0 190.2 640.7 186.5 683.3 167.0 681.6
1 0.57 472.4 372.0 473.1 385.6 439.1 387.4 438.4 373.8
1 0.57 306.3 673.1 307.1 688.3 272.4 690.2 271.6 674.9
1 0.58 429.0 797.0 430.8 811.9 394.7 816.3 392.9 801.4
1 0.59 172.5 422.2 172.5 437.0 135.2 437.0 135.2 422.2
1 0.59 300.8 802.5 302.0 818.6 264.7 821.3 263.6 805.1
1 0.6 185.1 543.8 201.5 545.3 198.4 580.9 182.0 579.4
1 0.3 326.3 822.5 327.7 839.3 277.4 843.7 275.9 826.9
1 0.53 986.4 508.9 971.2 511.5 965.4 478.6 980.6 475.9
1 0.62 1563.3 268.2 1561.1 282.4 1528.4 277.3 1530.6 263.0
1 0.55 986.5 508.8 971.4 511.5 965.6 478.6 980.7 475.9
1 0.61 300.2 802.1 301.9 817.9 265.2 821.8 263.5 806.0
1 0.57 306.1 672.8 307.1 688.0 272.6 690.4 271.6 675.2
1 0.57 429.2 797.1 431.1 812.0 394.7 816.4 392.8 801.6
1 0.54 382.4 796.9 385.3 811.7 350.1 818.5 347.2 803.7
1 0.51 357.8 661.1 362.3 675.1 328.3 686.2 323.7 672.1
1 0.42 428.8 661.7 430.4 677.0 392.8 680.9 391.2 665.6
1 0.38 324.8 717.0 326.1 729.4 288.7 733.3 287.4 720.9
1 0.32 325.3 823.3 326.4 838.9 280.5 842.1 279.4 826.5
1 0.54 986.4 508.8 971.1 511.5 965.2 478.5 980.6 475.8
1 0.54 986.4 508.8 971.1 511.5 965.2 478.5 980.6 475.8
1 0.61 1563.3 268.2 1561.1 282.4 1528.4 277.3 1530.6 263.0
1 0.55 986.5 508.8 971.4 511.5 965.6 478.6 980.7 475.9
1 0.65 1831.1 292.2 1817.8 296.7 1807.6 267.2 1820.9 262.6
1 0.63 1738.7 213.8 1724.1 218.5 1714.3 188.5 1728.9 183.7
1 0.63 1737.2 136.0 1722.9 139.8 1715.0 110.5 1729.3 106.7
1 0.61 1787.9 182.4 1773.4 187.4 1763.2 157.8 1777.7 152.8
1 0.6 1693.3 27.1 1678.5 31.9 1668.2 0.1 1683.0 -4.7
1 0.6 1563.4 268.2 1561.1 282.5 1528.4 277.3 1530.6 263.0
1 0.56 1787.9 100.7 1775.4 105.7 1765.4 81.2 1778.0 76.1
1 0.44 1817.4 307.5 1802.7 313.4 1790.3 282.7 1805.0 276.8
1 0.57 472.4 372.0 473.1 385.6 439.1 387.4 438.4 373.8
1 0.45 407.5 401.2 408.0 416.2 369.0 417.6 368.5 402.6
1 0.37 349.1 403.1 351.3 417.3 315.1 423.0 312.9 408.9
1 0.32 738.3 265.7 741.4 281.5 705.1 288.5 702.0 272.7
