1 0.66 1693.3 55.2 1679.7 59.9 1669.4 30.2 1683.1 25.5
1 0.66 1898.6 349.9 1884.9 355.4 1873.2 326.5 1886.9 321.0
1 0.65 1688.7 97.5 1674.0 102.3 1664.1 71.9 1678.9 67.1
1 0.64 1892.8 393.8 1878.0 399.5 1866.1 368.5 1880.9 362.8
1 0.64 1851.7 590.8 1835.0 596.6 1822.4 560.2 1839.2 554.4
1 0.61 1626.8 47.2 1610.9 52.1 1601.3 20.9 1617.3 16.1
1 0.56 1759.3 293.9 1745.2 298.8 1734.3 267.1 1748.4 262.2
1 0.53 1900.7 481.9 1887.4 487.0 1876.3 458.2 1889.6 453.1
1 0.52 1642.3 30.0 1629.4 33.4 1621.5 4.1 1634.4 0.7
1 0.49 1774.9 271.6 1759.9 277.3 1747.4 244.9 1762.4 239.1
1 0.45 1711.2 18.1 1696.2 23.2 1686.0 -6.6 1701.0 -11.8
1 0.43 1784.3 169.5 1772.6 173.3 1764.0 146.9 1775.8 143.1
1 0.28 1854.5 208.5 1841.8 215.6 1829.7 193.7 1842.4 186.7
1 0.63 1750.2 670.0 1739.3 682.1 1711.0 656.7 1721.9 644.5
1 0.57 1759.4 294.0 1745.2 298.9 1734.3 267.1 1748.4 262.2
1 0.48 1775.0 271.9 1759.4 277.3 1748.0 244.1 1763.6 238.7
1 0.41 1851.3 590.4 1834.1 596.0 1822.1 559.1 1839.3 553.5
1 0.58 117.6 756.2 118.2 771.9 78.6 773.3 78.1 757.6
1 0.55 256.6 709.1 257.7 724.6 220.3 727.2 219.3 711.7
1 0.44 368.5 734.9 369.6 750.2 329.2 753.0 328.1 737.7
1 0.43 26.9 733.2 26.9 748.7 -8.4 748.7 -8.4 733.2
1 0.34 337.5 848.7 338.4 859.8 311.0 862.2 310.0 851.1
1 0.65 1851.2 590.2 1834.5 595.7 1822.8 559.6 1839.5 554.2
1 0.64 1904.1 744.9 1888.1 750.4 1876.3 716.1 1892.3 710.6
1 0.64 1921.6 879.3 1905.2 884.3 1894.4 849.1 1910.9 844.0
1 0.63 1750.1 669.9 1739.2 682.0 1710.9 656.6 1721.8 644.5
1 0.56 1878.5 897.9 1862.9 903.3 1851.0 868.6 1866.5 863.2
1 0.52 1900.7 481.8 1887.4 487.0 1876.4 458.4 1889.8 453.3
1 0.56 874.6 61.4 860.0 64.0 854.2 31.2 868.8 28.6
1 0.53 724.8 582.6 727.4 598.4 689.9 604.3 687.4 588.5
1 0.47 857.4 234.4 842.7 236.8 837.2 202.4 851.9 200.0
1 0.54 681.4 681.5 682.7 696.4 647.8 699.4 646.4 684.5
1 0.52 724.9 582.5 727.4 598.4 689.9 604.3 687.4 588.5
1 0.45 368.7 734.8 369.8 750.6 329.2 753.4 328.1 737.6
1 0.39 337.5 848.7 338.5 859.8 311.0 862.2 310.0 851.1
1 0.54 681.4 681.5 682.7 696.4 647.8 699.4 646.5 684.5
1 0.53 724.8 582.6 727.3 598.3 689.9 604.3 687.4 588.5
1 0.62 1750.1 669.9 1739.2 682.0 1710.9 656.6 1721.9 644.5
1 0.39 1851.3 590.5 1834.3 596.0 1822.3 559.2 1839.3 553.7
1 0.67 1693.3 55.2 1679.7 59.9 1669.5 30.2 1683.1 25.5
1 0.65 1688.5 97.7 1674.8 102.5 1664.3 72.0 1678.0 67.3
1 0.62 1626.7 47.2 1610.9 52.0 1601.4 20.9 1617.2 16.1
1 0.57 1759.3 293.9 1745.2 298.8 1734.3 267.1 1748.4 262.2
1 0.52 1642.3 30.0 1629.4 33.5 1621.6 4.1 1634.4 0.7
1 0.49 1774.8 271.6 1759.9 277.3 1747.4 244.9 1762.4 239.1
1 0.46 1711.2 18.0 1696.3 23.2 1686.1 -6.3 1701.0 -11.4
1 0.46 1784.3 169.5 1772.6 173.3 1764.1 147.0 1775.7 143.2
1 0.31 1851.7 590.7 1834.1 596.4 1821.9 559.0 1839.5 553.3
1 0.57 316.6 1036.1 321.8 1050.9 283.5 1064.1 278.4 1049.2
1 0.52 391.3 1036.9 393.0 1053.2 353.8 1057.3 352.0 1041.1
1 0.52 681.4 681.5 682.7 696.4 647.7 699.5 646.4 684.5
1 0.52 724.9 582.6 727.4 598.4 690.0 604.3 687.5 588.6
1 0.39 368.4 735.0 369.5 750.2 329.1 753.0 328.0 737.9
1 0.36 261.1 1048.4 262.3 1065.0 226.6 1067.5 225.4 1050.9
1 0.32 337.4 848.7 338.4 859.7 310.8 862.1 309.9 851.2
1 0.6 131.4 897.1 149.8 898.7 146.3 938.9 127.9 937.3
1 0.59 117.7 756.2 118.2 771.9 78.6 773.2 78.1 757.6
1 0.58 126.2 946.8 143.9 949.3 138.6 986.9 120.9 984.4
1 0.56 316.7 1036.0 321.8 1050.9 283.6 1064.1 278.4 1049.2
1 0.56 256.5 709.2 257.6 724.6 220.4 727.2 219.3 711.8
1 0.56 260.8 1048.4 262.5 1064.3 225.8 1068.1 224.2 1052.3
1 0.52 115.5 1009.5 136.7 1011.3 132.5 1058.9 111.3 1057.0
1 0.52 391.3 1036.9 393.0 1053.2 353.7 1057.3 352.0 1041.1
1 0.41 27.0 733.1 27.0 748.9 -8.8 748.9 -8.8 733.1
1 0.39 368.5 735.0 369.6 750.2 329.1 753.1 328.0 737.8
1 0.39 191.5 940.3 206.0 941.3 203.9 970.8 189.5 969.8
1 0.27 337.4 848.7 338.4 859.7 310.8 862.1 309.8 851.1
1 0.55 874.6 61.3 860.1 63.9 854.3 31.2 868.8 28.7
1 0.55 907.3 242.0 890.5 244.9 884.8 212.8 901.6 209.8
1 0.53 724.8 582.6 727.3 598.3 690.0 604.3 687.5 588.5
1 0.47 857.4 234.4 842.7 236.7 837.2 202.3 851.9 200.0
1 0.52 724.9 582.7 727.4 598.4 690.0 604.3 687.5 588.6
1 0.52 681.4 681.5 682.7 696.4 647.7 699.5 646.4 684.5
1 0.66 1898.6 349.9 1884.9 355.4 1873.2 326.5 1886.9 321.0
1 0.65 1904.2 744.8 1888.0 750.4 1876.2 716.2 1892.4 710.7
1 0.64 1851.7 590.8 1835.0 596.5 1822.5 560.2 1839.1 554.4
1 0.64 1892.8 393.8 1878.0 399.5 1866.1 368.5 1880.9 362.8
1 0.63 1750.2 670.0 1739.3 682.1 1710.9 656.6 1721.9 644.5
1 0.57 1759.4 294.0 1745.3 298.8 1734.3 267.1 1748.4 262.2
1 0.57 1922.6 877.5 1906.9 883.5 1893.5 848.8 1909.2 842.8
1 0.53 1900.7 481.9 1887.4 487.0 1876.3 458.2 1889.6 453.1
1 0.49 1775.1 271.9 1759.4 277.3 1748.0 244.1 1763.7 238.8
1 0.55 874.6 61.3 860.0 63.9 854.3 31.2 868.8 28.6
1 0.54 907.3 242.0 890.4 245.0 884.8 212.8 901.6 209.8
1 0.47 857.3 234.3 842.7 236.7 837.2 202.4 851.9 200.0
