1 0.65 1819.2 521.6 1802.4 525.8 1793.8 491.4 1810.7 487.2
1 0.58 1894.7 950.3 1878.5 954.3 1869.8 919.3 1886.0 915.2
1 0.46 1929.0 979.8 1912.0 983.1 1904.6 945.3 1921.7 942.0
1 0.4 1851.0 857.5 1834.4 861.3 1826.2 825.7 1842.8 821.9
1 0.67 1710.6 48.0 1696.2 50.7 1690.1 19.6 1704.5 16.8
1 0.65 1819.2 521.6 1802.4 525.8 1793.8 491.4 1810.7 487.2
1 0.64 1727.8 173.8 1712.5 177.6 1704.5 145.6 1719.8 141.8
1 0.64 1755.2 290.6 1739.1 293.8 1732.5 259.8 1748.6 256.6
1 0.64 1709.4 193.7 1695.5 197.1 1687.9 166.6 1701.8 163.1
1 0.61 1841.5 172.3 1827.8 176.7 1818.7 148.8 1832.4 144.4
1 0.6 1736.2 118.6 1717.5 121.9 1711.3 86.9 1730.0 83.6
1 0.56 1667.6 95.0 1654.2 98.4 1646.8 68.7 1660.2 65.3
1 0.56 1783.1 292.3 1765.6 296.7 1756.0 258.3 1773.6 253.9
1 0.55 1775.2 410.7 1758.8 413.9 1751.9 378.4 1768.3 375.2
1 0.53 1860.0 404.2 1846.6 407.5 1839.1 377.5 1852.5 374.1
1 0.38 1870.5 228.6 1857.4 232.1 1850.9 207.8 1864.0 204.3
1 0.32 1798.4 169.8 1785.5 174.0 1776.3 145.6 1789.2 141.4
1 0.65 1819.3 521.6 1802.4 525.8 1793.8 491.4 1810.7 487.2
1 0.65 1755.2 290.6 1739.1 293.8 1732.5 259.8 1748.6 256.7
1 0.55 1783.2 292.2 1765.6 296.6 1756.0 257.9 1773.6 253.5
1 0.55 1775.2 410.7 1758.8 413.9 1751.9 378.4 1768.3 375.2
1 0.53 1860.0 404.2 1846.6 407.5 1839.1 377.5 1852.5 374.1
1 0.28 1851.2 857.8 1834.5 861.6 1826.2 825.9 1843.0 822.0
1 0.65 1819.3 521.7 1802.4 525.9 1793.8 491.4 1810.7 487.2
1 0.65 1755.2 290.6 1739.1 293.8 1732.5 259.8 1748.6 256.7
1 0.55 1783.3 292.2 1765.6 296.6 1755.9 257.8 1773.6 253.4
1 0.55 1775.2 410.7 1758.8 413.9 1751.9 378.4 1768.3 375.2
1 0.58 951.3 807.7 934.1 809.2 930.4 766.5 947.6 765.0
1 0.26 942.5 597.8 922.6 599.2 918.0 532.5 937.9 531.1
1 0.62 97.1 220.6 111.8 221.7 109.8 251.1 95.1 250.1
1 0.61 44.8 166.7 43.6 181.0 9.5 178.0 10.8 163.7
1 0.6 56.5 229.1 71.6 231.2 67.1 263.2 52.0 261.0
1 0.54 77.6 229.6 92.7 230.9 90.2 259.3 75.2 258.0
1 0.47 38.7 235.3 52.5 237.2 48.6 265.4 34.8 263.5
1 0.43 118.2 218.5 131.5 221.6 125.1 249.4 111.8 246.3
1 0.57 951.3 807.8 934.1 809.3 930.3 766.5 947.6 765.0
1 0.25 942.6 597.0 922.6 598.4 917.9 531.6 937.9 530.2
1 0.67 1710.6 47.9 1696.2 50.7 1690.1 19.6 1704.5 16.8
1 0.65 1819.3 521.7 1802.4 525.9 1793.8 491.4 1810.7 487.2
1 0.64 1755.2 290.6 1739.1 293.8 1732.5 259.8 1748.6 256.7
1 0.64 1727.8 173.8 1712.5 177.6 1704.5 145.6 1719.8 141.8
1 0.64 1709.4 193.7 1695.5 197.1 1687.9 166.6 1701.8 163.1
1 0.61 1841.7 172.6 1827.9 177.1 1818.8 149.1 1832.6 144.6
1 0.6 1736.2 118.6 1717.5 121.9 1711.4 86.9 1730.0 83.6
1 0.56 1667.6 95.1 1654.1 98.4 1646.7 68.7 1660.2 65.3
1 0.56 1783.2 292.3 1765.6 296.7 1756.0 258.2 1773.6 253.9
1 0.55 1775.2 410.7 1758.8 413.9 1751.9 378.4 1768.3 375.2
1 0.32 1798.5 169.8 1785.5 174.0 1776.3 145.6 1789.2 141.4
1 0.58 951.3 807.7 934.1 809.2 930.4 766.5 947.6 765.0
1 0.64 1819.3 521.6 1802.4 525.8 1793.8 491.4 1810.7 487.2
1 0.57 951.3 807.8 934.1 809.3 930.3 766.5 947.6 765.0
1 0.28 942.6 597.1 922.6 598.5 917.9 531.2 937.9 529.8
1 0.36 55.9 226.2 72.1 228.5 67.2 263.0 51.0 260.7
