1 0.59 959.6 738.9 941.9 740.4 938.1 697.1 955.8 695.5
1 0.36 951.3 520.5 928.2 522.1 922.9 446.6 946.0 445.0
1 0.59 959.6 738.8 941.9 740.3 938.2 697.0 955.8 695.4
1 0.45 1843.6 335.1 1827.2 336.0 1825.4 302.1 1841.9 301.2
1 0.59 959.6 738.8 942.0 740.3 938.2 697.0 955.8 695.5
1 0.47 1302.3 1009.7 1297.7 1022.5 1267.7 1011.6 1272.4 998.8
1 0.36 951.3 520.4 928.1 522.0 922.9 446.7 946.1 445.1
1 0.43 1843.7 335.2 1827.2 336.0 1825.4 302.1 1842.0 301.2
1 0.59 7.8 74.8 24.3 75.7 22.5 111.0 5.9 110.2
1 0.59 959.6 738.9 941.9 740.4 938.1 697.1 955.8 695.5
1 0.36 951.3 520.6 928.1 522.2 922.8 446.5 946.1 444.9
1 0.64 1855.8 621.8 1838.5 623.0 1836.0 586.8 1853.3 585.6
1 0.62 1859.3 542.5 1876.8 543.1 1875.5 580.9 1857.9 580.3
1 0.61 1880.3 704.6 1862.4 705.2 1861.0 666.8 1878.9 666.1
1 0.56 1888.5 978.5 1871.1 979.4 1869.2 943.2 1886.6 942.3
1 0.54 1875.8 848.7 1858.6 849.6 1856.6 811.8 1873.8 810.9
1 0.5 1395.9 1059.6 1388.1 1071.1 1359.1 1051.5 1366.9 1040.0
1 0.49 1906.1 648.4 1887.1 649.4 1884.8 605.1 1903.8 604.1
1 0.28 1844.5 869.0 1829.1 870.3 1826.5 839.9 1841.8 838.6
1 0.51 1302.3 1010.3 1297.2 1023.0 1267.6 1011.1 1272.8 998.4
1 0.51 1395.9 1059.6 1388.1 1071.1 1359.1 1051.5 1366.9 1040.0
1 0.38 951.4 520.5 928.1 522.1 922.8 446.7 946.1 445.1
1 0.65 1855.8 621.8 1838.5 623.0 1835.9 586.8 1853.2 585.6
1 0.62 1859.2 542.5 1876.9 543.1 1875.5 581.0 1857.9 580.4
1 0.61 1880.7 704.8 1863.3 705.7 1861.2 666.9 1878.7 666.0
1 0.59 1842.6 334.4 1826.9 335.2 1825.1 302.1 1840.9 301.3
1 0.57 1856.4 317.7 1873.9 318.3 1872.6 357.3 1855.0 356.6
1 0.55 1875.7 848.6 1858.6 849.5 1856.6 811.7 1873.7 810.8
1 0.51 1899.5 422.1 1878.0 423.3 1876.0 383.6 1897.4 382.5
1 0.48 1906.2 648.5 1887.0 649.5 1884.7 605.0 1903.9 603.9
1 0.33 1844.9 870.8 1829.1 872.2 1826.3 840.4 1842.1 839.1
1 0.65 1855.8 621.8 1838.5 623.0 1835.9 586.8 1853.2 585.5
1 0.62 1889.5 165.5 1872.1 166.4 1870.1 129.3 1887.5 128.4
1 0.62 1859.3 542.5 1876.9 543.1 1875.5 581.0 1857.9 580.4
1 0.58 1842.7 334.4 1826.9 335.2 1825.1 302.1 1840.9 301.3
1 0.57 1856.4 317.7 1873.9 318.3 1872.6 357.3 1855.0 356.6
1 0.51 1899.5 422.1 1878.0 423.3 1876.0 383.6 1897.4 382.5
1 0.31 1907.9 643.3 1890.1 645.2 1885.7 603.9 1903.6 602.0
1 0.51 1302.4 1010.3 1297.2 1023.0 1267.6 1011.1 1272.8 998.3
1 0.51 1395.9 1059.6 1388.1 1071.1 1359.1 1051.5 1366.9 1040.0
