1 0.31 1793.4 17.4 1824.2 19.0 1819.6 107.0 1788.8 105.4
1 0.65 1921.9 875.6 1905.8 877.6 1901.7 844.4 1917.8 842.4
1 0.61 1886.6 912.5 1903.7 913.4 1901.9 948.1 1884.8 947.2
1 0.59 1887.3 1035.5 1904.3 1037.0 1901.3 1071.2 1884.4 1069.7
1 0.51 1850.2 945.1 1865.2 946.2 1863.0 978.1 1848.0 977.1
1 0.5 1778.0 999.9 1797.2 1001.6 1793.4 1045.0 1774.2 1043.4
1 0.45 1777.8 999.7 1797.4 1001.4 1793.5 1045.2 1774.0 1043.5
1 0.62 1922.4 876.5 1905.5 878.6 1901.3 844.4 1918.2 842.3
1 0.25 1792.8 19.1 1824.5 20.7 1819.9 108.1 1788.3 106.5
1 0.54 52.6 956.1 69.1 957.5 66.1 991.7 49.6 990.2
1 0.54 47.4 992.1 30.8 993.3 28.3 958.5 44.9 957.3
1 0.53 26.9 999.6 9.9 1000.5 8.1 966.1 25.1 965.2
