1 0.64 788.6 636.1 770.7 637.7 767.4 599.5 785.3 598.0
1 0.63 847.9 580.9 832.3 581.7 830.5 547.1 846.1 546.3
1 0.61 862.4 334.4 877.9 334.9 876.6 371.3 861.2 370.7
1 0.61 871.1 427.9 857.8 428.6 856.1 396.0 869.4 395.3
1 0.57 834.3 505.6 849.5 507.0 846.4 542.4 831.2 541.1
1 0.55 763.2 636.0 747.8 636.8 746.0 602.3 761.4 601.5
1 0.54 834.0 461.2 848.4 461.7 847.2 495.7 832.9 495.2
1 0.65 607.3 509.1 606.5 523.3 574.3 521.6 575.1 507.4
1 0.6 366.4 114.4 377.5 127.2 349.4 151.5 338.4 138.8
1 0.53 601.8 608.5 601.8 622.4 573.2 622.4 573.2 608.5
1 0.54 834.1 461.2 848.4 461.7 847.2 495.7 832.9 495.2
1 0.54 608.3 529.8 608.3 544.0 576.6 544.0 576.6 529.8
1 0.56 763.1 635.9 747.9 636.7 746.1 602.3 761.3 601.5
1 0.57 834.3 505.8 849.5 507.1 846.4 542.4 831.3 541.1
1 0.58 604.2 466.8 603.6 480.0 572.2 478.3 572.9 465.1
1 0.61 871.3 428.2 858.1 428.9 856.3 396.0 869.6 395.3
1 0.65 603.8 588.9 603.8 604.7 567.3 604.7 567.3 588.9
1 0.62 602.5 485.4 602.5 498.9 571.9 498.9 571.9 485.4
1 0.63 862.4 334.4 877.9 334.9 876.6 371.4 861.1 370.8
1 0.63 606.7 572.1 605.5 585.9 573.0 583.0 574.2 569.2
1 0.64 847.9 580.8 832.3 581.6 830.5 547.2 846.1 546.4
1 0.64 607.0 551.6 606.3 565.3 575.2 563.6 575.9 550.0
1 0.65 788.6 636.0 770.7 637.6 767.4 599.5 785.3 598.0
1 0.35 318.1 64.9 321.3 80.1 287.9 87.2 284.7 72.0
1 0.66 607.3 509.2 606.5 523.3 574.5 521.6 575.3 507.5
1 0.65 603.7 589.0 603.7 604.6 567.3 604.6 567.3 589.0
1 0.64 607.1 551.6 606.3 565.3 575.1 563.7 575.8 549.9
1 0.64 604.1 466.6 603.9 479.9 572.2 479.3 572.4 466.0
1 0.64 602.5 485.5 602.5 498.9 571.9 498.9 571.9 485.5
1 0.63 606.7 572.1 605.5 585.8 573.1 583.0 574.3 569.3
1 0.56 608.4 529.7 608.4 544.0 576.6 544.0 576.6 529.7
1 0.53 601.8 608.6 601.8 622.2 572.8 622.2 572.8 608.6
1 0.63 1810.2 875.7 1827.4 876.6 1825.6 911.7 1808.4 910.8
1 0.57 1827.2 554.5 1844.7 556.0 1841.5 591.9 1824.1 590.4
1 0.66 607.2 509.1 606.5 523.2 574.3 521.6 575.1 507.4
1 0.65 603.7 588.9 603.7 604.7 567.3 604.7 567.3 588.9
1 0.65 607.0 551.6 606.3 565.3 575.2 563.6 575.9 550.0
1 0.64 606.7 572.1 605.5 585.9 573.0 583.0 574.2 569.2
1 0.63 602.4 485.4 602.4 498.9 571.9 498.9 571.9 485.4
1 0.61 366.0 114.4 377.3 126.8 349.7 151.6 338.5 139.1
1 0.6 604.2 466.8 603.5 480.0 572.3 478.3 573.0 465.2
1 0.55 608.4 529.8 608.4 544.0 576.6 544.0 576.6 529.8
1 0.53 601.8 608.6 601.8 622.3 573.2 622.3 573.2 608.6
1 0.48 241.2 90.6 225.8 91.4 223.9 56.9 239.4 56.1
1 0.44 318.0 65.0 321.2 80.0 288.2 87.1 285.0 72.0
1 0.65 607.2 509.1 606.5 523.3 574.4 521.6 575.1 507.4
1 0.65 603.7 588.9 603.7 604.7 567.3 604.7 567.3 588.9
1 0.64 788.2 635.8 770.5 637.0 767.8 599.1 785.6 597.9
1 0.64 607.0 551.6 606.3 565.3 575.2 563.6 575.9 550.0
1 0.63 847.9 580.8 832.3 581.6 830.5 547.2 846.1 546.4
1 0.63 862.4 334.4 877.9 334.9 876.6 371.4 861.1 370.8
1 0.62 606.7 572.1 605.5 585.9 573.0 583.1 574.2 569.2
1 0.62 602.4 485.4 602.4 498.9 572.0 498.9 572.0 485.4
1 0.61 871.2 428.0 857.8 428.7 856.1 396.0 869.5 395.3
1 0.58 604.2 466.8 603.5 480.0 572.2 478.3 572.9 465.1
1 0.58 834.4 505.8 849.5 507.1 846.4 542.4 831.3 541.1
1 0.55 763.0 635.7 747.8 636.5 746.0 602.2 761.2 601.4
1 0.55 834.1 461.2 848.4 461.7 847.2 495.6 832.9 495.1
1 0.54 608.3 529.8 608.3 544.0 576.6 544.0 576.6 529.8
1 0.52 601.8 608.6 601.8 622.3 573.2 622.3 573.2 608.6
1 0.56 1827.1 554.3 1844.9 555.9 1841.7 592.0 1823.9 590.5
1 0.66 607.2 509.1 606.5 523.3 574.3 521.6 575.0 507.4
1 0.65 603.7 588.9 603.7 604.7 567.3 604.7 567.3 588.9
1 0.65 607.0 551.6 606.3 565.3 575.2 563.7 575.9 550.0
1 0.64 788.6 636.1 770.7 637.7 767.4 599.5 785.3 598.0
1 0.63 606.7 572.1 605.5 585.9 573.0 583.1 574.2 569.2
1 0.63 602.5 485.4 602.5 498.9 571.9 498.9 571.9 485.4
1 0.62 848.0 580.9 832.2 581.7 830.4 547.1 846.2 546.3
1 0.61 871.2 428.1 858.0 428.8 856.3 396.0 869.5 395.3
1 0.6 862.4 334.4 877.9 334.9 876.6 371.3 861.1 370.7
1 0.59 604.2 466.8 603.5 480.0 572.2 478.3 572.9 465.1
1 0.56 834.3 505.6 849.6 506.9 846.5 542.4 831.2 541.1
1 0.55 763.2 636.0 747.8 636.8 746.0 602.2 761.4 601.4
1 0.55 607.8 530.0 607.6 544.5 576.0 543.9 576.3 529.4
1 0.53 601.8 608.5 601.8 622.4 573.2 622.4 573.2 608.5
1 0.52 834.0 461.1 848.5 461.6 847.3 495.7 832.8 495.2
1 0.63 1826.8 555.1 1843.3 556.6 1840.3 591.0 1823.8 589.6
1 0.6 1891.0 283.7 1909.0 285.3 1905.6 324.0 1887.6 322.4
1 0.52 1834.7 315.5 1850.8 316.9 1847.6 353.4 1831.5 352.0
1 0.35 1887.9 675.8 1907.4 676.8 1905.4 714.9 1885.9 713.9
1 0.3 1862.0 485.4 1879.7 486.3 1877.9 519.9 1860.2 518.9
1 0.26 1845.1 779.9 1861.4 781.3 1858.6 813.3 1842.3 811.9
1 0.64 788.2 635.8 770.5 637.0 767.8 599.1 785.6 597.9
1 0.63 847.9 580.8 832.3 581.7 830.5 547.1 846.1 546.3
1 0.61 862.4 334.4 877.9 334.9 876.6 371.2 861.2 370.7
1 0.61 871.2 427.9 857.8 428.6 856.1 396.0 869.4 395.3
1 0.57 834.3 505.7 849.5 507.0 846.4 542.4 831.2 541.1
1 0.55 763.0 635.8 747.8 636.6 746.0 602.2 761.2 601.4
1 0.54 834.1 461.2 848.4 461.7 847.2 495.7 832.9 495.2
1 0.66 607.2 509.1 606.5 523.3 574.3 521.6 575.1 507.4
1 0.65 603.7 588.9 603.7 604.7 567.3 604.7 567.3 588.9
1 0.65 607.0 551.6 606.3 565.3 575.2 563.6 575.9 550.0
1 0.64 788.2 635.8 770.5 637.0 767.8 599.1 785.6 597.9
1 0.63 602.4 485.4 602.4 498.9 571.9 498.9 571.9 485.4
1 0.63 606.7 572.0 605.5 585.9 573.0 583.1 574.2 569.2
1 0.62 848.0 580.9 832.2 581.7 830.4 547.2 846.1 546.3
1 0.61 871.2 428.1 858.1 428.8 856.3 396.0 869.5 395.3
1 0.6 862.4 334.4 877.9 334.9 876.6 371.2 861.1 370.7
1 0.59 604.2 466.8 603.5 480.0 572.3 478.3 573.0 465.2
1 0.56 834.3 505.6 849.6 507.0 846.5 542.5 831.2 541.1
1 0.55 607.8 530.0 607.6 544.5 576.1 543.9 576.3 529.4
1 0.54 763.1 635.8 747.8 636.6 746.0 602.2 761.3 601.4
1 0.53 601.8 608.6 601.8 622.3 573.2 622.3 573.2 608.6
1 0.53 834.0 461.1 848.4 461.6 847.3 495.7 832.8 495.2
1 0.56 1827.1 554.3 1844.9 555.9 1841.7 592.0 1823.9 590.5
1 0.63 1826.8 555.1 1843.4 556.6 1840.3 591.1 1823.8 589.6
1 0.62 1810.2 875.7 1827.5 876.6 1825.7 911.7 1808.4 910.8
1 0.35 1887.8 675.6 1907.5 676.7 1905.5 715.0 1885.8 714.0
1 0.34 1876.6 1008.8 1893.7 1009.4 1892.5 1042.6 1875.4 1042.0
1 0.33 1862.7 485.0 1880.3 486.6 1877.3 520.1 1859.8 518.6
1 0.3 1845.8 1035.3 1862.8 1036.8 1859.9 1069.9 1842.9 1068.5
1 0.64 788.2 635.8 770.5 637.0 767.9 599.2 785.6 597.9
1 0.64 847.9 580.8 832.3 581.6 830.5 547.1 846.1 546.2
1 0.58 843.1 1043.4 829.5 1043.4 829.5 1011.1 843.1 1011.1
1 0.57 834.3 505.6 849.6 506.9 846.5 542.5 831.2 541.1
1 0.56 763.1 635.8 747.9 636.5 746.1 602.2 761.3 601.4
1 0.54 834.0 461.1 848.5 461.6 847.3 495.7 832.8 495.2
1 0.66 607.2 509.1 606.5 523.2 574.4 521.5 575.1 507.5
1 0.65 603.7 588.9 603.7 604.6 567.4 604.6 567.4 588.9
1 0.65 607.0 551.6 606.3 565.2 575.2 563.6 575.9 550.0
1 0.64 602.4 485.4 602.4 498.9 572.0 498.9 572.0 485.4
1 0.63 606.7 572.1 605.5 585.9 573.0 583.0 574.2 569.2
1 0.6 604.1 466.8 603.5 479.9 572.3 478.3 573.0 465.2
1 0.55 608.4 529.8 608.4 544.0 576.6 544.0 576.6 529.8
1 0.53 601.8 608.6 601.8 622.2 573.2 622.2 573.2 608.6
1 0.66 607.3 509.2 606.5 523.3 574.5 521.6 575.3 507.5
1 0.65 603.7 589.0 603.7 604.6 567.3 604.6 567.3 589.0
1 0.65 604.1 466.6 603.9 479.9 572.2 479.3 572.4 466.0
1 0.64 607.1 551.6 606.3 565.3 575.1 563.7 575.8 549.9
1 0.64 788.2 635.7 770.5 637.0 767.9 599.2 785.6 597.9
1 0.64 602.5 485.5 602.5 498.9 571.9 498.9 571.9 485.5
1 0.63 847.9 580.8 832.3 581.7 830.4 547.1 846.1 546.2
1 0.63 606.7 572.1 605.5 585.8 573.0 583.0 574.2 569.2
1 0.57 843.1 1043.4 829.5 1043.4 829.5 1011.1 843.1 1011.1
1 0.57 834.3 505.5 849.6 506.9 846.5 542.5 831.2 541.1
1 0.55 608.4 529.7 608.4 544.0 576.6 544.0 576.6 529.7
1 0.55 763.1 635.8 747.9 636.6 746.1 602.1 761.3 601.3
1 0.53 833.9 461.0 848.5 461.5 847.3 495.7 832.8 495.2
1 0.53 601.8 608.5 601.8 622.3 572.7 622.3 572.7 608.5
1 0.63 1826.8 555.1 1843.4 556.6 1840.3 591.0 1823.8 589.6
1 0.6 1890.9 283.7 1909.0 285.3 1905.6 324.0 1887.6 322.4
1 0.52 1883.1 139.0 1899.4 140.5 1896.2 176.9 1879.9 175.5
1 0.52 1834.7 315.5 1850.8 316.9 1847.6 353.4 1831.5 352.0
1 0.29 1862.0 485.4 1879.7 486.3 1877.9 519.9 1860.2 519.0
1 0.66 607.3 509.2 606.5 523.3 574.6 521.6 575.3 507.5
1 0.65 603.7 589.0 603.7 604.6 567.3 604.6 567.3 589.0
1 0.64 788.2 635.7 770.5 637.0 767.9 599.2 785.6 597.9
1 0.64 847.9 580.8 832.3 581.6 830.5 547.1 846.1 546.3
1 0.64 607.1 551.5 606.4 565.3 575.1 563.7 575.8 549.9
1 0.64 604.1 466.6 603.9 479.9 572.2 479.3 572.5 466.0
1 0.63 602.5 485.4 602.5 498.9 572.0 498.9 572.0 485.4
1 0.62 606.7 572.1 605.5 585.8 573.0 583.0 574.3 569.3
1 0.58 843.1 1043.4 829.5 1043.4 829.5 1011.1 843.1 1011.1
1 0.58 834.3 505.6 849.6 507.0 846.5 542.5 831.2 541.1
1 0.55 763.1 635.7 747.8 636.5 746.0 602.2 761.3 601.4
1 0.55 608.4 529.8 608.4 544.0 576.6 544.0 576.6 529.8
1 0.55 834.0 461.1 848.5 461.6 847.3 495.7 832.8 495.2
1 0.52 601.8 608.5 601.8 622.3 572.8 622.3 572.8 608.5
