1 0.65 1867.7 961.1 1884.5 962.5 1881.5 997.4 1864.6 995.9
1 0.63 1893.0 985.2 1910.0 986.6 1906.9 1022.1 1889.9 1020.6
1 0.63 1906.0 679.5 1924.4 681.1 1921.0 719.8 1902.7 718.2
1 0.59 1857.7 486.3 1875.0 487.8 1871.7 525.2 1854.4 523.7
1 0.52 1862.4 625.7 1880.9 627.4 1877.8 663.1 1859.2 661.5
1 0.64 409.5 887.9 420.6 899.4 394.0 925.1 383.0 913.6
1 0.54 270.6 829.6 285.8 830.1 284.6 864.0 269.4 863.4
1 0.28 361.0 839.0 365.2 854.7 330.2 864.1 326.0 848.4
1 0.55 270.6 829.6 285.6 830.2 284.5 863.8 269.4 863.3
1 0.27 361.1 839.0 365.2 854.5 330.2 863.9 326.0 848.4
1 0.6 1010.2 324.3 995.1 325.1 993.2 288.0 1008.3 287.2
1 0.52 998.1 185.3 1012.4 186.5 1009.6 218.9 995.2 217.6
1 0.59 1010.2 324.3 995.1 325.1 993.1 287.9 1008.3 287.2
1 0.58 897.8 560.5 912.2 561.3 910.4 596.4 895.9 595.6
1 0.51 998.1 185.3 1012.4 186.5 1009.6 218.9 995.2 217.6
1 0.64 409.5 887.9 420.6 899.4 394.0 925.0 383.0 913.6
1 0.52 270.7 829.6 285.7 830.1 284.5 863.9 269.5 863.4
1 0.27 361.0 839.0 365.2 854.7 330.2 864.1 326.0 848.4
1 0.59 1010.2 324.4 995.1 325.1 993.1 287.9 1008.3 287.2
1 0.57 897.8 560.5 912.2 561.3 910.4 596.3 895.9 595.6
1 0.51 882.2 734.9 898.1 735.7 896.2 773.2 880.3 772.4
1 0.64 1906.0 679.5 1924.4 681.1 1921.0 719.8 1902.6 718.2
1 0.59 1857.8 486.4 1874.9 487.9 1871.6 525.1 1854.5 523.6
1 0.54 1862.4 625.6 1880.9 627.2 1877.7 663.1 1859.3 661.4
1 0.59 1010.2 324.4 995.1 325.1 993.1 287.9 1008.3 287.1
1 0.58 897.8 560.7 912.2 561.4 910.4 596.4 895.9 595.7
1 0.51 882.3 734.9 898.1 735.7 896.1 773.1 880.3 772.2
1 0.59 1857.8 486.4 1874.9 487.9 1871.6 525.1 1854.5 523.6
1 0.47 1902.4 120.6 1884.0 121.6 1882.0 84.4 1900.5 83.4
1 0.59 1010.2 324.4 995.1 325.2 993.1 287.9 1008.3 287.2
1 0.57 897.8 560.5 912.2 561.3 910.4 596.4 895.9 595.6
1 0.51 882.3 734.8 898.1 735.7 896.1 773.2 880.3 772.3
1 0.54 285.6 863.4 271.1 863.9 269.9 830.4 284.4 829.9
1 0.27 361.1 839.0 365.3 854.6 330.2 863.9 326.0 848.4
1 0.59 1010.2 324.3 995.1 325.1 993.1 287.9 1008.3 287.1
1 0.58 897.8 560.6 912.2 561.3 910.4 596.4 895.9 595.6
1 0.51 998.0 185.3 1012.4 186.5 1009.6 218.9 995.2 217.6
1 0.58 897.8 560.7 912.2 561.4 910.4 596.4 895.9 595.7
1 0.5 882.3 734.9 898.1 735.8 896.1 773.1 880.3 772.3
