1 0.65 633.0 1035.6 632.8 1050.5 602.4 1049.9 602.7 1035.0
1 0.63 395.0 635.1 405.6 646.9 378.0 671.7 367.4 659.9
1 0.62 632.9 1015.0 632.1 1029.5 600.1 1027.8 600.8 1013.3
1 0.62 633.8 1057.4 631.5 1071.8 600.4 1066.9 602.7 1052.5
1 0.61 627.9 993.8 627.7 1007.1 598.1 1006.5 598.4 993.3
1 0.54 629.9 974.8 629.7 988.6 597.8 988.1 598.1 974.2
1 0.48 269.4 609.5 254.5 610.3 252.7 576.8 267.7 576.0
1 0.47 854.6 970.2 868.9 970.7 867.6 1005.1 853.4 1004.6
1 0.43 853.9 1011.0 869.4 1011.8 867.4 1049.7 851.9 1048.9
1 0.42 867.4 1084.4 852.8 1085.2 851.2 1053.3 865.8 1052.5
1 0.26 345.2 585.2 349.2 600.3 314.7 609.6 310.6 594.4
1 0.57 1003.3 60.2 987.4 61.0 985.4 23.2 1001.3 22.4
1 0.6 888.5 297.9 902.9 298.4 901.7 334.0 887.2 333.4
1 0.57 1003.2 60.1 987.4 60.9 985.4 23.2 1001.2 22.4
1 0.34 872.9 475.7 888.5 476.2 887.1 514.8 871.5 514.2
1 0.65 632.9 1035.6 632.6 1050.4 602.4 1049.8 602.7 1035.1
1 0.63 632.8 1015.1 632.0 1029.5 600.1 1027.8 600.9 1013.4
1 0.63 395.0 635.1 405.6 646.9 378.0 671.7 367.4 659.9
1 0.63 633.8 1057.4 631.5 1071.8 600.5 1066.9 602.7 1052.5
1 0.62 628.0 993.9 627.7 1007.1 598.1 1006.6 598.4 993.4
1 0.57 630.1 974.8 629.8 988.6 597.9 988.1 598.1 974.2
1 0.45 269.4 609.5 254.5 610.3 252.7 576.8 267.6 576.0
1 0.29 345.2 585.2 349.2 600.3 314.8 609.5 310.7 594.4
1 0.51 269.2 609.5 255.0 610.3 253.3 577.1 267.5 576.3
1 0.63 1884.7 927.4 1900.8 928.8 1897.7 964.4 1881.5 963.0
1 0.62 1857.3 986.0 1875.1 987.5 1872.1 1022.6 1854.3 1021.0
1 0.55 1852.7 638.2 1870.0 640.6 1865.0 676.7 1847.7 674.3
1 0.52 1909.6 471.6 1926.5 473.1 1923.2 510.5 1906.3 509.0
1 0.51 1869.7 862.0 1885.9 864.6 1880.5 898.4 1864.4 895.8
1 0.42 1908.1 910.3 1926.7 911.2 1924.6 951.7 1906.0 950.7
1 0.29 1902.2 599.5 1882.8 601.2 1879.7 566.0 1899.2 564.3
1 0.28 1886.2 422.2 1903.2 424.9 1897.4 461.7 1880.3 459.0
1 0.49 269.2 609.5 255.0 610.3 253.3 577.1 267.4 576.3
1 0.61 888.5 297.9 902.9 298.4 901.7 333.9 887.2 333.4
1 0.57 1003.2 60.1 987.4 60.9 985.5 23.3 1001.2 22.4
1 0.36 872.8 475.7 888.5 476.2 887.2 514.8 871.4 514.2
1 0.61 888.5 297.9 902.9 298.4 901.7 333.9 887.2 333.4
1 0.51 898.3 883.4 883.5 884.6 880.5 850.1 895.2 848.8
1 0.36 872.8 475.7 888.6 476.2 887.2 514.8 871.4 514.2
1 0.64 897.7 884.5 882.6 885.3 880.7 850.1 895.8 849.3
1 0.61 890.4 937.8 877.7 938.4 876.1 908.8 888.9 908.2
1 0.54 854.6 970.4 868.7 970.9 867.5 1004.9 853.4 1004.4
1 0.49 853.9 1011.3 869.2 1012.1 867.3 1049.4 852.0 1048.6
1 0.46 867.2 1084.4 852.9 1085.1 851.3 1053.4 865.6 1052.6
1 0.36 872.8 475.8 888.5 476.3 887.2 514.7 871.4 514.1
1 0.62 395.0 635.2 405.6 646.9 378.1 671.7 367.5 659.9
1 0.47 269.2 609.5 255.0 610.3 253.2 577.0 267.5 576.3
1 0.27 345.2 585.2 349.2 600.2 314.9 609.4 310.9 594.4
1 0.6 888.5 297.9 902.9 298.4 901.7 333.9 887.2 333.4
1 0.51 898.3 883.5 883.5 884.7 880.5 850.0 895.3 848.7
1 0.34 872.9 475.7 888.5 476.3 887.2 514.8 871.5 514.3
1 0.62 395.0 635.2 405.6 646.9 378.1 671.7 367.5 659.9
1 0.49 269.4 609.4 254.6 610.2 252.8 576.8 267.6 576.1
1 0.27 345.2 585.1 349.3 600.2 314.8 609.5 310.8 594.3
1 0.66 633.0 1035.6 632.8 1050.4 602.4 1049.9 602.7 1035.1
1 0.64 897.7 884.5 882.6 885.3 880.7 850.1 895.8 849.3
1 0.63 632.8 1015.0 632.1 1029.5 600.1 1027.8 600.8 1013.3
1 0.62 633.8 1057.4 631.5 1071.8 600.4 1066.9 602.7 1052.5
1 0.62 627.9 993.8 627.7 1007.1 598.2 1006.5 598.4 993.3
1 0.6 890.4 937.8 877.7 938.4 876.1 908.8 888.9 908.1
1 0.56 629.9 974.8 629.7 988.6 597.8 988.1 598.1 974.2
1 0.51 854.6 970.4 868.7 970.9 867.5 1005.0 853.4 1004.5
1 0.46 853.9 1011.2 869.2 1012.0 867.3 1049.4 851.9 1048.6
1 0.42 867.2 1084.4 852.9 1085.1 851.2 1053.4 865.6 1052.6
1 0.36 872.8 475.8 888.5 476.3 887.2 514.7 871.5 514.1
1 0.65 1884.7 423.2 1901.6 424.7 1898.5 460.8 1881.5 459.4
1 0.54 1852.7 637.9 1870.1 640.4 1865.0 676.7 1847.6 674.3
1 0.52 1909.5 471.5 1926.6 473.0 1923.3 510.6 1906.2 509.1
1 0.26 1902.4 599.6 1882.9 601.3 1879.8 566.0 1899.4 564.3
1 0.64 1884.7 423.2 1901.6 424.7 1898.5 460.9 1881.5 459.4
1 0.56 1877.9 93.6 1896.4 95.2 1893.0 133.5 1874.5 131.9
1 0.52 1909.5 471.6 1926.5 473.1 1923.2 510.6 1906.2 509.1
1 0.31 1902.3 599.5 1883.0 601.2 1879.9 566.1 1899.2 564.4
