1 0.56 1009.2 487.3 993.0 488.1 991.1 450.7 1007.2 449.9
1 0.43 1115.3 954.8 1102.3 963.9 1080.9 933.3 1093.9 924.2
1 0.62 964.3 311.5 979.4 312.9 976.3 348.4 961.2 347.1
1 0.59 994.6 58.2 1011.5 58.8 1010.3 93.6 993.3 93.0
1 0.58 1010.6 340.8 994.0 342.2 990.7 304.7 1007.3 303.2
1 0.58 1009.1 487.2 993.1 488.1 991.1 451.1 1007.1 450.3
1 0.55 1039.9 158.8 1056.9 160.3 1053.5 200.1 1036.4 198.6
1 0.45 1006.5 155.2 1020.9 167.3 992.2 201.6 977.8 189.5
1 0.45 961.7 104.1 978.9 105.0 976.9 143.9 959.7 143.0
1 0.28 1017.9 44.4 998.7 46.1 994.7 0.6 1013.9 -1.1
1 0.63 964.3 311.5 979.4 312.8 976.3 348.3 961.2 347.0
1 0.58 1010.6 340.7 994.1 342.1 990.8 304.7 1007.3 303.2
1 0.58 1009.1 487.2 993.1 488.1 991.1 451.1 1007.1 450.3
1 0.62 964.1 311.6 979.4 313.0 976.3 348.5 961.0 347.2
1 0.58 1010.6 340.7 994.0 342.2 990.8 304.6 1007.3 303.2
1 0.58 1009.1 487.2 993.1 488.1 991.1 451.1 1007.1 450.3
1 0.58 956.6 402.5 940.1 403.4 938.3 368.8 954.8 367.9
1 0.62 964.1 311.6 979.4 313.0 976.3 348.5 961.0 347.1
1 0.58 1010.6 340.7 994.0 342.1 990.8 304.7 1007.3 303.2
1 0.58 956.6 402.5 940.1 403.4 938.3 368.8 954.8 368.0
1 0.57 1009.1 487.2 993.1 488.1 991.1 451.1 1007.1 450.3
1 0.61 964.1 311.6 979.5 313.0 976.4 348.5 960.9 347.2
1 0.58 994.6 58.2 1011.5 58.8 1010.2 93.5 993.4 92.9
1 0.58 1010.7 340.8 994.0 342.2 990.7 304.7 1007.4 303.2
1 0.58 1009.1 487.2 993.1 488.1 991.1 451.1 1007.1 450.2
1 0.57 956.6 402.6 940.1 403.5 938.3 368.8 954.8 367.9
1 0.55 1039.9 158.9 1056.9 160.4 1053.4 200.1 1036.4 198.6
1 0.52 821.0 -6.1 838.1 -5.2 836.1 33.3 819.0 32.4
1 0.43 1006.5 155.3 1020.9 167.4 992.1 201.7 977.7 189.6
1 0.4 961.6 103.8 979.0 104.4 977.6 143.8 960.2 143.2
1 0.37 862.5 24.7 843.8 26.0 841.0 -14.7 859.6 -16.0
1 0.26 1017.9 44.3 998.8 46.0 994.9 0.8 1013.9 -0.9
1 0.54 1889.8 805.7 1907.1 807.2 1903.9 843.4 1886.6 841.9
1 0.57 1009.1 487.2 993.1 488.1 991.1 450.8 1007.2 449.9
1 0.41 1115.0 954.8 1102.2 963.8 1080.9 933.4 1093.7 924.4
1 0.53 1889.8 805.5 1907.2 807.0 1904.0 843.5 1886.6 842.0
1 0.61 964.0 311.6 979.5 313.0 976.4 348.6 960.9 347.2
1 0.58 994.6 58.2 1011.4 58.8 1010.2 93.5 993.4 92.9
1 0.58 1010.7 340.8 994.0 342.2 990.7 304.7 1007.4 303.2
1 0.58 1009.1 487.2 993.1 488.1 991.1 451.1 1007.1 450.3
1 0.57 956.8 402.6 940.1 403.5 938.3 368.8 954.9 367.9
1 0.55 1039.9 158.9 1056.9 160.4 1053.4 200.1 1036.4 198.6
1 0.52 821.1 -6.0 838.0 -5.1 836.0 33.2 819.1 32.3
1 0.44 1006.5 155.3 1020.9 167.4 992.1 201.8 977.7 189.7
1 0.4 961.6 103.8 978.9 104.4 977.5 143.7 960.2 143.1
1 0.38 862.4 24.7 843.9 26.0 841.0 -14.7 859.6 -16.0
1 0.26 1017.9 44.4 998.7 46.1 994.8 0.7 1014.0 -1.0
1 0.52 821.0 -6.0 838.1 -5.1 836.1 33.3 819.0 32.4
1 0.38 862.4 24.7 843.8 26.0 841.0 -14.5 859.6 -15.8
1 0.57 1009.1 487.3 993.0 488.1 991.1 450.7 1007.2 449.9
1 0.42 1115.0 954.8 1102.2 963.8 1080.8 933.3 1093.7 924.4
