1 0.52 893.4 280.0 895.0 295.2 860.0 298.9 858.4 283.7
1 0.51 933.2 454.0 933.2 469.1 900.1 469.1 900.1 454.0
1 0.49 923.1 601.3 921.3 616.2 886.5 611.9 888.3 597.0
1 0.6 827.0 680.7 842.8 682.1 839.7 717.1 823.9 715.7
1 0.58 849.0 671.5 866.3 672.5 864.3 710.2 847.0 709.3
1 0.53 1012.5 775.5 995.7 776.3 993.9 741.8 1010.7 740.9
1 0.49 962.5 786.1 979.8 786.8 978.5 823.0 961.2 822.4
1 0.38 1008.9 836.7 1022.6 848.2 993.2 883.3 979.4 871.8
1 0.26 1016.6 727.6 999.4 729.1 996.0 689.8 1013.1 688.3
1 0.63 1013.7 1030.5 996.2 1032.0 992.6 991.0 1010.1 989.4
1 0.6 827.0 680.7 842.7 682.0 839.7 717.1 823.9 715.7
1 0.59 964.7 998.8 981.3 999.7 979.3 1038.8 962.7 1038.0
1 0.59 1034.4 925.6 1052.2 926.5 1050.1 967.5 1032.3 966.5
1 0.58 933.3 454.0 933.3 469.2 900.0 469.2 900.0 454.0
1 0.58 849.0 671.6 866.1 672.5 864.1 710.1 847.0 709.2
1 0.53 1012.6 775.5 995.6 776.4 993.8 741.5 1010.7 740.6
1 0.51 923.3 601.2 921.4 616.3 886.4 612.0 888.3 596.9
1 0.43 962.8 785.7 980.7 786.6 978.7 823.7 960.8 822.8
1 0.42 1008.7 836.5 1023.0 848.5 993.4 883.8 979.1 871.9
1 0.63 1880.9 80.7 1865.5 83.2 1860.7 53.0 1876.1 50.6
1 0.63 1862.7 231.6 1845.8 234.5 1840.1 201.9 1857.0 198.9
1 0.61 1860.2 141.6 1845.4 144.5 1839.3 113.2 1854.1 110.3
1 0.6 1907.0 211.7 1891.0 214.6 1885.6 183.8 1901.5 181.0
1 0.58 1908.7 334.6 1893.6 337.2 1888.0 305.5 1903.1 302.9
1 0.57 1908.7 334.5 1893.6 337.2 1888.0 305.5 1903.1 302.9
1 0.65 451.9 291.8 465.0 293.0 462.3 323.4 449.3 322.2
1 0.6 827.0 680.7 842.7 682.1 839.7 717.0 823.9 715.6
1 0.58 849.0 671.6 866.3 672.6 864.3 710.3 847.0 709.3
1 0.32 266.4 243.9 266.2 256.8 233.5 256.3 233.7 243.3
1 0.29 262.4 275.0 262.2 287.8 231.4 287.2 231.6 274.5
1 0.63 1013.7 1030.5 996.2 1032.0 992.6 990.9 1010.1 989.4
1 0.6 827.0 680.7 842.8 682.0 839.7 717.1 823.9 715.7
1 0.6 964.8 998.9 981.2 999.8 979.2 1038.8 962.7 1037.9
1 0.59 1034.4 925.5 1052.2 926.4 1050.1 967.5 1032.3 966.6
1 0.59 933.3 454.0 933.3 469.1 900.0 469.1 900.0 454.0
1 0.57 848.9 671.6 866.2 672.5 864.2 710.2 846.9 709.3
1 0.53 1012.6 775.5 995.6 776.4 993.8 741.5 1010.7 740.6
1 0.51 923.3 601.1 921.4 616.3 886.4 612.0 888.3 596.8
1 0.43 962.8 785.7 980.7 786.7 978.7 823.7 960.8 822.8
1 0.41 1008.7 836.6 1022.9 848.5 993.4 883.8 979.2 871.9
1 0.65 275.0 206.4 275.0 221.2 242.1 221.2 242.1 206.4
1 0.49 236.4 2.5 236.2 15.9 204.3 15.4 204.6 2.0
1 0.47 296.8 76.0 296.6 88.4 267.4 87.9 267.6 75.5
1 0.46 286.9 135.0 287.9 147.0 260.2 149.4 259.2 137.4
1 0.45 193.0 229.2 191.4 244.5 155.8 240.7 157.4 225.5
1 0.45 208.5 167.6 206.9 183.2 170.6 179.3 172.3 163.7
1 0.42 222.9 64.3 221.3 79.3 186.5 75.7 188.1 60.7
1 0.42 230.7 33.8 230.4 49.7 195.9 49.1 196.2 33.2
1 0.41 272.8 228.1 272.6 242.0 239.5 241.4 239.7 227.5
1 0.4 306.7 17.8 306.7 31.0 275.7 31.0 275.7 17.8
1 0.39 209.9 152.6 208.4 167.1 174.0 163.5 175.6 149.0
1 0.38 211.7 106.8 210.6 119.3 178.6 116.5 179.7 104.0
1 0.37 228.2 47.5 227.4 63.0 192.4 61.2 193.3 45.6
1 0.34 265.4 259.2 265.2 273.0 232.9 272.4 233.1 258.6
1 0.33 237.7 386.8 237.7 400.6 206.4 400.6 206.4 386.8
1 0.32 257.9 309.2 257.7 322.9 228.5 322.4 228.7 308.7
1 0.31 285.0 150.0 285.5 162.9 258.6 163.8 258.2 151.0
1 0.49 297.9 62.0 297.9 74.0 267.4 74.0 267.4 62.0
1 0.5 210.5 137.2 208.5 151.4 175.5 146.8 177.5 132.6
1 0.65 451.9 291.9 465.0 293.0 462.3 323.4 449.3 322.2
1 0.51 262.6 275.0 262.6 288.5 231.1 288.5 231.1 275.0
1 0.63 211.5 119.5 210.7 134.0 178.0 132.3 178.7 117.8
1 0.62 195.9 198.1 195.2 211.7 162.0 210.0 162.8 196.4
1 0.61 260.4 291.2 260.2 305.3 227.4 304.7 227.7 290.6
1 0.6 199.4 182.3 198.9 196.5 164.9 195.3 165.4 181.1
1 0.6 266.6 244.1 266.4 257.5 234.0 257.0 234.2 243.6
1 0.59 193.9 214.1 191.9 228.4 158.6 223.7 160.6 209.4
1 0.59 280.2 166.9 280.0 180.7 251.4 180.2 251.6 166.4
1 0.59 277.1 190.3 277.1 204.6 243.8 204.6 243.8 190.3
1 0.57 304.4 34.8 304.4 49.0 272.3 49.0 272.3 34.8
1 0.56 229.1 17.1 228.9 31.1 196.4 30.5 196.6 16.5
1 0.55 187.2 243.2 187.2 259.1 151.7 259.1 151.7 243.2
1 0.55 220.0 79.5 218.1 95.3 182.5 90.9 184.5 75.1
1 0.55 296.5 90.4 296.5 104.0 265.3 104.0 265.3 90.4
1 0.53 252.1 345.6 251.8 360.6 217.6 360.0 217.9 345.0
1 0.51 292.3 106.4 292.3 119.6 263.6 119.6 263.6 106.4
1 0.27 290.2 121.1 290.2 134.0 263.3 134.0 263.3 121.1
1 0.65 451.9 291.9 464.9 293.0 462.3 323.4 449.3 322.2
1 0.61 260.4 291.2 260.2 305.3 227.4 304.7 227.7 290.6
1 0.6 266.7 243.7 266.5 257.4 233.5 256.8 233.7 243.1
1 0.54 187.3 242.6 187.3 258.8 151.4 258.8 151.4 242.6
1 0.54 252.1 345.6 251.8 360.6 217.6 360.0 217.9 345.0
1 0.51 262.6 275.0 262.6 288.5 231.1 288.5 231.1 275.0
1 0.34 237.7 386.8 237.7 400.6 206.4 400.6 206.4 386.8
1 0.32 257.9 309.1 257.7 322.9 228.4 322.4 228.6 308.6
1 0.29 264.9 259.3 264.6 273.0 232.8 272.4 233.1 258.7
1 0.53 893.3 280.0 894.8 295.2 860.0 298.8 858.4 283.7
1 0.49 923.2 601.3 921.4 616.2 886.5 611.9 888.4 597.0
1 0.48 933.2 454.0 933.2 469.1 900.1 469.1 900.1 454.0
1 0.61 827.0 680.8 842.7 682.1 839.6 717.0 823.9 715.6
1 0.58 849.0 671.7 866.1 672.6 864.1 710.2 847.0 709.3
1 0.55 893.3 280.0 894.9 295.2 860.0 298.9 858.4 283.6
1 0.53 1012.5 775.5 995.6 776.4 993.8 741.8 1010.7 740.9
1 0.51 923.2 601.2 921.4 616.2 886.5 612.0 888.4 597.0
1 0.48 933.2 454.0 933.2 469.1 900.1 469.1 900.1 454.0
1 0.43 962.7 785.5 980.7 786.5 978.7 823.7 960.8 822.8
1 0.37 1008.9 836.9 1022.5 848.3 993.3 883.1 979.6 871.7
1 0.64 451.9 291.8 465.0 293.0 462.3 323.4 449.3 322.2
1 0.64 274.7 205.8 275.2 220.6 242.3 221.8 241.8 206.9
1 0.57 280.1 166.9 279.9 180.6 251.4 180.1 251.7 166.4
1 0.57 277.1 190.2 277.1 204.6 243.7 204.6 243.7 190.2
1 0.55 304.4 34.8 304.4 49.0 272.3 49.0 272.3 34.8
1 0.53 296.4 90.4 296.4 104.0 265.3 104.0 265.3 90.4
1 0.49 292.3 106.4 292.3 119.6 263.5 119.6 263.5 106.4
1 0.46 297.9 62.0 297.9 74.0 267.4 74.0 267.4 62.0
1 0.45 296.8 76.0 296.6 88.4 267.4 87.9 267.6 75.5
1 0.43 286.8 135.0 287.8 146.9 260.2 149.3 259.1 137.5
1 0.39 266.5 243.8 266.3 257.2 233.3 256.6 233.5 243.2
1 0.38 306.7 17.8 306.7 31.0 275.7 31.0 275.7 17.8
1 0.31 262.4 274.8 262.2 287.9 230.6 287.4 230.8 274.2
1 0.28 284.9 150.0 285.4 162.8 258.6 163.7 258.1 151.0
1 0.63 1013.7 1030.5 996.2 1032.0 992.6 990.9 1010.1 989.4
1 0.61 964.9 998.8 981.3 999.6 979.2 1038.8 962.8 1037.9
1 0.59 1034.4 925.5 1052.2 926.4 1050.1 967.5 1032.3 966.6
1 0.53 1012.5 775.5 995.6 776.4 993.8 741.4 1010.7 740.5
1 0.49 962.4 786.2 979.8 786.8 978.6 823.1 961.2 822.5
1 0.45 1008.7 836.6 1023.0 848.5 993.4 883.7 979.2 871.7
1 0.61 827.0 680.8 842.7 682.1 839.7 717.0 823.9 715.6
1 0.58 849.0 671.7 866.2 672.6 864.2 710.2 847.0 709.3
1 0.53 1012.5 775.5 995.6 776.4 993.8 741.8 1010.7 740.9
1 0.53 893.4 279.9 895.1 295.3 859.9 299.0 858.3 283.6
1 0.5 923.2 601.2 921.4 616.3 886.5 612.0 888.4 596.9
1 0.5 933.2 454.0 933.2 469.1 900.1 469.1 900.1 454.0
1 0.42 962.7 785.5 980.7 786.5 978.7 823.7 960.8 822.8
1 0.38 1008.9 836.8 1022.6 848.3 993.2 883.3 979.5 871.8
