1 0.63 300.7 60.7 300.4 74.5 268.6 74.0 268.8 60.2
1 0.62 292.0 116.6 291.8 130.2 260.4 129.6 260.6 116.0
1 0.61 456.7 246.9 470.5 248.1 467.8 279.1 454.0 277.9
1 0.61 288.0 133.1 287.8 146.2 259.0 145.7 259.3 132.6
1 0.56 275.5 194.4 275.3 207.9 246.9 207.4 247.1 193.9
1 0.53 270.5 234.7 270.5 248.9 236.8 248.9 236.8 234.7
1 0.53 294.2 87.1 294.6 99.9 263.6 101.0 263.1 88.2
1 0.51 302.1 43.4 302.1 56.8 271.5 56.8 271.5 43.4
1 0.47 272.8 217.9 272.8 232.5 237.2 232.5 237.2 217.9
1 0.45 309.3 14.8 309.1 29.4 277.7 28.8 278.0 14.2
1 0.45 292.9 102.3 292.7 114.7 263.0 114.2 263.2 101.8
1 0.44 282.4 161.5 284.0 173.5 256.2 177.4 254.5 165.4
1 0.4 262.0 271.7 262.0 284.9 230.0 284.9 230.0 271.7
1 0.38 280.9 176.7 282.0 188.8 255.0 191.2 253.9 179.1
1 0.29 259.9 303.0 259.7 316.8 228.0 316.2 228.2 302.5
1 0.26 285.0 148.3 285.0 160.9 258.3 160.9 258.3 148.3
1 0.59 826.1 713.8 842.0 715.2 838.9 750.8 823.0 749.4
1 0.57 847.7 705.0 865.1 705.6 863.8 743.8 846.4 743.2
1 0.61 456.6 246.7 470.6 247.9 467.8 279.1 453.9 277.9
1 0.59 826.1 713.8 842.0 715.2 838.9 750.8 823.0 749.4
1 0.58 847.7 705.2 865.1 705.8 863.7 743.7 846.4 743.1
1 0.34 261.9 271.8 261.9 284.9 230.2 284.9 230.2 271.8
1 0.25 259.8 303.1 259.6 316.7 228.1 316.2 228.3 302.5
1 0.66 1887.5 279.6 1871.3 282.8 1865.0 250.3 1881.2 247.1
1 0.55 1883.3 344.3 1865.9 347.4 1860.1 314.4 1877.5 311.4
1 0.57 963.8 1034.2 980.5 1034.8 979.1 1075.6 962.4 1075.0
1 0.57 1014.3 1067.2 997.4 1069.3 992.4 1028.7 1009.3 1026.6
1 0.54 995.4 774.9 1012.3 775.8 1010.5 810.6 993.5 809.7
1 0.51 1049.5 1055.1 1031.1 1055.7 1029.6 1013.2 1048.0 1012.5
1 0.43 981.1 856.4 962.9 858.0 959.7 821.1 977.9 819.5
1 0.38 1009.5 870.9 1024.1 883.5 993.6 918.6 979.0 906.0
1 0.55 995.4 775.1 1012.1 776.0 1010.3 810.5 993.6 809.6
1 0.45 980.8 856.4 963.1 857.9 959.9 821.3 977.6 819.8
1 0.64 300.7 60.7 300.4 74.5 268.6 74.0 268.8 60.1
1 0.64 270.8 234.6 270.8 249.2 238.0 249.2 238.0 234.6
1 0.49 225.2 43.1 224.9 57.2 191.2 56.6 191.4 42.5
1 0.47 234.0 415.8 234.0 429.8 202.5 429.8 202.5 415.8
1 0.47 292.9 102.2 292.7 114.7 263.1 114.2 263.3 101.7
1 0.47 309.3 14.7 309.1 29.5 277.6 29.0 277.9 14.2
1 0.46 227.4 59.6 226.9 75.4 191.2 74.2 191.8 58.3
1 0.46 205.8 179.0 205.3 194.5 169.3 193.2 169.8 177.8
1 0.46 282.4 161.4 284.2 173.5 256.2 177.5 254.5 165.3
1 0.46 230.3 0.2 230.1 13.2 200.2 12.7 200.4 -0.3
1 0.45 270.1 255.8 269.6 270.6 234.6 269.4 235.1 254.6
1 0.43 260.5 287.4 260.2 300.9 228.6 300.4 228.8 286.8
1 0.43 231.1 29.7 230.4 43.2 199.4 41.6 200.1 28.1
1 0.43 223.0 75.0 221.9 90.5 186.1 88.0 187.2 72.5
1 0.4 205.1 195.0 203.5 210.3 167.1 206.5 168.7 191.2
1 0.39 281.0 176.6 282.1 188.8 255.0 191.2 253.9 179.0
1 0.38 206.5 132.2 205.9 145.0 173.7 143.3 174.4 130.5
1 0.3 253.2 338.7 253.0 351.7 224.0 351.2 224.3 338.2
1 0.28 285.2 148.2 285.2 161.0 258.4 161.0 258.4 148.2
1 0.51 191.9 224.8 191.2 239.0 157.3 237.3 158.1 223.0
1 0.52 208.2 146.6 207.1 161.7 172.7 159.3 173.8 144.2
1 0.52 302.1 43.4 302.1 56.9 271.5 56.9 271.5 43.4
1 0.58 214.6 105.2 212.2 120.6 177.4 115.1 179.8 99.7
1 0.64 292.1 116.6 291.8 130.2 260.4 129.6 260.7 116.0
1 0.63 260.2 302.8 260.0 317.2 227.3 316.6 227.5 302.2
1 0.62 288.1 133.0 287.9 146.2 259.1 145.7 259.3 132.5
1 0.61 262.5 271.4 262.5 285.3 229.7 285.3 229.7 271.4
1 0.61 456.7 247.0 470.5 248.2 467.8 279.1 454.0 277.8
1 0.6 229.7 14.5 229.7 28.1 199.1 28.1 199.1 14.5
1 0.59 275.6 194.4 275.4 208.0 246.7 207.5 247.0 193.9
1 0.58 181.9 270.5 181.9 286.5 147.2 286.5 147.2 270.5
1 0.52 273.6 218.1 273.6 232.0 240.1 232.0 240.1 218.1
1 0.58 255.9 319.2 255.7 333.5 223.5 332.9 223.8 318.6
1 0.56 190.6 240.7 189.0 255.5 154.5 251.8 156.1 237.1
1 0.55 248.7 373.8 248.7 389.5 212.6 389.5 212.6 373.8
1 0.55 206.2 163.3 204.6 178.6 169.7 174.9 171.3 159.7
1 0.54 189.5 256.7 187.6 272.2 152.1 267.9 154.0 252.3
1 0.54 294.2 87.1 294.7 99.9 263.7 101.0 263.2 88.2
1 0.53 196.9 208.5 196.4 223.1 161.4 221.8 161.9 207.2
1 0.27 220.1 89.2 218.5 103.9 184.2 100.3 185.8 85.6
1 0.59 826.1 713.8 842.1 715.2 838.9 750.8 823.0 749.4
1 0.57 1014.3 1067.2 997.4 1069.2 992.5 1028.7 1009.3 1026.7
1 0.57 933.3 484.9 933.3 500.4 899.4 500.4 899.4 484.9
1 0.56 847.6 705.0 865.0 705.6 863.7 743.8 846.3 743.2
1 0.56 964.2 1035.2 981.1 1036.1 979.0 1076.4 962.1 1075.5
1 0.53 995.4 774.9 1012.3 775.8 1010.5 810.6 993.5 809.7
1 0.51 1049.5 1055.1 1031.1 1055.7 1029.6 1013.2 1048.0 1012.5
1 0.49 923.2 633.5 921.3 648.8 885.8 644.5 887.7 629.1
1 0.4 981.5 856.9 962.9 858.5 959.6 820.9 978.2 819.3
1 0.35 1009.5 870.9 1024.1 883.5 993.5 918.7 978.9 906.1
1 0.52 933.3 484.9 933.3 500.4 899.5 500.4 899.5 484.9
1 0.5 894.2 310.0 894.7 325.3 857.9 326.6 857.4 311.3
1 0.59 826.1 713.8 842.0 715.2 838.9 750.8 823.0 749.4
1 0.57 847.7 705.2 864.9 705.8 863.6 743.7 846.4 743.1
1 0.55 995.3 775.1 1012.2 775.9 1010.4 810.6 993.5 809.7
1 0.51 894.1 310.0 894.6 325.3 857.9 326.6 857.4 311.3
1 0.49 933.3 484.9 933.3 500.4 899.5 500.4 899.5 484.9
1 0.49 923.2 634.2 920.8 649.3 885.6 643.7 888.0 628.6
1 0.42 981.3 856.7 963.0 858.3 959.7 821.0 978.0 819.4
1 0.51 894.1 310.0 894.6 325.3 858.0 326.6 857.4 311.3
1 0.5 933.3 484.9 933.3 500.4 899.5 500.4 899.5 484.9
1 0.59 826.1 713.8 842.0 715.2 838.9 750.8 823.0 749.4
1 0.57 1014.3 1067.2 997.4 1069.2 992.5 1028.7 1009.3 1026.6
1 0.57 847.7 705.0 864.9 705.6 863.6 743.7 846.3 743.1
1 0.57 933.3 484.9 933.3 500.4 899.4 500.4 899.4 484.9
1 0.56 964.0 1034.0 980.9 1034.9 978.8 1075.9 961.8 1075.0
1 0.53 995.3 774.9 1012.3 775.8 1010.5 810.6 993.5 809.7
1 0.51 1049.5 1055.1 1031.1 1055.7 1029.6 1013.2 1048.0 1012.5
1 0.5 923.1 633.5 921.2 648.8 885.8 644.4 887.7 629.1
1 0.4 981.5 856.9 962.9 858.5 959.6 820.9 978.2 819.2
1 0.35 1009.5 870.9 1024.0 883.6 993.5 918.7 978.9 906.1
1 0.59 826.1 713.8 842.0 715.2 838.9 750.8 823.0 749.4
1 0.57 847.6 705.1 865.0 705.7 863.6 743.7 846.3 743.1
1 0.55 995.4 775.1 1012.2 775.9 1010.4 810.5 993.5 809.6
1 0.52 933.3 485.0 933.3 500.4 899.5 500.4 899.5 485.0
1 0.5 894.2 310.0 894.7 325.3 857.9 326.6 857.4 311.3
1 0.49 923.2 634.2 920.8 649.3 885.6 643.7 888.0 628.6
1 0.42 981.3 856.7 963.0 858.3 959.7 821.0 978.0 819.4
1 0.62 260.2 302.8 259.9 317.2 227.3 316.6 227.5 302.2
1 0.62 456.7 246.7 470.6 248.0 467.8 279.1 453.9 277.9
1 0.61 262.5 271.4 262.5 285.3 229.7 285.3 229.7 271.4
1 0.6 190.3 240.3 188.7 255.2 153.2 251.5 154.7 236.6
1 0.58 255.9 319.2 255.6 333.5 223.5 332.9 223.8 318.7
1 0.58 181.8 270.6 181.8 286.5 147.3 286.5 147.3 270.6
1 0.55 248.7 373.8 248.7 389.5 212.7 389.5 212.7 373.8
1 0.51 189.5 256.7 187.6 272.2 152.1 267.9 154.0 252.3
1 0.47 233.9 415.8 233.9 429.8 202.5 429.8 202.5 415.8
1 0.44 270.6 235.1 270.6 249.8 238.0 249.8 238.0 235.1
1 0.42 260.4 287.4 260.1 300.9 228.6 300.3 228.8 286.8
1 0.39 270.1 256.0 269.5 270.5 234.7 269.3 235.2 254.7
1 0.3 253.3 338.7 253.0 351.7 224.0 351.2 224.2 338.2
1 0.37 1826.6 23.4 1810.2 25.5 1805.7 -11.1 1822.1 -13.1
1 0.66 1907.7 217.0 1891.8 219.8 1886.4 189.1 1902.3 186.3
1 0.66 1887.5 279.6 1871.3 282.8 1865.0 250.3 1881.2 247.2
1 0.66 1917.7 136.2 1901.3 139.1 1895.6 106.8 1912.0 104.0
1 0.55 1883.3 344.3 1865.9 347.4 1860.1 314.5 1877.5 311.4
1 0.37 1826.7 23.6 1810.1 25.7 1805.6 -11.5 1822.1 -13.6
1 0.35 1875.9 63.9 1858.6 67.0 1853.1 35.5 1870.3 32.4
