1 0.25 1900.6 561.6 1921.3 564.5 1915.6 604.9 1894.9 602.0
1 0.49 1187.0 722.5 1168.7 725.1 1163.5 688.1 1181.8 685.5
1 0.61 1125.6 997.0 1143.0 997.6 1141.6 1036.7 1124.2 1036.1
1 0.6 1114.5 951.2 1122.3 965.8 1090.1 982.9 1082.3 968.3
1 0.5 1186.9 722.5 1168.7 725.0 1163.5 687.9 1181.7 685.4
1 0.56 1888.0 1017.4 1905.0 1018.9 1902.2 1050.7 1885.2 1049.3
1 0.49 1876.2 911.6 1894.2 913.2 1891.2 947.4 1873.2 945.9
1 0.6 1114.3 951.4 1122.0 965.9 1090.1 982.9 1082.3 968.4
1 0.59 909.5 1036.2 925.4 1037.6 922.3 1072.8 906.4 1071.4
1 0.49 1187.0 722.6 1168.7 725.1 1163.5 688.1 1181.8 685.5
1 0.6 1125.6 997.0 1143.0 997.6 1141.6 1036.7 1124.2 1036.1
1 0.6 1114.6 951.2 1122.3 965.8 1090.1 982.9 1082.3 968.3
1 0.59 909.5 1036.3 925.3 1037.6 922.2 1072.8 906.4 1071.4
1 0.49 1187.0 722.5 1168.7 725.1 1163.5 687.9 1181.7 685.3
