1 0.54 1002.5 129.7 985.6 130.6 983.5 91.1 1000.4 90.3
1 0.52 1182.6 785.4 1164.7 790.9 1153.3 753.4 1171.1 748.0
1 0.54 1002.4 129.6 985.6 130.5 983.6 91.2 1000.4 90.3
1 0.52 949.7 42.6 931.9 43.5 929.9 5.8 947.7 4.9
1 0.52 1182.8 785.5 1164.7 791.0 1153.2 753.4 1171.2 747.9
1 0.55 1002.4 129.6 985.6 130.5 983.6 91.2 1000.4 90.3
1 0.53 949.6 42.6 931.9 43.5 929.9 5.8 947.7 4.9
1 0.51 1182.6 785.4 1164.7 790.9 1153.3 753.4 1171.2 748.0
1 0.37 1889.2 803.1 1908.0 804.7 1904.8 841.3 1886.0 839.7
1 0.53 1182.7 785.5 1164.7 791.0 1153.2 753.4 1171.2 747.9
1 0.33 1889.2 803.1 1908.2 804.8 1905.0 841.5 1886.0 839.8
