1 0.62 963.4 559.9 979.4 560.7 977.4 597.3 961.4 596.5
1 0.6 822.7 249.5 839.5 250.1 838.2 287.6 821.4 287.0
1 0.6 931.7 3.7 931.7 20.5 895.2 20.5 895.2 3.7
1 0.59 1057.6 546.5 1041.3 554.0 1024.3 517.6 1040.6 510.0
1 0.57 846.1 241.2 863.8 241.8 862.4 280.2 844.8 279.6
1 0.54 1010.2 588.9 994.2 590.3 991.0 553.0 1007.0 551.6
1 0.53 921.2 166.5 919.2 182.4 882.8 178.0 884.8 162.0
1 0.52 1011.9 347.4 994.9 348.3 993.1 313.3 1010.0 312.5
1 0.45 1006.9 407.1 1020.9 419.3 992.2 452.4 978.2 440.2
1 0.42 957.6 651.8 940.5 653.3 937.3 617.1 954.4 615.6
1 0.38 980.4 392.8 962.6 394.4 959.4 357.3 977.1 355.7
1 0.62 963.3 559.8 979.4 560.7 977.5 597.3 961.4 596.5
1 0.61 822.8 249.6 839.3 250.2 838.0 287.5 821.5 286.9
1 0.6 1008.5 733.1 992.7 733.9 990.8 697.2 1006.6 696.4
1 0.59 1057.6 546.5 1041.3 554.1 1024.3 517.6 1040.6 510.0
1 0.58 955.6 649.5 939.8 650.4 938.0 617.2 953.8 616.4
1 0.56 846.4 242.1 863.5 242.7 862.2 279.8 845.1 279.2
1 0.54 1010.2 588.9 994.2 590.3 991.0 553.1 1007.0 551.7
1 0.52 1011.8 347.4 995.0 348.3 993.1 313.4 1010.0 312.5
1 0.45 1006.9 407.1 1021.0 419.3 992.2 452.5 978.1 440.2
1 0.39 980.3 392.8 962.6 394.4 959.4 357.3 977.1 355.7
1 0.62 963.3 559.8 979.4 560.6 977.4 597.2 961.4 596.4
1 0.6 1008.5 733.0 992.8 733.8 990.9 697.2 1006.6 696.4
1 0.59 1057.8 546.7 1041.4 554.4 1024.2 517.6 1040.7 509.9
1 0.57 955.7 649.5 939.8 650.4 938.0 617.1 954.0 616.3
1 0.54 1010.3 588.9 994.2 590.3 991.0 553.1 1007.0 551.7
1 0.51 982.5 1018.7 996.6 1022.7 987.1 1055.9 972.9 1051.9
1 0.63 963.6 559.8 979.4 560.6 977.4 597.2 961.7 596.4
1 0.6 1008.5 733.1 992.8 733.9 990.8 697.2 1006.6 696.4
1 0.59 1057.6 546.5 1041.3 554.1 1024.3 517.6 1040.6 510.0
1 0.54 1010.2 588.9 994.2 590.3 991.0 553.0 1006.9 551.6
1 0.52 1011.8 347.4 994.9 348.3 993.1 313.3 1010.0 312.5
1 0.47 1006.9 407.1 1020.9 419.3 992.2 452.3 978.2 440.1
1 0.43 980.0 392.6 962.6 394.2 959.4 357.7 976.8 356.2
1 0.27 997.1 355.1 1014.5 356.6 1011.2 394.1 993.8 392.5
1 0.63 963.6 559.8 979.4 560.6 977.4 597.3 961.7 596.4
1 0.6 1057.6 546.5 1041.3 554.1 1024.3 517.6 1040.6 510.0
1 0.54 1010.2 588.9 994.2 590.3 990.9 553.0 1006.9 551.6
1 0.53 1011.8 347.4 995.0 348.3 993.1 313.4 1010.0 312.5
1 0.47 1006.9 407.2 1020.9 419.3 992.2 452.3 978.2 440.1
1 0.43 980.0 392.6 962.6 394.2 959.4 357.7 976.8 356.2
1 0.27 997.1 355.0 1014.5 356.6 1011.2 394.1 993.8 392.5
1 0.62 963.4 559.9 979.4 560.7 977.5 597.3 961.4 596.5
1 0.61 823.0 249.4 839.8 250.3 837.8 287.7 821.1 286.8
1 0.6 1008.5 733.1 992.7 733.9 990.8 697.2 1006.6 696.4
1 0.59 1057.6 546.5 1041.3 554.1 1024.3 517.6 1040.6 510.0
1 0.58 955.5 649.5 939.8 650.3 938.0 617.2 953.8 616.4
1 0.56 846.4 242.0 863.6 242.6 862.3 279.8 845.1 279.2
1 0.54 1010.2 588.9 994.2 590.3 990.9 553.0 1007.0 551.6
1 0.52 1011.8 347.4 995.0 348.3 993.1 313.4 1010.0 312.5
1 0.45 1006.9 407.1 1020.9 419.3 992.2 452.4 978.2 440.2
1 0.39 980.3 392.8 962.7 394.3 959.4 357.3 977.0 355.8
1 0.62 963.4 559.9 979.4 560.7 977.5 597.3 961.4 596.5
1 0.61 822.7 249.6 839.4 250.2 838.1 287.6 821.4 287.0
1 0.6 931.7 3.6 931.7 20.5 895.2 20.5 895.2 3.6
1 0.59 1057.6 546.5 1041.3 554.1 1024.4 517.6 1040.6 510.0
1 0.57 846.2 241.2 863.7 241.9 862.3 280.1 844.8 279.5
1 0.55 1010.2 588.9 994.2 590.3 991.0 553.1 1007.0 551.7
1 0.53 921.1 166.5 919.2 182.4 882.8 177.9 884.8 162.1
1 0.52 1011.8 347.4 994.9 348.3 993.1 313.4 1010.0 312.5
1 0.45 1006.9 407.2 1020.8 419.3 992.1 452.4 978.2 440.2
1 0.42 957.6 651.7 940.5 653.2 937.4 617.1 954.4 615.6
1 0.39 980.3 392.8 962.6 394.3 959.4 357.3 977.1 355.7
1 0.25 997.1 355.1 1014.5 356.6 1011.2 394.0 993.8 392.5
1 0.61 823.0 249.5 839.7 250.3 837.7 287.7 821.1 286.8
1 0.56 846.4 242.1 863.6 242.7 862.3 279.8 845.1 279.2
1 0.62 963.3 559.8 979.3 560.6 977.4 597.2 961.4 596.4
1 0.59 1008.5 733.0 992.8 733.8 990.9 697.2 1006.6 696.4
1 0.59 1057.8 546.7 1041.4 554.3 1024.2 517.6 1040.7 509.9
1 0.57 955.6 649.5 939.8 650.3 938.0 617.1 953.9 616.3
1 0.54 1010.3 588.9 994.2 590.3 991.0 553.1 1007.0 551.7
1 0.51 982.5 1018.7 996.6 1022.7 987.1 1055.9 973.0 1051.9
1 0.6 823.0 249.5 839.7 250.3 837.8 287.7 821.1 286.8
1 0.57 846.2 241.2 863.8 241.9 862.5 280.1 844.8 279.5
1 0.63 963.6 559.6 979.3 560.5 977.4 597.2 961.7 596.3
1 0.59 1008.5 733.0 992.8 733.8 990.9 697.2 1006.6 696.4
1 0.59 1057.8 546.7 1041.4 554.3 1024.3 517.6 1040.6 510.0
1 0.55 1010.2 588.9 994.2 590.3 991.0 553.0 1007.0 551.6
1 0.52 982.5 1018.6 996.7 1022.7 987.1 1056.1 972.9 1052.0
