1 0.57 1619.9 433.0 1636.8 433.9 1634.8 471.5 1618.0 470.6
1 0.57 1270.0 434.1 1285.0 437.8 1276.3 472.7 1261.3 469.0
1 0.48 1420.7 461.3 1437.4 462.8 1434.4 497.7 1417.6 496.2
1 0.63 744.0 496.4 742.3 512.3 705.3 508.4 707.0 492.5
1 0.62 829.5 451.5 828.3 464.9 796.1 462.1 797.2 448.7
1 0.61 889.2 508.8 888.6 524.6 850.2 523.3 850.8 507.5
1 0.6 885.0 480.0 883.4 495.2 845.5 491.2 847.1 476.0
1 0.48 1126.2 532.9 1125.3 548.3 1091.0 546.5 1091.8 531.1
1 0.47 1085.0 495.2 1084.2 510.9 1049.0 509.1 1049.8 493.4
1 0.43 1081.4 530.4 1080.3 546.5 1044.1 543.9 1045.2 527.9
1 0.38 1031.5 535.8 1018.5 548.8 988.2 518.5 1001.2 505.5
1 0.64 743.9 496.4 742.3 512.3 705.3 508.4 707.0 492.5
1 0.63 829.5 451.5 828.3 464.9 796.1 462.1 797.3 448.7
1 0.55 881.9 479.7 880.3 494.9 845.1 491.2 846.7 476.0
1 0.53 887.1 508.8 886.6 524.5 849.8 523.2 850.4 507.5
1 0.64 829.5 451.5 828.4 464.9 796.1 462.0 797.3 448.7
1 0.64 743.9 496.4 742.2 512.3 705.2 508.4 706.9 492.5
1 0.55 881.9 479.6 880.3 494.9 845.0 491.2 846.6 475.9
1 0.52 887.5 508.8 886.9 524.6 849.6 523.3 850.1 507.5
1 0.63 829.5 451.5 828.3 464.9 796.1 462.1 797.3 448.7
1 0.61 1205.1 368.5 1203.3 383.6 1167.2 379.2 1169.1 364.0
1 0.61 889.2 508.8 888.6 524.6 850.2 523.3 850.7 507.5
1 0.6 885.0 480.0 883.4 495.2 845.5 491.2 847.1 476.0
1 0.58 1270.0 434.0 1285.0 437.8 1276.3 472.7 1261.2 469.0
1 0.57 1211.0 391.3 1209.2 408.7 1171.1 404.7 1172.9 387.3
1 0.57 1126.6 534.2 1124.9 549.8 1090.4 546.2 1092.0 530.6
1 0.5 1085.0 495.2 1084.1 510.9 1049.0 509.1 1049.8 493.4
1 0.44 744.2 496.4 742.6 511.9 708.0 508.3 709.6 492.8
1 0.44 1081.4 530.4 1080.3 546.5 1044.1 544.0 1045.2 527.9
1 0.38 1031.7 535.9 1018.6 549.0 988.1 518.5 1001.2 505.4
1 0.52 1420.6 460.9 1437.2 462.4 1434.1 497.0 1417.6 495.5
1 0.51 1619.8 434.1 1636.8 435.0 1634.9 471.6 1617.8 470.7
1 0.63 829.5 451.5 828.3 464.9 796.1 462.1 797.3 448.7
1 0.61 889.2 508.8 888.6 524.6 850.2 523.3 850.8 507.5
1 0.61 885.0 480.0 883.4 495.2 845.5 491.2 847.1 476.0
1 0.6 1205.2 368.5 1203.3 383.7 1167.2 379.2 1169.1 364.0
1 0.58 1210.9 391.3 1209.1 408.7 1171.2 404.7 1173.0 387.4
1 0.57 1126.6 534.2 1124.9 549.8 1090.4 546.2 1092.0 530.6
1 0.57 1270.0 434.0 1285.0 437.8 1276.3 472.8 1261.2 469.0
1 0.5 1085.0 495.2 1084.2 510.9 1049.0 509.0 1049.8 493.4
1 0.45 744.2 496.5 742.6 511.9 708.2 508.2 709.8 492.9
1 0.44 1081.4 530.4 1080.3 546.6 1044.0 544.0 1045.2 527.8
1 0.38 1031.6 535.9 1018.6 548.9 988.2 518.5 1001.2 505.5
1 0.63 743.9 496.4 742.2 512.3 705.2 508.4 706.9 492.5
1 0.63 829.6 451.5 828.4 464.9 796.1 462.0 797.2 448.6
1 0.6 885.1 479.9 883.5 495.2 845.3 491.2 847.0 475.9
1 0.6 889.3 508.8 888.7 524.7 849.9 523.3 850.5 507.5
1 0.5 1085.1 495.2 1084.2 511.0 1049.1 509.1 1050.0 493.4
1 0.5 1126.5 532.2 1126.0 548.5 1090.6 547.3 1091.2 531.0
1 0.44 1081.3 530.5 1080.1 546.5 1044.2 544.0 1045.3 528.0
1 0.43 1031.8 536.0 1018.7 549.1 988.1 518.5 1001.2 505.3
1 0.25 951.5 496.3 964.2 501.2 952.1 532.8 939.4 528.0
1 0.6 1205.2 368.5 1203.3 383.7 1167.2 379.2 1169.0 364.0
1 0.58 1126.6 534.2 1124.9 549.8 1090.3 546.2 1092.0 530.6
1 0.57 1210.9 391.3 1209.1 408.7 1171.1 404.7 1173.0 387.3
1 0.57 1269.9 434.0 1285.1 437.8 1276.3 472.8 1261.2 469.0
1 0.5 1085.0 495.2 1084.2 510.9 1049.0 509.1 1049.8 493.4
1 0.48 1420.8 461.4 1437.4 462.8 1434.4 497.6 1417.7 496.1
1 0.44 1081.4 530.4 1080.3 546.5 1044.1 544.0 1045.2 527.8
1 0.41 1031.5 535.9 1018.6 548.8 988.2 518.5 1001.2 505.5
1 0.58 1620.0 433.1 1636.7 434.0 1634.8 471.4 1618.0 470.5
1 0.57 1270.0 434.0 1285.0 437.8 1276.3 472.7 1261.3 468.9
1 0.48 1420.7 461.4 1437.4 462.8 1434.4 497.7 1417.6 496.2
1 0.63 829.6 451.5 828.4 464.9 796.1 462.0 797.2 448.6
1 0.6 885.1 479.9 883.5 495.2 845.3 491.2 846.9 475.9
1 0.6 889.3 508.8 888.8 524.7 849.9 523.3 850.4 507.4
1 0.59 1126.2 534.2 1124.9 549.2 1090.9 546.3 1092.2 531.2
1 0.52 1270.2 432.3 1285.7 436.2 1276.5 472.9 1261.1 469.0
1 0.5 1085.0 495.3 1084.2 510.9 1049.2 509.1 1050.0 493.4
1 0.43 744.2 496.4 742.5 511.9 707.8 508.3 709.4 492.7
1 0.43 1081.2 530.6 1080.1 546.4 1044.2 543.9 1045.3 528.1
1 0.4 1031.9 536.0 1018.7 549.2 988.0 518.5 1001.2 505.3
1 0.63 744.0 496.4 742.3 512.3 705.3 508.4 707.0 492.5
1 0.63 829.5 451.5 828.3 464.9 796.1 462.1 797.3 448.7
1 0.55 881.9 479.7 880.3 494.9 845.1 491.2 846.7 476.0
1 0.53 887.1 508.8 886.6 524.5 849.8 523.2 850.4 507.5
1 0.5 100.8 598.9 105.8 614.2 70.8 625.5 65.9 610.2
1 0.5 134.2 248.2 127.6 260.7 96.4 244.2 103.1 231.6
1 0.58 1620.0 433.1 1636.7 434.0 1634.8 471.4 1618.0 470.5
1 0.47 1420.7 461.4 1437.4 462.8 1434.4 497.6 1417.7 496.2
1 0.63 744.0 496.4 742.3 512.3 705.3 508.4 707.0 492.5
1 0.62 829.5 451.5 828.3 464.9 796.1 462.1 797.2 448.7
1 0.6 889.1 508.8 888.6 524.6 850.2 523.3 850.8 507.5
1 0.6 885.0 480.0 883.4 495.1 845.5 491.2 847.1 476.0
1 0.48 1085.0 495.2 1084.2 510.9 1049.0 509.0 1049.8 493.4
1 0.47 1126.3 532.8 1125.5 548.4 1091.0 546.6 1091.8 531.0
1 0.44 1081.4 530.4 1080.3 546.5 1044.1 544.0 1045.2 527.9
1 0.38 1031.4 535.8 1018.5 548.7 988.3 518.5 1001.2 505.6
1 0.61 1205.1 368.5 1203.3 383.7 1167.2 379.2 1169.1 364.0
1 0.58 1126.5 534.3 1124.9 549.8 1090.4 546.2 1092.0 530.6
1 0.58 1269.9 434.0 1285.0 437.8 1276.3 472.8 1261.2 469.0
1 0.58 1211.0 391.3 1209.1 408.7 1171.1 404.7 1172.9 387.3
1 0.5 1085.0 495.2 1084.2 510.9 1049.0 509.1 1049.8 493.4
1 0.48 1420.7 461.4 1437.4 462.8 1434.4 497.6 1417.7 496.2
1 0.45 1081.4 530.4 1080.3 546.5 1044.1 544.0 1045.2 527.9
1 0.41 1031.6 535.8 1018.6 548.8 988.2 518.5 1001.2 505.5
1 0.55 133.7 248.7 127.1 261.2 96.4 244.9 103.1 232.4
1 0.53 100.7 599.0 105.7 614.2 70.8 625.5 65.8 610.3
1 0.52 1270.2 432.3 1285.7 436.1 1276.6 472.9 1261.0 469.0
1 0.52 1420.6 461.0 1437.1 462.4 1434.1 497.0 1417.6 495.5
1 0.5 1619.7 434.0 1636.9 434.9 1634.9 471.7 1617.8 470.8
1 0.59 1126.2 534.2 1124.9 549.2 1090.8 546.3 1092.1 531.2
1 0.52 1420.6 460.9 1437.2 462.4 1434.1 497.0 1417.6 495.5
1 0.52 1270.2 432.1 1285.8 436.0 1276.6 473.0 1261.0 469.1
1 0.52 1085.0 495.3 1084.2 510.9 1049.2 509.1 1050.0 493.5
1 0.44 1081.2 530.6 1080.1 546.4 1044.2 543.9 1045.4 528.1
1 0.42 1031.7 536.0 1018.7 549.0 988.2 518.5 1001.2 505.5
1 0.58 1620.0 433.1 1636.8 434.0 1634.8 471.4 1618.0 470.5
1 0.48 1420.8 461.4 1437.4 462.8 1434.4 497.6 1417.7 496.1
1 0.49 100.9 598.8 105.9 614.2 70.7 625.6 65.7 610.3
