1 0.61 1204.7 430.3 1204.1 446.8 1164.3 445.4 1164.8 428.9
1 0.6 1195.3 407.6 1194.7 422.3 1158.7 421.1 1159.2 406.3
1 0.6 1130.6 578.9 1130.6 593.3 1096.2 593.3 1096.2 578.9
1 0.54 1417.6 483.2 1434.7 483.8 1433.5 519.0 1416.4 518.4
1 0.54 1035.8 588.3 1023.7 602.2 990.5 573.4 1002.5 559.5
1 0.51 1264.7 468.1 1279.7 470.5 1274.3 504.6 1259.3 502.2
1 0.5 1086.1 543.2 1086.1 558.2 1051.0 558.2 1051.0 543.2
1 0.45 1085.5 578.3 1085.5 593.7 1049.2 593.7 1049.2 578.3
1 0.4 1181.5 580.2 1182.1 596.1 1143.7 597.5 1143.2 581.5
1 0.62 828.0 519.0 827.7 532.5 795.0 532.0 795.2 518.4
1 0.61 1204.7 430.3 1204.1 446.8 1164.3 445.4 1164.9 428.9
1 0.61 885.0 543.3 884.5 558.6 846.8 557.3 847.4 542.0
1 0.61 893.1 572.3 893.4 588.2 853.3 588.9 853.0 573.0
1 0.6 1130.6 578.9 1130.6 593.3 1096.2 593.3 1096.2 578.9
1 0.6 1195.3 407.6 1194.8 422.3 1158.7 421.1 1159.2 406.3
1 0.52 1035.9 588.3 1023.7 602.3 990.4 573.3 1002.5 559.3
1 0.51 1264.7 468.1 1279.7 470.5 1274.3 504.6 1259.3 502.2
1 0.51 1086.1 543.2 1086.1 558.2 1051.1 558.2 1051.1 543.2
1 0.45 1085.5 578.3 1085.5 593.8 1049.2 593.8 1049.2 578.3
1 0.44 745.4 571.3 745.4 585.7 710.1 585.7 710.1 571.3
1 0.41 1181.6 580.1 1182.1 596.2 1143.7 597.5 1143.1 581.5
1 0.58 1632.4 475.9 1615.1 477.4 1611.9 440.4 1629.1 438.9
1 0.54 1417.6 483.2 1434.7 483.8 1433.5 518.9 1416.4 518.3
1 0.63 828.0 519.0 827.7 532.5 795.0 532.0 795.3 518.5
1 0.59 745.3 570.5 745.3 586.2 708.8 586.2 708.8 570.5
1 0.53 880.8 543.1 880.5 558.0 846.9 557.4 847.1 542.5
1 0.48 888.1 572.2 888.4 588.2 853.0 588.9 852.7 572.9
1 0.59 175.0 687.1 182.1 700.5 149.3 717.9 142.2 704.5
1 0.56 1417.6 483.1 1434.7 483.7 1433.4 518.8 1416.4 518.2
1 0.52 1264.7 468.0 1279.7 470.4 1274.3 504.5 1259.3 502.2
1 0.51 1632.5 475.9 1615.0 477.4 1611.7 439.7 1629.2 438.2
1 0.62 828.0 519.0 827.7 532.5 795.0 532.0 795.3 518.4
1 0.59 745.3 570.6 745.3 586.2 708.8 586.2 708.8 570.6
1 0.52 880.9 543.1 880.6 558.0 846.9 557.4 847.1 542.5
1 0.48 888.1 572.2 888.4 588.2 853.0 588.9 852.7 572.9
1 0.59 1632.4 475.9 1615.1 477.4 1611.9 440.5 1629.1 439.0
1 0.54 1417.6 483.2 1434.7 483.8 1433.5 519.0 1416.4 518.4
1 0.61 885.0 543.3 884.5 558.6 846.9 557.3 847.4 542.0
1 0.61 828.0 519.0 827.7 532.6 795.0 532.0 795.2 518.4
1 0.61 893.1 572.3 893.3 588.2 853.3 588.9 853.0 573.0
1 0.58 745.3 570.6 745.3 586.2 708.8 586.2 708.8 570.6
1 0.53 1035.7 588.3 1023.6 602.2 990.4 573.3 1002.5 559.4
1 0.49 1086.1 543.2 1086.1 558.2 1051.1 558.2 1051.1 543.2
1 0.44 1130.2 578.1 1130.4 592.7 1096.5 593.3 1096.2 578.7
1 0.44 1085.5 578.4 1085.5 593.7 1049.3 593.7 1049.3 578.4
1 0.61 828.0 519.0 827.8 532.5 795.0 532.0 795.3 518.4
1 0.61 885.1 543.2 884.5 558.6 846.7 557.3 847.3 541.9
1 0.6 893.1 571.9 893.6 587.9 853.2 589.3 852.6 573.3
1 0.58 745.4 570.6 745.4 586.3 708.6 586.3 708.6 570.6
1 0.54 1036.0 588.3 1023.7 602.4 990.4 573.4 1002.7 559.3
1 0.47 1085.8 543.7 1085.8 558.6 1051.6 558.6 1051.6 543.7
1 0.44 1085.5 578.4 1085.5 593.8 1049.2 593.8 1049.2 578.4
1 0.44 1130.7 577.9 1131.0 593.2 1096.1 593.8 1095.9 578.5
1 0.59 175.0 687.1 182.1 700.4 149.4 717.9 142.3 704.5
1 0.55 1417.6 483.1 1434.7 483.7 1433.4 518.8 1416.4 518.2
1 0.52 1632.5 475.8 1615.1 477.3 1611.8 439.7 1629.2 438.2
1 0.62 828.0 519.0 827.7 532.6 795.0 532.0 795.2 518.4
1 0.61 885.1 543.3 884.5 558.6 846.8 557.2 847.4 542.0
1 0.61 1204.7 430.3 1204.1 446.8 1164.3 445.5 1164.8 428.9
1 0.61 893.0 571.9 893.6 587.9 853.4 589.3 852.9 573.3
1 0.6 1195.3 407.5 1194.8 422.4 1158.7 421.1 1159.2 406.3
1 0.6 1130.6 578.9 1130.6 593.3 1096.2 593.3 1096.2 578.9
1 0.54 1035.9 588.3 1023.7 602.3 990.4 573.4 1002.5 559.3
1 0.52 1264.7 468.1 1279.7 470.5 1274.3 504.5 1259.3 502.1
1 0.51 1086.1 543.2 1086.1 558.2 1051.1 558.2 1051.1 543.2
1 0.45 1085.6 578.3 1085.6 593.8 1049.2 593.8 1049.2 578.3
1 0.44 745.4 571.2 745.4 585.7 709.9 585.7 709.9 571.2
1 0.41 1181.6 580.1 1182.1 596.2 1143.7 597.5 1143.1 581.5
1 0.62 828.0 519.0 827.7 532.5 795.0 531.9 795.3 518.4
1 0.61 885.1 543.2 884.5 558.6 846.7 557.3 847.3 541.9
1 0.61 893.1 571.9 893.7 587.9 853.1 589.4 852.6 573.3
1 0.6 1130.6 578.9 1130.6 593.3 1096.2 593.3 1096.2 578.9
1 0.53 1036.1 588.3 1023.8 602.5 990.4 573.4 1002.7 559.3
1 0.52 1264.8 468.0 1279.7 470.4 1274.3 504.5 1259.4 502.1
1 0.49 1085.8 543.7 1085.8 558.6 1051.6 558.6 1051.6 543.7
1 0.45 1085.4 578.4 1085.4 593.8 1049.3 593.8 1049.3 578.4
1 0.43 745.5 571.2 745.5 585.8 709.9 585.8 709.9 571.2
1 0.42 1181.5 580.2 1182.1 596.0 1143.8 597.3 1143.2 581.6
1 0.61 1204.7 430.3 1204.1 446.8 1164.2 445.5 1164.8 428.9
1 0.6 1130.6 578.9 1130.6 593.3 1096.2 593.3 1096.2 578.9
1 0.6 1195.3 407.5 1194.8 422.4 1158.7 421.1 1159.2 406.3
1 0.55 1035.8 588.3 1023.7 602.3 990.4 573.4 1002.6 559.4
1 0.55 1417.7 483.2 1434.7 483.8 1433.4 518.9 1416.4 518.3
1 0.52 1264.7 468.1 1279.7 470.5 1274.3 504.5 1259.3 502.2
1 0.5 1086.2 543.2 1086.2 558.3 1051.1 558.3 1051.1 543.2
1 0.45 1085.6 578.3 1085.6 593.8 1049.2 593.8 1049.2 578.3
1 0.41 1181.5 580.1 1182.1 596.1 1143.7 597.5 1143.2 581.5
1 0.58 1632.4 476.0 1615.1 477.5 1611.8 440.4 1629.1 438.9
1 0.53 1417.6 483.2 1434.7 483.8 1433.5 519.0 1416.3 518.4
1 0.49 1264.7 468.1 1279.7 470.4 1274.3 504.6 1259.3 502.2
1 0.61 885.0 543.3 884.5 558.6 846.8 557.2 847.4 542.0
1 0.61 828.0 519.0 827.8 532.6 795.0 532.0 795.2 518.4
1 0.61 892.9 572.0 893.5 587.9 853.5 589.3 852.9 573.4
1 0.58 745.3 570.5 745.3 586.2 708.8 586.2 708.8 570.5
1 0.53 1035.6 588.3 1023.6 602.2 990.4 573.3 1002.5 559.5
1 0.49 1086.2 543.2 1086.2 558.2 1051.1 558.2 1051.1 543.2
1 0.43 1085.6 578.3 1085.6 593.7 1049.2 593.7 1049.2 578.3
1 0.43 1130.4 578.1 1130.6 592.8 1096.4 593.4 1096.2 578.7
1 0.58 1632.4 476.0 1615.0 477.5 1611.8 440.4 1629.1 438.9
1 0.54 1417.6 483.2 1434.7 483.8 1433.5 519.0 1416.4 518.4
1 0.51 1264.7 468.1 1279.7 470.5 1274.3 504.5 1259.3 502.1
1 0.62 828.0 519.0 827.7 532.5 795.1 531.9 795.3 518.4
1 0.58 745.4 570.6 745.4 586.3 708.7 586.3 708.7 570.6
1 0.52 884.2 543.2 883.6 558.6 846.3 557.3 846.8 541.9
1 0.48 887.8 572.5 888.1 587.7 853.1 588.3 852.8 573.1
1 0.6 1130.6 578.9 1130.6 593.3 1096.2 593.3 1096.2 578.9
1 0.56 1417.7 483.1 1434.7 483.7 1433.4 518.8 1416.4 518.2
1 0.54 1036.0 588.3 1023.8 602.4 990.5 573.4 1002.7 559.4
1 0.52 1264.7 468.0 1279.8 470.4 1274.4 504.5 1259.3 502.2
1 0.49 1085.8 543.8 1085.8 558.6 1051.6 558.6 1051.6 543.8
1 0.45 1085.4 578.5 1085.4 593.8 1049.3 593.8 1049.3 578.5
1 0.43 1181.5 580.3 1182.0 595.9 1143.8 597.3 1143.2 581.6
