1 0.65 828.3 519.7 828.1 533.0 795.8 532.5 796.0 519.1
1 0.6 746.2 571.5 746.2 587.0 710.1 587.0 710.1 571.5
1 0.52 885.5 543.6 885.0 559.3 847.1 558.0 847.6 542.3
1 0.5 888.1 572.6 888.6 588.2 854.1 589.4 853.5 573.8
1 0.65 828.3 519.7 828.1 533.0 795.8 532.5 796.0 519.1
1 0.64 893.3 572.9 893.6 588.7 854.3 589.3 854.1 573.6
1 0.62 1204.7 430.3 1204.2 446.5 1164.7 445.1 1165.3 428.9
1 0.62 885.7 543.7 885.2 559.1 847.3 557.8 847.9 542.3
1 0.61 1195.7 407.3 1195.1 422.3 1159.1 421.0 1159.6 406.1
1 0.56 1131.2 579.0 1131.2 593.2 1096.8 593.2 1096.8 579.0
1 0.54 1265.1 467.9 1280.3 470.1 1275.5 503.8 1260.3 501.7
1 0.54 898.2 616.5 902.1 630.9 867.8 640.1 863.9 625.7
1 0.52 1086.9 543.3 1086.9 558.2 1052.2 558.2 1052.2 543.3
1 0.5 1086.0 578.7 1086.0 593.7 1050.2 593.7 1050.2 578.7
1 0.46 746.2 571.9 746.2 586.7 709.8 586.7 709.8 571.9
1 0.41 1035.5 586.4 1023.7 601.0 990.1 573.8 1001.9 559.2
1 0.4 1181.5 580.5 1182.1 596.2 1144.4 597.5 1143.8 581.8
1 0.56 1435.0 515.7 1418.7 516.6 1416.9 482.5 1433.2 481.7
1 0.56 1633.7 471.2 1617.3 473.8 1611.7 438.6 1628.1 436.1
1 0.65 828.3 519.7 828.1 533.0 795.8 532.5 796.0 519.1
1 0.6 746.3 571.5 746.3 587.0 710.1 587.0 710.1 571.5
1 0.53 885.4 543.7 884.8 559.2 847.1 557.9 847.6 542.4
1 0.5 888.1 572.6 888.7 588.2 854.1 589.4 853.5 573.8
1 0.62 1204.7 430.3 1204.1 446.5 1164.7 445.1 1165.3 428.9
1 0.62 1195.6 407.3 1195.1 422.3 1159.1 421.0 1159.6 406.1
1 0.56 1435.0 515.7 1418.7 516.6 1416.9 482.5 1433.2 481.7
1 0.56 1131.2 579.0 1131.2 593.3 1096.8 593.3 1096.8 579.0
1 0.54 1265.1 467.9 1280.3 470.1 1275.6 503.8 1260.3 501.7
1 0.51 1086.9 543.3 1086.9 558.2 1052.1 558.2 1052.1 543.3
1 0.5 1086.0 578.8 1086.0 593.7 1050.2 593.7 1050.2 578.8
1 0.43 1035.3 586.3 1023.6 600.8 990.1 573.7 1001.9 559.2
1 0.4 1181.5 580.6 1182.0 596.1 1144.4 597.5 1143.9 581.9
1 0.59 1434.9 515.5 1418.7 516.4 1416.9 482.5 1433.1 481.7
1 0.56 1131.2 578.9 1131.2 593.2 1096.7 593.2 1096.7 578.9
1 0.55 1265.1 467.8 1280.3 470.0 1275.5 503.9 1260.3 501.7
1 0.5 1087.0 543.3 1087.0 558.3 1052.0 558.3 1052.0 543.3
1 0.5 1085.8 578.9 1085.8 593.7 1050.2 593.7 1050.2 578.9
1 0.43 1035.2 586.1 1023.5 600.7 990.3 573.8 1002.0 559.2
1 0.42 1181.7 580.7 1182.3 596.0 1144.5 597.3 1144.0 582.0
1 0.61 1204.7 430.2 1204.2 446.5 1164.7 445.2 1165.2 428.9
1 0.61 1195.7 407.3 1195.2 422.3 1159.0 421.0 1159.5 406.0
1 0.57 1435.0 515.7 1418.7 516.6 1416.9 482.5 1433.2 481.7
1 0.56 1131.2 579.0 1131.2 593.3 1096.8 593.3 1096.8 579.0
1 0.54 1265.0 467.9 1280.3 470.1 1275.6 503.9 1260.3 501.7
1 0.52 964.7 21.8 980.5 23.2 977.3 60.1 961.5 58.7
1 0.51 1087.0 543.3 1087.0 558.2 1052.2 558.2 1052.2 543.3
1 0.5 1086.0 578.7 1086.0 593.7 1050.1 593.7 1050.1 578.7
1 0.44 1035.5 586.3 1023.7 600.9 990.1 573.7 1001.9 559.2
1 0.4 1181.5 580.5 1182.1 596.2 1144.4 597.5 1143.8 581.8
1 0.64 828.4 519.7 828.1 533.0 795.7 532.5 796.0 519.1
1 0.64 893.2 573.0 893.5 588.6 854.4 589.3 854.1 573.6
1 0.62 885.7 543.7 885.2 559.1 847.3 557.7 847.9 542.4
1 0.6 746.3 571.5 746.3 587.0 710.1 587.0 710.1 571.5
1 0.55 898.0 616.7 901.9 631.0 867.2 640.3 863.4 626.0
1 0.51 964.8 21.9 980.5 23.3 977.3 60.1 961.5 58.7
1 0.51 1086.9 543.3 1086.9 558.2 1052.2 558.2 1052.2 543.3
1 0.49 1086.0 578.8 1086.0 593.7 1050.2 593.7 1050.2 578.8
1 0.42 1035.1 586.2 1023.4 600.6 990.2 573.7 1001.9 559.3
1 0.42 1130.3 578.1 1130.6 592.8 1097.0 593.4 1096.7 578.7
1 0.64 828.3 519.7 828.1 533.0 795.8 532.5 796.0 519.1
1 0.63 893.4 572.9 893.7 588.7 854.2 589.4 853.9 573.6
1 0.61 885.7 543.6 885.2 559.2 847.2 557.8 847.8 542.3
1 0.6 746.2 571.5 746.2 587.1 710.0 587.1 710.0 571.5
1 0.52 898.3 616.5 902.2 631.0 867.7 640.2 863.8 625.7
1 0.5 1085.9 578.9 1085.9 593.7 1050.2 593.7 1050.2 578.9
1 0.49 1087.0 543.3 1087.0 558.3 1052.1 558.3 1052.1 543.3
1 0.44 1035.3 586.1 1023.5 600.7 990.2 573.8 1002.1 559.2
1 0.43 1130.5 578.0 1130.8 593.2 1096.6 593.8 1096.3 578.6
1 0.56 1633.7 471.2 1617.3 473.8 1611.7 438.6 1628.1 436.0
1 0.56 1435.0 515.7 1418.7 516.6 1416.9 482.5 1433.2 481.7
1 0.56 1435.0 515.7 1418.7 516.6 1416.9 482.5 1433.2 481.6
1 0.56 1633.7 471.2 1617.3 473.8 1611.7 438.6 1628.1 436.0
1 0.52 1265.1 467.9 1280.3 470.1 1275.5 503.8 1260.3 501.7
1 0.64 828.3 519.6 828.1 533.1 795.7 532.5 796.0 519.1
1 0.64 893.2 573.0 893.5 588.6 854.4 589.3 854.1 573.6
1 0.61 885.7 543.7 885.2 559.1 847.3 557.8 847.9 542.3
1 0.6 746.3 571.5 746.3 587.0 710.1 587.0 710.1 571.5
1 0.54 898.2 616.5 902.1 630.9 867.8 640.0 864.0 625.7
1 0.51 1086.9 543.3 1086.9 558.2 1052.2 558.2 1052.2 543.3
1 0.5 1086.0 578.8 1086.0 593.6 1050.2 593.6 1050.2 578.8
1 0.43 1035.3 586.3 1023.5 600.8 990.1 573.7 1001.9 559.2
1 0.42 1130.2 578.2 1130.5 592.7 1097.0 593.3 1096.7 578.8
1 0.65 828.3 519.7 828.1 533.0 795.8 532.5 796.0 519.1
1 0.6 746.2 571.5 746.2 587.1 710.0 587.1 710.0 571.5
1 0.52 885.9 543.6 885.4 559.3 846.9 558.0 847.5 542.2
1 0.5 888.3 572.9 888.6 588.5 853.8 589.1 853.5 573.5
1 0.59 1434.9 515.6 1418.6 516.4 1416.9 482.5 1433.1 481.6
1 0.54 1265.1 467.9 1280.3 470.0 1275.5 503.9 1260.3 501.7
1 0.51 1634.3 471.6 1617.0 474.3 1611.1 436.6 1628.3 433.8
1 0.65 828.3 519.7 828.1 533.0 795.8 532.5 796.0 519.1
1 0.63 893.5 572.9 893.7 588.7 854.1 589.4 853.8 573.6
1 0.61 885.7 543.6 885.2 559.2 847.2 557.8 847.8 542.3
1 0.57 1131.2 578.9 1131.2 593.2 1096.7 593.2 1096.7 578.9
1 0.55 1265.1 467.9 1280.3 470.0 1275.5 503.8 1260.3 501.7
1 0.52 898.3 616.5 902.2 631.0 867.7 640.2 863.8 625.7
1 0.5 1087.0 543.3 1087.0 558.3 1052.1 558.3 1052.1 543.3
1 0.5 1085.9 578.9 1085.9 593.7 1050.2 593.7 1050.2 578.9
1 0.46 746.2 571.8 746.2 586.9 709.4 586.9 709.4 571.8
1 0.43 1035.4 586.2 1023.5 600.8 990.2 573.8 1002.1 559.2
1 0.42 1181.8 580.6 1182.4 596.0 1144.5 597.3 1143.9 582.0
1 0.56 1435.0 515.7 1418.6 516.6 1416.9 482.5 1433.2 481.7
1 0.56 1633.7 471.3 1617.3 473.9 1611.7 438.6 1628.1 436.0
1 0.53 1265.1 468.0 1280.2 470.1 1275.5 503.8 1260.3 501.7
1 0.65 828.3 519.7 828.1 533.0 795.7 532.5 796.0 519.1
1 0.64 893.1 572.6 893.7 588.3 854.5 589.7 853.9 574.0
1 0.62 885.7 543.7 885.2 559.1 847.3 557.8 847.9 542.3
1 0.62 1204.7 430.2 1204.1 446.5 1164.7 445.2 1165.3 428.9
1 0.61 1195.7 407.3 1195.1 422.3 1159.1 421.0 1159.6 406.0
1 0.56 1131.2 579.0 1131.2 593.3 1096.8 593.3 1096.8 579.0
1 0.55 898.0 616.6 901.9 631.1 867.2 640.4 863.3 625.9
1 0.55 1265.1 468.0 1280.3 470.1 1275.5 503.9 1260.3 501.7
1 0.52 1086.9 543.3 1086.9 558.2 1052.2 558.2 1052.2 543.3
1 0.5 964.7 21.8 980.5 23.2 977.3 60.1 961.5 58.7
1 0.5 1086.0 578.7 1086.0 593.7 1050.1 593.7 1050.1 578.7
1 0.46 746.2 571.8 746.2 586.7 709.7 586.7 709.7 571.8
1 0.43 1035.5 586.3 1023.7 601.0 990.1 573.8 1002.0 559.2
1 0.4 1181.6 580.5 1182.1 596.2 1144.4 597.5 1143.8 581.8
1 0.59 1434.9 515.6 1418.7 516.4 1416.9 482.5 1433.1 481.6
1 0.52 1634.2 471.5 1617.1 474.2 1611.1 436.6 1628.3 433.9
