1 0.57 1435.3 516.2 1418.7 517.0 1416.9 482.8 1433.5 481.9
1 0.55 1633.8 471.6 1617.6 474.2 1612.1 439.1 1628.2 436.5
1 0.63 828.4 519.3 828.1 532.7 795.8 532.1 796.1 518.7
1 0.63 893.8 572.2 894.3 588.1 854.6 589.5 854.1 573.6
1 0.61 885.9 543.3 885.3 559.1 847.2 557.8 847.7 541.9
1 0.6 745.8 571.0 745.8 586.6 710.0 586.6 710.0 571.0
1 0.5 1086.1 578.8 1085.8 594.0 1050.2 593.3 1050.4 578.2
1 0.49 1087.1 543.4 1087.1 558.2 1052.2 558.2 1052.2 543.4
1 0.43 1035.1 586.1 1023.4 600.6 990.1 573.6 1001.9 559.1
1 0.43 1130.2 578.1 1130.5 593.1 1096.3 593.7 1096.1 578.7
1 0.64 828.3 519.3 828.1 532.7 795.8 532.1 796.1 518.7
1 0.63 893.8 572.2 894.4 588.1 854.6 589.5 854.0 573.6
1 0.62 885.9 543.3 885.4 559.1 847.1 557.8 847.7 541.9
1 0.58 1131.4 578.9 1131.4 593.2 1096.6 593.2 1096.6 578.9
1 0.54 1265.3 468.2 1280.6 470.3 1275.9 503.9 1260.6 501.8
1 0.51 1086.1 578.8 1085.8 594.0 1050.2 593.4 1050.4 578.2
1 0.51 1087.0 543.4 1087.0 558.2 1052.3 558.2 1052.3 543.4
1 0.49 746.2 571.2 746.2 586.6 709.9 586.6 709.9 571.2
1 0.47 1181.9 580.5 1182.5 595.8 1144.4 597.1 1143.9 581.8
1 0.42 1035.3 586.1 1023.5 600.7 990.1 573.7 1001.9 559.1
1 0.59 1435.2 516.0 1418.7 516.9 1416.9 482.8 1433.4 481.9
1 0.57 1131.4 578.8 1131.4 593.2 1096.6 593.2 1096.6 578.8
1 0.54 1265.3 468.1 1280.6 470.3 1275.9 504.0 1260.6 501.8
1 0.51 1086.1 578.8 1085.8 594.0 1050.2 593.3 1050.4 578.2
1 0.51 1087.0 543.4 1087.0 558.2 1052.2 558.2 1052.2 543.4
1 0.47 1181.9 580.5 1182.4 595.8 1144.4 597.1 1143.9 581.8
1 0.43 1035.1 586.1 1023.4 600.5 990.2 573.6 1001.9 559.2
1 0.64 828.4 519.3 828.1 532.7 795.8 532.1 796.0 518.7
1 0.63 893.6 572.3 894.2 588.1 854.9 589.4 854.3 573.6
1 0.62 885.9 543.4 885.3 559.0 847.3 557.7 847.8 542.1
1 0.6 745.9 570.9 745.9 586.5 710.1 586.5 710.1 570.9
1 0.54 959.7 71.6 976.2 73.1 972.8 111.5 956.4 110.1
1 0.52 961.6 395.1 976.0 396.3 973.0 430.5 958.6 429.2
1 0.52 1086.8 543.7 1086.8 557.9 1052.6 557.9 1052.6 543.7
1 0.5 1086.1 578.7 1085.8 593.9 1050.1 593.3 1050.4 578.1
1 0.42 1129.9 578.2 1130.1 592.7 1096.7 593.3 1096.4 578.8
1 0.41 1034.6 586.0 1023.1 600.2 990.2 573.6 1001.7 559.4
1 0.65 828.4 519.2 828.1 532.7 795.8 532.1 796.1 518.7
1 0.6 745.9 570.9 745.9 586.5 710.1 586.5 710.1 570.9
1 0.52 883.4 543.3 882.8 558.8 846.9 557.5 847.4 542.0
1 0.49 889.9 572.9 890.2 587.9 854.5 588.5 854.2 573.5
1 0.56 1435.3 516.1 1418.7 517.0 1416.9 482.8 1433.5 481.9
1 0.55 1633.8 471.6 1617.6 474.2 1612.1 439.1 1628.3 436.5
1 0.62 1205.1 430.3 1204.5 446.6 1164.9 445.2 1165.5 428.9
1 0.61 1196.0 407.3 1195.5 422.4 1159.1 421.2 1159.6 406.1
1 0.57 1435.3 516.1 1418.7 517.0 1416.9 482.8 1433.5 481.9
1 0.56 1131.4 578.9 1131.4 593.3 1096.6 593.3 1096.6 578.9
1 0.54 961.4 394.8 975.9 396.0 972.9 430.6 958.4 429.3
1 0.53 1265.3 468.2 1280.7 470.4 1275.9 504.0 1260.6 501.9
1 0.52 1086.8 543.6 1086.8 558.0 1052.5 558.0 1052.5 543.6
1 0.5 1086.1 578.7 1085.8 594.0 1050.1 593.3 1050.3 578.0
1 0.49 958.5 70.7 976.1 72.2 972.6 112.1 955.0 110.6
1 0.46 1181.7 580.4 1182.2 596.0 1144.4 597.3 1143.8 581.7
1 0.43 1035.0 586.1 1023.4 600.5 990.1 573.6 1001.8 559.2
1 0.56 1435.3 516.2 1418.7 517.0 1416.9 482.8 1433.5 481.9
1 0.54 1633.8 471.6 1617.6 474.2 1612.0 439.0 1628.3 436.5
1 0.53 1265.3 468.3 1280.6 470.4 1275.9 504.0 1260.6 501.8
1 0.65 828.4 519.3 828.1 532.7 795.8 532.1 796.0 518.7
1 0.63 893.7 572.2 894.2 588.1 854.8 589.5 854.3 573.6
1 0.62 885.9 543.4 885.4 559.1 847.2 557.7 847.8 542.0
1 0.62 1205.1 430.3 1204.5 446.6 1164.9 445.2 1165.5 428.9
1 0.62 1196.0 407.4 1195.5 422.4 1159.1 421.2 1159.6 406.1
1 0.57 1131.4 578.9 1131.4 593.3 1096.6 593.3 1096.6 578.9
1 0.54 959.7 71.6 976.2 73.1 972.8 111.5 956.4 110.1
1 0.54 1265.3 468.3 1280.6 470.4 1275.9 504.0 1260.6 501.8
1 0.53 1086.8 543.7 1086.8 557.9 1052.5 557.9 1052.5 543.7
1 0.52 961.6 395.0 976.0 396.3 973.0 430.5 958.6 429.2
1 0.5 1086.1 578.7 1085.8 594.0 1050.1 593.3 1050.3 578.0
1 0.49 746.2 571.1 746.2 586.5 710.0 586.5 710.0 571.1
1 0.46 1181.7 580.4 1182.3 596.0 1144.3 597.3 1143.8 581.7
1 0.42 1035.1 586.2 1023.4 600.6 990.1 573.7 1001.8 559.2
1 0.65 828.4 519.3 828.1 532.7 795.8 532.1 796.0 518.7
1 0.6 745.9 570.9 745.9 586.5 710.1 586.5 710.1 570.9
1 0.52 881.1 543.7 880.3 558.8 847.0 557.1 847.8 542.0
1 0.49 889.9 572.8 890.2 587.9 854.4 588.5 854.2 573.5
1 0.59 1435.2 516.0 1418.7 516.9 1416.9 482.8 1433.4 481.9
1 0.53 1634.3 471.8 1617.5 474.4 1611.6 437.4 1628.4 434.7
1 0.65 828.4 519.3 828.1 532.7 795.8 532.1 796.0 518.7
1 0.63 893.6 572.2 894.2 588.1 854.8 589.4 854.3 573.6
1 0.62 1205.1 430.3 1204.5 446.6 1165.0 445.2 1165.5 428.9
1 0.62 885.9 543.4 885.4 559.1 847.2 557.7 847.8 542.0
1 0.62 1196.0 407.4 1195.5 422.4 1159.1 421.1 1159.6 406.1
1 0.57 1131.4 578.9 1131.4 593.3 1096.6 593.3 1096.6 578.9
1 0.54 1265.3 468.3 1280.6 470.4 1275.9 504.0 1260.6 501.8
1 0.53 961.6 395.1 976.0 396.3 973.0 430.5 958.6 429.2
1 0.53 1086.8 543.7 1086.8 557.9 1052.5 557.9 1052.5 543.7
1 0.5 1086.1 578.7 1085.8 594.0 1050.1 593.3 1050.4 578.1
1 0.5 746.2 571.1 746.2 586.4 710.1 586.4 710.1 571.1
1 0.46 1181.7 580.4 1182.3 596.0 1144.4 597.3 1143.8 581.7
1 0.4 1035.1 586.2 1023.4 600.6 990.1 573.6 1001.8 559.2
1 0.64 828.4 519.2 828.1 532.7 795.8 532.2 796.0 518.7
1 0.63 893.6 572.3 894.2 588.1 854.9 589.4 854.3 573.6
1 0.62 885.9 543.4 885.4 559.1 847.3 557.7 847.8 542.0
1 0.6 745.9 570.9 745.9 586.5 710.1 586.5 710.1 570.9
1 0.53 961.6 395.1 976.0 396.3 973.0 430.5 958.6 429.2
1 0.52 1086.8 543.7 1086.8 557.9 1052.5 557.9 1052.5 543.7
1 0.5 1086.1 578.8 1085.8 593.9 1050.2 593.3 1050.4 578.1
1 0.42 1129.8 578.3 1130.1 592.7 1096.7 593.3 1096.5 578.8
1 0.41 1034.8 586.1 1023.3 600.4 990.2 573.6 1001.7 559.3
1 0.64 828.3 519.3 828.1 532.7 795.9 532.1 796.1 518.7
1 0.6 745.8 571.0 745.8 586.6 710.0 586.6 710.0 571.0
1 0.52 883.8 543.2 883.2 558.8 846.8 557.5 847.3 542.0
1 0.49 890.0 572.8 890.2 587.9 854.3 588.5 854.1 573.5
1 0.59 1435.2 516.0 1418.7 516.9 1416.9 482.8 1433.4 481.9
1 0.54 1265.3 468.2 1280.6 470.3 1275.9 504.0 1260.6 501.8
1 0.53 1634.3 471.8 1617.4 474.5 1611.6 437.3 1628.5 434.6
1 0.57 1435.3 516.2 1418.7 517.0 1416.9 482.8 1433.5 481.9
1 0.55 1633.8 471.6 1617.6 474.2 1612.1 439.1 1628.2 436.5
1 0.52 1265.4 468.3 1280.6 470.4 1275.9 503.9 1260.6 501.8
1 0.62 1205.1 430.3 1204.5 446.6 1164.9 445.2 1165.5 428.9
1 0.62 1196.0 407.4 1195.5 422.4 1159.1 421.1 1159.6 406.1
1 0.57 1435.3 516.2 1418.7 517.0 1416.9 482.8 1433.5 481.9
1 0.57 1131.4 578.9 1131.4 593.3 1096.6 593.3 1096.6 578.9
1 0.55 961.4 394.9 975.9 396.1 972.9 430.5 958.4 429.2
1 0.53 1265.3 468.2 1280.6 470.4 1275.9 504.0 1260.6 501.8
1 0.52 1086.8 543.7 1086.8 557.9 1052.5 557.9 1052.5 543.7
1 0.5 1086.1 578.7 1085.8 593.9 1050.1 593.3 1050.4 578.1
1 0.45 1181.7 580.4 1182.2 595.9 1144.4 597.3 1143.8 581.7
1 0.42 1034.8 586.1 1023.3 600.4 990.2 573.6 1001.7 559.3
