1 0.64 827.9 519.6 827.7 532.9 795.2 532.4 795.5 519.0
1 0.63 893.1 572.4 893.6 588.3 854.1 589.7 853.5 573.7
1 0.62 1204.4 430.5 1203.8 446.7 1164.5 445.3 1165.0 429.1
1 0.6 1195.5 407.6 1194.9 422.5 1158.6 421.3 1159.1 406.3
1 0.6 885.2 543.7 884.6 559.1 846.9 557.8 847.5 542.4
1 0.58 1131.1 579.1 1131.1 593.4 1096.8 593.4 1096.8 579.1
1 0.55 1264.7 468.1 1279.9 470.2 1275.2 504.3 1259.9 502.1
1 0.54 1086.6 543.5 1086.6 558.2 1051.6 558.2 1051.6 543.5
1 0.52 1086.0 578.6 1086.0 593.7 1049.8 593.7 1049.8 578.6
1 0.47 745.8 571.4 745.8 586.9 709.2 586.9 709.2 571.4
1 0.47 955.8 463.6 970.3 466.5 963.7 500.6 949.2 497.8
1 0.44 1035.8 587.9 1023.6 602.0 990.8 573.5 1003.0 559.4
1 0.37 1180.9 581.7 1180.9 597.3 1143.7 597.3 1143.7 581.7
1 0.64 827.9 519.6 827.7 532.9 795.2 532.4 795.5 519.0
1 0.6 745.6 571.2 745.6 586.8 709.4 586.8 709.4 571.2
1 0.52 885.9 543.7 885.3 559.4 846.7 558.1 847.2 542.3
1 0.5 888.0 572.4 888.5 588.3 853.7 589.5 853.1 573.6
1 0.64 827.9 519.6 827.7 532.9 795.3 532.4 795.5 519.0
1 0.6 745.5 571.2 745.5 586.8 709.4 586.8 709.4 571.2
1 0.52 885.9 543.6 885.4 559.5 846.7 558.1 847.2 542.3
1 0.5 887.9 572.4 888.5 588.3 853.7 589.5 853.2 573.6
1 0.63 893.0 572.4 893.6 588.3 854.2 589.7 853.6 573.8
1 0.63 828.0 519.6 827.7 532.9 795.2 532.4 795.5 519.0
1 0.6 745.6 571.2 745.6 586.8 709.4 586.8 709.4 571.2
1 0.6 885.1 543.7 884.6 559.1 847.0 557.8 847.5 542.4
1 0.53 1086.7 543.5 1086.7 558.2 1051.7 558.2 1051.7 543.5
1 0.52 1086.0 578.7 1086.0 593.7 1049.8 593.7 1049.8 578.7
1 0.48 955.8 463.7 970.2 466.5 963.6 500.5 949.2 497.7
1 0.44 1035.4 587.8 1023.4 601.7 990.9 573.4 1002.9 559.5
1 0.42 1130.3 578.2 1130.6 592.9 1097.0 593.5 1096.7 578.8
1 0.59 1633.6 473.0 1617.0 475.6 1611.4 440.1 1627.9 437.4
1 0.56 1434.6 516.1 1418.4 516.9 1416.6 483.1 1432.8 482.2
1 0.63 893.2 572.3 893.7 588.4 854.0 589.8 853.4 573.7
1 0.63 827.9 519.6 827.7 532.9 795.2 532.4 795.5 519.0
1 0.6 745.6 571.2 745.6 586.9 709.3 586.9 709.3 571.2
1 0.59 885.2 543.6 884.7 559.2 846.9 557.9 847.4 542.3
1 0.51 1085.9 578.8 1085.9 593.6 1049.8 593.6 1049.8 578.8
1 0.51 955.8 463.8 970.2 466.6 963.6 500.6 949.2 497.8
1 0.51 1086.7 543.4 1086.7 558.3 1051.5 558.3 1051.5 543.4
1 0.45 1035.9 587.8 1023.6 602.0 990.7 573.5 1003.1 559.3
1 0.44 1130.3 577.8 1130.9 592.9 1096.7 594.1 1096.2 578.9
1 0.62 1204.4 430.5 1203.8 446.7 1164.5 445.3 1165.0 429.1
1 0.61 1195.5 407.6 1194.9 422.5 1158.6 421.2 1159.1 406.3
1 0.59 1131.1 579.1 1131.1 593.4 1096.9 593.4 1096.9 579.1
1 0.57 1434.6 516.1 1418.4 516.9 1416.6 483.1 1432.8 482.2
1 0.54 1086.6 543.5 1086.6 558.2 1051.6 558.2 1051.6 543.5
1 0.54 1264.7 468.1 1280.0 470.2 1275.2 504.2 1259.9 502.1
1 0.52 1086.0 578.7 1086.0 593.7 1049.8 593.7 1049.8 578.7
1 0.45 1035.6 587.9 1023.5 601.8 990.8 573.4 1002.9 559.5
1 0.37 1180.8 581.8 1180.8 597.2 1143.8 597.2 1143.8 581.8
1 0.58 1633.6 473.0 1617.0 475.7 1611.3 440.0 1627.9 437.4
1 0.56 1434.6 516.1 1418.3 516.9 1416.5 483.1 1432.8 482.2
1 0.53 1264.7 468.1 1279.9 470.2 1275.1 504.2 1259.9 502.1
1 0.6 1434.5 515.9 1418.4 516.7 1416.6 483.1 1432.7 482.2
1 0.59 1131.1 579.1 1131.1 593.4 1096.7 593.4 1096.7 579.1
1 0.54 1264.7 467.9 1280.0 470.1 1275.2 504.3 1259.9 502.1
1 0.53 1086.7 543.4 1086.7 558.2 1051.5 558.2 1051.5 543.4
1 0.52 1085.8 578.8 1085.8 593.6 1049.8 593.6 1049.8 578.8
1 0.45 1035.8 587.8 1023.5 601.9 990.8 573.5 1003.1 559.4
1 0.4 1180.9 581.2 1181.4 596.3 1144.1 597.6 1143.6 582.5
1 0.61 1204.4 430.5 1203.8 446.7 1164.4 445.3 1165.0 429.1
1 0.6 1195.5 407.5 1195.0 422.5 1158.6 421.3 1159.1 406.3
1 0.59 1131.1 579.1 1131.1 593.4 1096.8 593.4 1096.8 579.1
1 0.57 1434.6 516.0 1418.4 516.9 1416.6 483.1 1432.8 482.2
1 0.54 1264.7 468.1 1280.0 470.2 1275.2 504.3 1259.9 502.1
1 0.54 1086.7 543.5 1086.7 558.2 1051.6 558.2 1051.6 543.5
1 0.52 1086.0 578.6 1086.0 593.7 1049.8 593.7 1049.8 578.6
1 0.46 1035.7 587.9 1023.5 601.9 990.8 573.4 1003.0 559.4
1 0.37 1180.8 581.8 1180.8 597.2 1143.8 597.2 1143.8 581.8
1 0.64 827.9 519.6 827.7 532.9 795.3 532.3 795.5 519.0
1 0.63 893.2 572.3 893.8 588.4 853.9 589.8 853.4 573.7
1 0.6 885.2 543.6 884.7 559.2 846.9 557.8 847.4 542.3
1 0.59 1131.1 579.1 1131.1 593.4 1096.8 593.4 1096.8 579.1
1 0.54 1264.7 468.0 1279.9 470.1 1275.1 504.2 1259.9 502.1
1 0.53 1086.7 543.4 1086.7 558.2 1051.5 558.2 1051.5 543.4
1 0.52 1085.8 578.8 1085.8 593.6 1049.8 593.6 1049.8 578.8
1 0.51 955.8 463.8 970.3 466.6 963.7 500.6 949.2 497.8
1 0.46 745.5 571.5 745.5 586.7 708.9 586.7 708.9 571.5
1 0.44 1036.0 587.9 1023.6 602.1 990.7 573.5 1003.1 559.3
1 0.4 1181.0 581.2 1181.5 596.3 1144.1 597.6 1143.6 582.5
1 0.63 893.0 572.4 893.6 588.3 854.2 589.7 853.6 573.8
1 0.63 828.0 519.5 827.7 533.0 795.2 532.4 795.5 519.0
1 0.6 745.6 571.2 745.6 586.8 709.4 586.8 709.4 571.2
1 0.59 885.1 543.7 884.6 559.1 847.0 557.8 847.5 542.4
1 0.53 1086.6 543.5 1086.6 558.2 1051.6 558.2 1051.6 543.5
1 0.52 1086.0 578.7 1086.0 593.7 1049.8 593.7 1049.8 578.7
1 0.49 955.8 463.7 970.2 466.5 963.6 500.5 949.2 497.7
1 0.43 1035.7 587.9 1023.5 601.9 990.8 573.4 1002.9 559.5
1 0.43 1130.3 578.2 1130.5 592.9 1097.0 593.4 1096.8 578.8
1 0.58 1633.6 473.0 1617.0 475.7 1611.4 440.0 1627.9 437.4
1 0.56 1434.6 516.1 1418.4 516.9 1416.6 483.1 1432.8 482.2
1 0.63 827.9 519.6 827.7 532.9 795.3 532.3 795.5 519.0
1 0.6 745.6 571.2 745.6 586.9 709.3 586.9 709.3 571.2
1 0.51 886.4 543.5 885.8 559.5 846.5 558.1 847.0 542.2
1 0.5 888.0 572.4 888.6 588.3 853.6 589.5 853.0 573.6
1 0.59 1434.5 515.9 1418.3 516.8 1416.6 483.1 1432.7 482.2
1 0.54 1264.7 468.0 1279.9 470.1 1275.1 504.3 1259.9 502.1
1 0.53 1633.8 472.4 1616.7 475.1 1610.8 437.5 1627.8 434.8
1 0.59 1633.6 473.0 1617.0 475.7 1611.4 440.1 1627.9 437.4
1 0.56 1434.6 516.1 1418.3 517.0 1416.5 483.1 1432.8 482.2
1 0.52 1264.7 468.1 1279.9 470.2 1275.1 504.2 1259.9 502.1
1 0.64 827.9 519.6 827.7 532.9 795.3 532.4 795.5 519.0
1 0.63 893.1 572.4 893.6 588.3 854.1 589.7 853.5 573.7
1 0.62 1204.4 430.5 1203.8 446.7 1164.5 445.3 1165.0 429.1
1 0.6 1195.5 407.6 1194.9 422.5 1158.6 421.2 1159.1 406.3
1 0.59 885.2 543.7 884.6 559.1 846.9 557.8 847.5 542.3
1 0.59 1131.1 579.1 1131.1 593.4 1096.9 593.4 1096.9 579.1
1 0.54 1264.7 468.1 1279.9 470.2 1275.2 504.2 1259.9 502.1
1 0.54 1086.6 543.5 1086.6 558.2 1051.6 558.2 1051.6 543.5
1 0.52 1086.0 578.6 1086.0 593.7 1049.8 593.7 1049.8 578.6
1 0.48 955.8 463.7 970.3 466.5 963.6 500.6 949.2 497.8
1 0.47 745.8 571.4 745.8 586.8 709.3 586.8 709.3 571.4
1 0.42 1035.8 587.9 1023.6 602.0 990.8 573.5 1003.0 559.4
1 0.37 1180.9 581.8 1180.9 597.3 1143.7 597.3 1143.7 581.8
1 0.59 1434.5 515.9 1418.4 516.7 1416.6 483.1 1432.7 482.2
1 0.54 1633.7 472.4 1616.7 475.0 1610.8 437.6 1627.8 434.9
