1 0.64 1571.0 45.0 1570.7 60.3 1537.4 59.7 1537.6 44.4
1 0.63 1637.7 545.7 1621.7 548.3 1616.0 512.3 1632.0 509.7
1 0.54 1438.4 589.0 1421.6 589.6 1420.4 555.5 1437.2 554.9
1 0.64 1637.7 545.8 1621.7 548.3 1616.0 512.4 1632.0 509.9
1 0.57 1267.9 541.1 1283.2 542.5 1280.2 576.3 1264.9 575.0
1 0.54 1438.4 589.1 1421.7 589.6 1420.5 555.5 1437.2 554.9
1 0.62 832.6 591.7 832.4 605.0 800.3 604.5 800.5 591.1
1 0.61 889.2 615.6 888.6 631.6 850.9 630.3 851.5 614.3
1 0.44 1091.1 615.8 1091.1 630.8 1055.4 630.8 1055.4 615.8
1 0.42 978.7 77.3 993.8 78.6 990.7 113.8 975.6 112.5
1 0.3 947.9 575.3 960.9 576.2 958.8 607.1 945.7 606.2
1 0.65 1208.5 502.8 1207.9 519.7 1168.6 518.3 1169.2 501.4
1 0.62 1134.9 651.7 1134.6 666.3 1100.3 665.7 1100.5 651.1
1 0.62 896.6 644.9 896.9 660.9 858.2 661.6 857.9 645.6
1 0.62 1199.2 480.7 1198.7 496.0 1162.7 494.7 1163.3 479.4
1 0.61 832.6 591.6 832.4 605.1 800.3 604.5 800.5 591.1
1 0.6 889.2 615.6 888.6 631.6 851.0 630.3 851.6 614.2
1 0.56 1267.8 541.1 1283.2 542.4 1280.3 576.3 1264.8 575.0
1 0.52 750.4 643.1 750.4 658.7 711.9 658.7 711.9 643.1
1 0.48 1088.8 651.3 1088.8 666.0 1053.5 666.0 1053.5 651.3
1 0.44 1045.0 664.6 1032.2 679.3 993.8 645.9 1006.6 631.2
1 0.44 1091.3 616.6 1091.3 632.0 1055.7 632.0 1055.7 616.6
1 0.41 1184.1 654.0 1184.1 669.4 1148.3 669.4 1148.3 654.0
1 0.26 947.8 575.3 961.1 576.2 958.9 607.3 945.6 606.4
1 0.64 1637.7 545.8 1621.7 548.3 1616.0 512.5 1632.0 509.9
1 0.54 1438.7 588.9 1422.0 589.8 1420.2 555.6 1436.9 554.7
1 0.65 1208.4 502.8 1207.8 519.6 1168.7 518.3 1169.3 501.5
1 0.62 1134.8 651.8 1134.6 666.3 1100.3 665.7 1100.6 651.2
1 0.62 1199.2 480.6 1198.7 495.9 1162.7 494.7 1163.2 479.4
1 0.56 1267.8 541.1 1283.2 542.4 1280.3 576.4 1264.9 575.1
1 0.53 1438.4 589.1 1421.7 589.6 1420.5 555.4 1437.2 554.9
1 0.48 1088.8 651.2 1088.8 666.1 1053.4 666.1 1053.4 651.2
1 0.47 1090.9 615.9 1090.9 630.8 1055.6 630.8 1055.6 615.9
1 0.44 1045.3 664.9 1032.5 679.7 993.8 646.1 1006.7 631.4
1 0.38 1183.7 654.0 1183.7 669.6 1148.2 669.6 1148.2 654.0
1 0.62 750.9 643.1 750.9 658.9 713.5 658.9 713.5 643.1
1 0.61 832.7 591.6 832.4 605.1 800.3 604.5 800.5 591.1
1 0.54 887.1 615.4 886.6 631.2 850.8 630.0 851.3 614.2
1 0.44 890.6 645.2 890.8 660.4 858.0 661.0 857.7 645.8
1 0.62 1637.7 545.7 1621.6 548.3 1615.9 512.2 1632.0 509.7
1 0.55 1267.8 541.1 1283.2 542.4 1280.2 576.3 1264.9 575.0
1 0.55 1438.4 589.0 1421.6 589.6 1420.4 555.5 1437.2 554.9
1 0.62 1637.7 545.7 1621.6 548.3 1615.9 512.2 1632.0 509.7
1 0.54 1438.4 589.0 1421.6 589.6 1420.4 555.5 1437.2 554.9
1 0.65 1571.0 45.0 1570.7 60.3 1537.4 59.7 1537.6 44.5
1 0.65 1208.5 502.8 1207.9 519.7 1168.6 518.3 1169.2 501.4
1 0.62 1199.2 480.7 1198.7 496.0 1162.7 494.7 1163.3 479.5
1 0.56 1267.8 541.1 1283.2 542.4 1280.3 576.3 1264.8 575.0
1 0.55 1438.4 589.0 1421.6 589.6 1420.4 555.5 1437.2 554.9
1 0.45 1091.0 615.8 1091.0 630.9 1055.4 630.9 1055.4 615.8
1 0.43 978.6 77.1 993.9 78.4 990.7 114.1 975.4 112.7
1 0.65 1208.4 502.8 1207.9 519.7 1168.6 518.3 1169.2 501.5
1 0.62 1134.9 651.7 1134.6 666.3 1100.3 665.7 1100.5 651.1
1 0.62 1199.2 480.7 1198.7 496.0 1162.7 494.7 1163.2 479.4
1 0.55 1267.8 541.0 1283.3 542.4 1280.3 576.4 1264.8 575.0
1 0.54 1438.4 589.0 1421.6 589.6 1420.4 555.5 1437.2 554.9
1 0.49 1088.5 652.0 1088.2 666.0 1053.7 665.4 1054.0 651.4
1 0.46 1044.9 664.6 1032.2 679.2 993.8 645.9 1006.5 631.3
1 0.44 1091.3 616.6 1091.3 631.9 1055.7 631.9 1055.7 616.6
1 0.41 1184.1 654.0 1184.1 669.3 1148.4 669.3 1148.4 654.0
1 0.63 832.6 591.7 832.4 605.0 800.3 604.5 800.6 591.1
1 0.55 887.0 615.4 886.5 631.2 850.7 630.0 851.3 614.2
1 0.65 1208.4 502.8 1207.8 519.7 1168.7 518.3 1169.3 501.5
1 0.63 896.6 645.0 896.9 660.9 858.3 661.5 858.1 645.6
1 0.62 1134.8 651.8 1134.6 666.3 1100.3 665.7 1100.6 651.2
1 0.62 1199.2 480.6 1198.7 495.9 1162.7 494.6 1163.2 479.4
1 0.62 832.6 591.7 832.3 605.1 800.3 604.5 800.6 591.1
1 0.6 889.1 615.6 888.6 631.5 851.1 630.2 851.7 614.3
1 0.57 1267.9 541.1 1283.2 542.5 1280.2 576.3 1264.9 575.0
1 0.53 750.9 642.9 750.9 659.0 712.0 659.0 712.0 642.9
1 0.48 1088.8 651.2 1088.8 666.1 1053.4 666.1 1053.4 651.2
1 0.47 1091.0 615.8 1091.0 630.9 1055.6 630.9 1055.6 615.8
1 0.42 1045.2 664.9 1032.4 679.6 993.8 646.1 1006.6 631.4
1 0.38 1183.7 654.0 1183.7 669.7 1148.2 669.7 1148.2 654.0
1 0.28 947.8 575.3 960.9 576.2 958.8 607.0 945.7 606.1
1 0.62 750.9 643.1 750.9 658.9 713.5 658.9 713.5 643.1
1 0.62 832.6 591.7 832.3 605.1 800.3 604.5 800.6 591.1
1 0.55 886.6 615.6 886.1 631.2 850.9 629.9 851.5 614.3
1 0.43 890.8 645.2 891.0 660.4 858.1 661.0 857.8 645.8
1 0.62 896.6 644.9 896.9 660.9 858.2 661.6 857.9 645.6
1 0.61 750.9 643.1 750.9 658.9 713.5 658.9 713.5 643.1
1 0.61 832.6 591.6 832.4 605.1 800.3 604.5 800.5 591.1
1 0.6 889.2 615.6 888.6 631.6 851.0 630.3 851.6 614.2
1 0.49 1088.4 652.0 1088.2 666.0 1053.8 665.4 1054.0 651.4
1 0.44 1044.9 664.6 1032.2 679.3 993.8 645.9 1006.5 631.3
1 0.43 1091.3 616.6 1091.3 631.9 1055.8 631.9 1055.8 616.6
1 0.34 1131.0 650.0 1131.7 664.9 1100.3 666.5 1099.5 651.7
1 0.27 947.8 575.3 961.0 576.2 958.9 607.2 945.7 606.3
1 0.64 1570.9 45.0 1570.7 60.3 1537.3 59.8 1537.6 44.4
1 0.63 1637.7 545.7 1621.6 548.3 1615.9 512.3 1632.0 509.7
1 0.56 1267.8 541.1 1283.2 542.4 1280.2 576.3 1264.9 575.0
1 0.55 1438.4 589.0 1421.6 589.6 1420.4 555.5 1437.2 554.9
1 0.63 896.6 645.0 896.8 660.9 858.3 661.5 858.1 645.6
1 0.62 750.9 643.0 750.9 658.9 713.5 658.9 713.5 643.0
1 0.6 832.6 591.6 832.4 605.1 800.3 604.5 800.5 591.1
1 0.6 889.1 615.6 888.6 631.5 851.2 630.2 851.7 614.3
1 0.48 1088.4 651.9 1088.2 666.1 1053.7 665.5 1054.0 651.3
1 0.47 1091.0 615.9 1091.0 630.8 1055.7 630.8 1055.7 615.9
1 0.42 1045.2 665.0 1032.4 679.7 993.8 646.1 1006.6 631.4
1 0.32 1131.1 650.0 1131.9 664.9 1100.4 666.5 1099.7 651.7
1 0.28 947.8 575.3 960.9 576.2 958.8 607.0 945.7 606.1
1 0.65 1208.5 502.8 1207.9 519.7 1168.6 518.3 1169.2 501.4
1 0.63 832.6 591.7 832.4 605.1 800.3 604.5 800.5 591.1
1 0.62 1199.2 480.7 1198.7 495.9 1162.8 494.7 1163.3 479.5
1 0.62 889.2 615.6 888.6 631.6 850.9 630.3 851.4 614.3
1 0.56 1267.8 541.1 1283.2 542.5 1280.2 576.3 1264.9 575.0
1 0.45 1091.0 615.8 1091.0 630.9 1055.4 630.9 1055.4 615.8
1 0.41 978.0 77.5 993.2 78.3 991.4 113.7 976.2 112.9
1 0.3 947.9 575.3 960.9 576.2 958.8 607.2 945.7 606.2
