1 0.63 1637.8 608.2 1622.3 610.6 1616.7 575.3 1632.2 572.8
1 0.56 1439.0 651.9 1422.2 652.8 1420.5 618.7 1437.2 617.8
1 0.62 1637.9 608.1 1622.3 610.6 1616.7 575.1 1632.3 572.6
1 0.58 1438.9 651.8 1422.2 652.7 1420.4 618.8 1437.1 617.9
1 0.57 1267.9 604.4 1283.6 605.8 1280.6 639.7 1264.9 638.3
1 0.62 832.5 655.5 832.3 668.6 800.5 668.1 800.8 655.0
1 0.62 751.3 706.7 751.3 722.4 713.6 722.4 713.6 706.7
1 0.53 888.3 679.2 887.4 695.2 850.9 693.3 851.7 677.3
1 0.41 890.6 708.7 890.9 723.9 858.3 724.4 858.1 709.3
1 0.63 832.5 655.5 832.3 668.6 800.6 668.1 800.9 655.0
1 0.63 751.3 706.6 751.3 722.4 713.7 722.4 713.7 706.6
1 0.54 887.8 679.3 887.0 695.2 851.0 693.3 851.8 677.4
1 0.39 890.7 708.7 891.0 723.9 858.4 724.5 858.1 709.3
1 0.62 1637.9 608.1 1622.3 610.6 1616.7 575.1 1632.3 572.6
1 0.58 1438.9 651.8 1422.2 652.7 1420.5 618.8 1437.1 617.9
1 0.62 832.5 655.5 832.3 668.6 800.6 668.1 800.8 655.0
1 0.62 751.3 706.6 751.3 722.4 713.6 722.4 713.6 706.6
1 0.61 896.7 709.0 896.7 724.6 858.4 724.6 858.4 709.0
1 0.6 889.6 679.5 888.7 695.7 851.1 693.7 851.9 677.5
1 0.53 1040.3 722.2 1028.4 736.9 994.6 709.5 1006.5 694.8
1 0.46 1091.3 679.5 1091.3 694.5 1055.5 694.5 1055.5 679.5
1 0.43 969.3 724.3 955.0 727.1 948.5 693.7 962.8 690.9
1 0.32 1089.3 714.6 1089.3 729.6 1054.2 729.6 1054.2 714.6
1 0.3 1132.1 713.3 1132.4 728.8 1100.3 729.3 1100.0 713.9
1 0.64 1208.6 566.4 1208.1 583.0 1168.7 581.7 1169.3 565.0
1 0.62 832.5 655.5 832.2 668.6 800.5 668.1 800.8 655.0
1 0.62 1199.5 543.4 1199.0 558.7 1162.5 557.4 1163.0 542.1
1 0.61 896.7 709.0 896.7 724.6 858.4 724.6 858.4 709.0
1 0.6 889.6 679.5 888.7 695.7 851.1 693.7 851.9 677.5
1 0.59 1135.2 714.7 1134.9 729.6 1100.4 729.0 1100.7 714.1
1 0.57 1267.9 604.4 1283.6 605.8 1280.6 639.7 1264.9 638.3
1 0.52 1040.4 722.2 1028.4 737.0 994.5 709.5 1006.5 694.8
1 0.52 751.5 706.8 751.3 722.8 712.5 722.1 712.8 706.2
1 0.46 1091.3 679.5 1091.3 694.6 1055.4 694.6 1055.4 679.5
1 0.44 969.4 724.4 955.0 727.1 948.5 693.6 962.8 690.9
1 0.41 1183.6 717.7 1183.6 733.1 1148.2 733.1 1148.2 717.7
1 0.32 1089.3 714.5 1089.3 729.7 1054.1 729.7 1054.1 714.5
1 0.64 1208.7 566.4 1208.1 583.1 1168.7 581.7 1169.3 565.0
1 0.62 1199.5 543.4 1199.0 558.7 1162.5 557.4 1163.0 542.1
1 0.56 1268.8 604.1 1284.4 606.3 1279.6 640.3 1264.0 638.1
1 0.51 986.3 57.3 1001.2 59.4 996.2 95.3 981.3 93.2
1 0.64 1208.6 566.4 1208.0 583.0 1168.7 581.6 1169.3 565.0
1 0.63 832.5 655.5 832.3 668.6 800.6 668.1 800.8 655.0
1 0.62 1199.5 543.4 1198.9 558.6 1162.5 557.4 1163.1 542.1
1 0.61 896.6 709.1 896.6 724.6 858.5 724.6 858.5 709.1
1 0.6 889.5 679.5 888.7 695.6 851.1 693.7 851.9 677.5
1 0.6 1135.1 714.8 1134.9 729.6 1100.4 729.0 1100.7 714.1
1 0.58 1268.8 604.1 1284.4 606.3 1279.7 640.0 1264.1 637.8
1 0.53 751.5 706.8 751.2 722.7 712.6 722.0 712.9 706.1
1 0.51 1040.4 722.2 1028.4 737.0 994.5 709.6 1006.5 694.7
1 0.49 1091.2 679.5 1091.2 694.6 1055.5 694.6 1055.5 679.5
1 0.4 969.1 724.7 954.8 727.2 948.8 693.6 963.2 691.1
1 0.39 1183.5 717.7 1183.5 733.3 1148.2 733.3 1148.2 717.7
1 0.35 1089.3 714.4 1089.3 729.6 1053.9 729.6 1053.9 714.4
1 0.64 1208.6 566.4 1208.0 583.1 1168.7 581.7 1169.3 565.0
1 0.62 1199.5 543.4 1199.0 558.7 1162.5 557.4 1163.0 542.1
1 0.56 1268.8 604.1 1284.4 606.3 1279.6 640.3 1264.0 638.1
1 0.5 986.3 57.3 1001.3 59.4 996.2 95.4 981.2 93.3
1 0.63 1637.8 608.2 1622.3 610.6 1616.7 575.3 1632.2 572.8
1 0.58 1268.8 604.1 1284.4 606.3 1279.7 640.0 1264.1 637.8
1 0.56 1438.9 651.9 1422.2 652.8 1420.5 618.7 1437.2 617.8
1 0.51 986.3 57.4 1001.2 59.4 996.2 95.3 981.3 93.2
1 0.64 1208.6 566.4 1208.0 583.0 1168.7 581.7 1169.3 565.0
1 0.62 1199.6 543.4 1199.0 558.7 1162.5 557.4 1163.0 542.1
1 0.59 1135.2 714.7 1134.9 729.6 1100.4 729.0 1100.6 714.1
1 0.58 1438.9 651.8 1422.2 652.7 1420.5 618.8 1437.1 617.9
1 0.57 1267.8 604.4 1283.6 605.7 1280.7 639.7 1264.9 638.3
1 0.54 1040.5 722.2 1028.5 737.0 994.6 709.5 1006.5 694.8
1 0.47 1091.2 679.5 1091.2 694.6 1055.4 694.6 1055.4 679.5
1 0.41 1183.6 717.7 1183.6 733.0 1148.3 733.0 1148.3 717.7
1 0.33 1089.3 714.5 1089.3 729.6 1054.1 729.6 1054.1 714.5
1 0.64 1208.6 566.4 1208.0 583.0 1168.7 581.6 1169.3 565.0
1 0.62 1199.5 543.4 1198.9 558.7 1162.5 557.4 1163.1 542.1
1 0.59 1135.1 714.7 1134.9 729.6 1100.4 729.0 1100.7 714.1
1 0.58 1268.8 604.1 1284.4 606.3 1279.7 640.0 1264.0 637.8
1 0.56 1439.0 651.9 1422.2 652.8 1420.5 618.7 1437.2 617.8
1 0.52 1040.5 722.2 1028.5 737.0 994.5 709.6 1006.6 694.7
1 0.49 1091.1 679.6 1091.1 694.6 1055.5 694.6 1055.5 679.6
1 0.39 1183.5 717.7 1183.5 733.3 1148.2 733.3 1148.2 717.7
1 0.35 1089.3 714.4 1089.3 729.6 1054.0 729.6 1054.0 714.4
1 0.63 1766.4 110.9 1766.1 127.3 1730.6 126.7 1730.9 110.3
1 0.62 1637.9 608.2 1622.3 610.6 1616.6 575.1 1632.3 572.7
1 0.63 1766.4 110.9 1766.1 127.3 1730.6 126.6 1730.9 110.3
1 0.63 1637.9 608.1 1622.3 610.6 1616.6 575.1 1632.3 572.6
1 0.54 1268.8 604.1 1284.4 606.3 1279.6 640.4 1264.0 638.2
1 0.62 751.4 706.6 751.4 722.4 713.6 722.4 713.6 706.6
1 0.61 896.6 709.1 896.6 724.6 858.5 724.6 858.5 709.1
1 0.61 832.6 655.5 832.3 668.7 800.6 668.1 800.8 654.9
1 0.6 889.5 679.5 888.7 695.6 851.1 693.7 852.0 677.6
1 0.51 1040.4 722.2 1028.4 737.0 994.5 709.5 1006.5 694.7
1 0.49 1091.2 679.6 1091.2 694.6 1055.5 694.6 1055.5 679.6
1 0.4 969.5 724.6 954.5 727.5 947.9 693.8 962.9 690.9
1 0.33 1089.2 714.5 1089.2 729.5 1054.1 729.5 1054.1 714.5
1 0.28 1132.2 713.3 1132.5 728.8 1100.4 729.3 1100.1 713.9
