1 0.64 832.1 613.4 831.9 626.7 800.1 626.1 800.3 612.9
1 0.63 1208.6 523.9 1208.0 541.0 1168.2 539.6 1168.8 522.5
1 0.63 889.7 637.0 889.2 653.3 851.0 652.0 851.6 635.7
1 0.62 1268.7 562.2 1284.0 564.3 1279.3 598.0 1264.0 595.9
1 0.62 1199.1 501.7 1198.6 516.6 1162.3 515.3 1162.8 500.4
1 0.61 1134.4 672.6 1134.2 687.0 1099.9 686.4 1100.2 672.0
1 0.6 896.0 666.9 896.0 682.3 857.9 682.3 857.9 666.9
1 0.53 750.8 663.6 750.8 679.2 712.6 679.2 712.6 663.6
1 0.51 1091.2 637.5 1091.2 652.9 1055.4 652.9 1055.4 637.5
1 0.4 1184.8 674.6 1184.8 690.0 1148.1 690.0 1148.1 674.6
1 0.36 1035.9 680.6 1024.5 693.3 995.1 666.9 1006.5 654.1
1 0.36 1088.6 672.2 1088.1 687.1 1053.8 685.9 1054.3 671.0
1 0.63 832.2 613.4 831.9 626.7 800.1 626.1 800.3 612.9
1 0.63 751.0 663.6 751.0 679.5 713.2 679.5 713.2 663.6
1 0.62 889.7 637.0 889.2 653.3 851.0 652.0 851.6 635.7
1 0.6 896.0 666.9 896.0 682.3 858.0 682.3 858.0 666.9
1 0.49 1091.2 637.6 1091.2 652.9 1055.5 652.9 1055.5 637.6
1 0.38 1132.2 671.8 1132.2 686.6 1100.0 686.6 1100.0 671.8
1 0.36 1035.9 680.6 1024.5 693.3 995.1 666.8 1006.5 654.1
1 0.34 1088.6 672.3 1088.1 687.1 1053.9 685.9 1054.4 671.1
1 0.64 832.1 613.4 831.9 626.7 800.1 626.1 800.3 612.9
1 0.63 751.0 663.6 751.0 679.5 713.2 679.5 713.2 663.6
1 0.54 887.5 636.6 886.9 652.9 850.3 651.7 850.9 635.3
1 0.4 890.8 666.6 891.1 681.5 857.8 682.1 857.6 667.2
1 0.63 832.2 613.5 831.9 626.7 800.1 626.2 800.3 613.0
1 0.56 980.2 56.2 995.9 57.6 992.7 94.2 977.0 92.9
1 0.61 1637.4 566.3 1621.6 568.8 1615.9 533.1 1631.8 530.6
1 0.6 1668.2 67.5 1667.6 83.9 1633.8 82.7 1634.3 66.3
1 0.53 1438.7 610.4 1422.0 611.3 1420.2 576.5 1436.9 575.6
1 0.62 1637.4 566.3 1621.6 568.8 1616.0 533.1 1631.8 530.6
1 0.61 1268.7 562.2 1284.1 564.4 1279.4 598.1 1264.0 596.0
1 0.55 1438.7 610.4 1422.1 611.2 1420.3 576.5 1436.8 575.6
1 0.64 832.1 613.5 831.9 626.7 800.1 626.1 800.3 613.0
1 0.62 1208.4 523.9 1207.8 541.0 1168.1 539.6 1168.7 522.5
1 0.61 1268.7 562.2 1284.2 564.3 1279.4 598.2 1263.9 596.0
1 0.61 1199.2 501.6 1198.7 516.7 1162.3 515.4 1162.9 500.3
1 0.55 980.2 56.2 995.9 57.6 992.7 94.2 977.0 92.9
1 0.63 832.3 613.4 832.0 626.7 800.0 626.2 800.3 612.9
1 0.63 751.0 663.6 751.0 679.5 713.2 679.5 713.2 663.6
1 0.55 887.2 636.7 886.7 652.9 850.3 651.6 850.9 635.4
1 0.4 890.5 666.7 890.8 681.5 858.0 682.0 857.7 667.2
1 0.63 1208.5 523.9 1207.9 541.0 1168.2 539.6 1168.8 522.5
1 0.62 1199.1 501.7 1198.6 516.6 1162.3 515.3 1162.8 500.4
1 0.62 1268.7 562.2 1284.1 564.3 1279.3 598.1 1264.0 595.9
1 0.61 1134.5 672.6 1134.2 687.0 1099.9 686.4 1100.2 672.0
1 0.56 1438.6 610.3 1422.1 611.1 1420.3 576.7 1436.8 575.8
1 0.51 1091.2 637.5 1091.2 652.9 1055.4 652.9 1055.4 637.5
1 0.4 1184.7 674.6 1184.7 690.0 1148.1 690.0 1148.1 674.6
1 0.38 1036.3 680.9 1024.8 693.6 995.0 666.8 1006.5 654.0
1 0.35 1088.6 672.2 1088.1 687.1 1053.8 685.9 1054.3 671.0
1 0.63 1637.5 566.4 1621.6 568.9 1615.9 533.1 1631.8 530.5
1 0.62 1268.7 562.2 1284.0 564.4 1279.3 598.0 1264.0 595.9
1 0.56 1438.6 610.3 1422.1 611.2 1420.3 576.6 1436.8 575.8
1 0.61 1637.4 566.3 1621.6 568.8 1615.9 533.1 1631.8 530.6
1 0.61 1268.7 562.2 1284.1 564.4 1279.4 598.2 1263.9 596.0
1 0.6 1668.1 67.5 1667.6 83.8 1633.8 82.7 1634.3 66.3
1 0.54 1438.7 610.4 1422.0 611.3 1420.2 576.5 1436.9 575.6
1 0.65 832.1 613.5 831.9 626.7 800.1 626.1 800.3 613.0
1 0.63 1637.5 566.4 1621.6 568.9 1615.9 533.1 1631.8 530.6
1 0.55 1438.7 610.3 1422.1 611.2 1420.3 576.6 1436.8 575.8
1 0.63 832.2 613.4 832.0 626.7 800.0 626.2 800.2 612.9
1 0.63 889.7 637.1 889.1 653.2 850.9 651.9 851.4 635.8
1 0.62 1208.4 523.9 1207.8 541.0 1168.1 539.6 1168.7 522.5
1 0.62 1134.3 672.5 1134.1 687.0 1099.9 686.4 1100.1 671.9
1 0.61 1268.7 562.2 1284.1 564.4 1279.4 598.1 1264.0 596.0
1 0.61 1199.3 501.6 1198.7 516.7 1162.3 515.4 1162.9 500.3
1 0.6 895.9 666.9 895.9 682.3 858.1 682.3 858.1 666.9
1 0.53 750.9 663.6 750.9 679.2 712.7 679.2 712.7 663.6
1 0.53 1091.0 637.6 1091.0 652.8 1055.4 652.8 1055.4 637.6
1 0.38 1184.6 674.4 1184.6 689.9 1147.9 689.9 1147.9 674.4
1 0.37 1036.3 680.8 1024.7 693.6 994.8 666.7 1006.3 653.8
1 0.36 1088.5 671.8 1088.3 686.8 1054.0 686.2 1054.2 671.2
1 0.62 1637.4 566.3 1621.6 568.8 1616.0 533.1 1631.8 530.6
1 0.55 1438.7 610.4 1422.1 611.2 1420.3 576.5 1436.9 575.6
1 0.63 751.1 663.6 751.1 679.6 713.2 679.6 713.2 663.6
1 0.62 889.7 637.1 889.1 653.2 850.9 651.9 851.5 635.8
1 0.61 832.3 613.4 832.0 626.8 800.0 626.2 800.2 612.8
1 0.6 895.9 666.9 895.9 682.3 858.1 682.3 858.1 666.9
1 0.53 1091.0 637.7 1091.0 652.8 1055.5 652.8 1055.5 637.7
1 0.38 1132.2 671.7 1132.2 686.6 1100.1 686.6 1100.1 671.7
1 0.37 1036.2 680.8 1024.7 693.6 994.8 666.7 1006.3 653.8
1 0.35 1088.5 671.9 1088.2 686.7 1054.1 686.1 1054.3 671.3
1 0.63 1208.4 523.9 1207.8 541.0 1168.1 539.6 1168.7 522.5
1 0.62 1134.4 672.5 1134.1 687.0 1099.9 686.4 1100.1 671.9
1 0.61 1268.7 562.2 1284.2 564.4 1279.4 598.2 1263.9 596.0
1 0.61 1199.3 501.6 1198.7 516.7 1162.3 515.4 1162.9 500.3
1 0.55 1438.7 610.4 1422.1 611.2 1420.3 576.5 1436.9 575.6
1 0.53 1091.0 637.7 1091.0 652.8 1055.4 652.8 1055.4 637.7
1 0.38 1184.5 674.4 1184.5 689.9 1147.9 689.9 1147.9 674.4
1 0.38 1036.5 680.9 1024.8 693.8 994.7 666.7 1006.3 653.8
1 0.36 1088.5 671.8 1088.3 686.8 1054.0 686.2 1054.2 671.2
1 0.62 1208.4 523.9 1207.8 541.0 1168.1 539.6 1168.7 522.5
1 0.61 1268.7 562.2 1284.2 564.3 1279.4 598.2 1263.9 596.0
1 0.61 1199.3 501.6 1198.7 516.7 1162.3 515.5 1162.9 500.3
1 0.57 980.1 56.1 995.9 57.5 992.7 94.5 976.8 93.1
1 0.54 1438.7 610.4 1422.1 611.2 1420.2 576.5 1436.9 575.6
