1 0.65 1636.7 845.1 1620.8 847.6 1615.2 812.5 1631.1 810.0
1 0.54 1048.0 194.0 1058.6 204.3 1032.9 230.8 1022.4 220.6
1 0.64 1636.6 845.0 1620.9 847.5 1615.3 812.5 1631.1 810.0
1 0.54 1438.7 890.0 1422.2 890.8 1420.4 856.8 1436.9 856.0
1 0.58 753.4 946.3 753.4 961.9 716.3 961.9 716.3 946.3
1 0.56 835.3 895.0 835.1 908.7 802.0 908.1 802.2 894.5
1 0.5 888.8 920.1 887.2 935.8 852.5 932.1 854.2 916.5
1 0.31 892.7 947.3 892.7 963.3 859.3 963.3 859.3 947.3
1 0.65 1655.5 157.4 1640.1 158.2 1638.4 125.5 1653.8 124.7
1 0.57 1556.0 118.0 1573.3 118.6 1571.9 156.9 1554.7 156.3
1 0.34 1697.6 32.0 1713.2 33.4 1710.1 68.9 1694.5 67.5
1 0.41 1659.6 124.1 1673.7 125.1 1671.5 156.2 1657.5 155.2
1 0.41 1550.0 146.6 1533.8 147.4 1532.2 116.9 1548.4 116.1
1 0.46 1841.7 168.9 1827.0 169.7 1825.3 137.5 1840.0 136.7
1 0.47 1695.5 127.4 1710.8 128.7 1708.0 161.0 1692.7 159.7
1 0.49 1788.7 134.7 1803.8 135.2 1802.7 167.2 1787.6 166.7
1 0.49 1902.8 37.4 1918.5 38.8 1915.2 76.5 1899.5 75.1
1 0.5 1885.0 34.7 1902.0 37.1 1896.7 74.6 1879.7 72.2
1 0.52 1811.6 37.8 1827.4 40.0 1822.3 75.8 1806.6 73.6
1 0.54 1771.6 38.1 1787.8 39.5 1784.6 76.3 1768.4 74.9
1 0.54 1614.6 155.7 1600.5 156.4 1598.9 126.1 1613.0 125.4
1 0.54 1525.5 146.6 1509.6 147.2 1508.5 114.5 1524.4 114.0
1 0.56 1824.5 170.0 1808.9 171.3 1806.0 137.3 1821.6 136.0
1 0.58 1897.7 167.4 1884.1 168.2 1882.4 135.5 1896.0 134.7
1 0.64 1715.9 32.9 1732.2 34.3 1729.1 70.2 1712.8 68.8
1 0.58 1678.1 30.3 1695.1 31.8 1692.1 66.0 1675.1 64.5
1 0.6 1734.6 33.9 1750.0 35.2 1746.9 70.1 1731.5 68.7
1 0.6 1862.5 134.9 1879.3 135.5 1878.2 169.6 1861.3 169.0
1 0.6 1789.5 38.4 1806.5 39.9 1803.2 77.3 1786.2 75.8
1 0.61 1784.0 162.9 1769.1 162.9 1769.1 130.8 1784.0 130.8
1 0.61 1736.5 159.0 1720.2 160.4 1717.2 126.4 1733.6 125.0
1 0.61 1917.2 167.6 1901.1 169.0 1898.0 133.2 1914.1 131.8
1 0.61 1752.5 34.3 1768.4 35.7 1765.2 71.6 1749.4 70.2
1 0.61 1756.1 162.0 1739.7 162.8 1737.8 126.7 1754.2 125.9
1 0.62 1830.2 38.6 1846.4 40.0 1843.3 76.5 1827.0 75.1
1 0.62 1620.0 121.3 1636.6 121.9 1635.4 156.1 1618.8 155.5
1 0.63 1844.3 135.5 1859.0 136.3 1857.3 167.3 1842.7 166.6
1 0.63 1675.6 122.1 1691.6 122.7 1690.4 158.2 1674.4 157.6
1 0.25 1849.4 37.3 1863.2 38.5 1860.5 70.0 1846.7 68.8
1 0.64 1209.1 805.8 1208.6 822.6 1169.3 821.3 1169.9 804.4
1 0.62 1199.9 783.5 1199.3 798.9 1163.3 797.6 1163.8 782.3
1 0.6 1269.1 842.8 1284.6 845.0 1279.8 879.0 1264.4 876.9
1 0.57 1134.8 954.2 1134.5 968.1 1101.1 967.6 1101.3 953.6
1 0.55 1438.7 889.9 1422.2 890.8 1420.4 856.9 1436.9 856.0
1 0.54 1039.9 994.7 1035.1 1010.4 1001.5 1000.2 1006.3 984.4
1 0.53 1091.9 918.6 1091.9 933.6 1055.9 933.6 1055.9 918.6
1 0.4 1038.4 961.7 1026.8 975.1 995.9 948.2 1007.5 934.8
1 0.64 1209.2 805.8 1208.6 822.7 1169.2 821.3 1169.8 804.4
1 0.62 1199.9 783.6 1199.3 798.8 1163.3 797.6 1163.8 782.3
1 0.6 1269.1 842.9 1284.6 845.1 1279.8 879.2 1264.3 877.0
1 0.64 1636.6 845.0 1620.9 847.5 1615.3 812.5 1631.1 810.0
1 0.6 1269.2 842.9 1284.6 845.0 1279.8 879.0 1264.4 876.8
1 0.54 1438.7 890.0 1422.2 890.8 1420.4 856.8 1436.9 856.0
1 0.61 892.2 919.4 891.4 935.1 853.4 933.1 854.3 917.4
1 0.58 753.4 946.3 753.4 961.9 716.3 961.9 716.3 946.3
1 0.57 896.6 947.8 896.6 963.7 859.6 963.7 859.6 947.8
1 0.55 835.3 895.1 835.1 908.7 802.0 908.1 802.2 894.5
1 0.54 1039.8 994.7 1035.0 1010.4 1001.5 1000.1 1006.3 984.4
1 0.54 1091.9 918.7 1091.9 933.5 1056.0 933.5 1056.0 918.7
1 0.38 1038.1 961.6 1026.6 974.9 995.9 948.2 1007.4 935.0
1 0.28 1132.3 954.0 1132.1 968.1 1100.8 967.6 1101.1 953.4
1 0.63 1209.2 805.8 1208.6 822.6 1169.3 821.3 1169.9 804.4
1 0.62 1199.9 783.5 1199.3 798.9 1163.3 797.6 1163.8 782.3
1 0.61 892.2 919.4 891.4 935.0 853.4 933.1 854.2 917.4
1 0.6 1269.2 842.9 1284.6 845.0 1279.8 879.0 1264.4 876.8
1 0.57 896.7 947.8 896.7 963.7 859.6 963.7 859.6 947.8
1 0.57 1134.8 954.2 1134.5 968.1 1101.1 967.5 1101.3 953.6
1 0.55 835.3 895.0 835.1 908.7 802.0 908.1 802.2 894.5
1 0.53 1039.9 994.6 1035.1 1010.5 1001.5 1000.2 1006.3 984.4
1 0.53 1091.9 918.6 1091.9 933.6 1055.8 933.6 1055.8 918.6
1 0.51 753.4 946.5 753.4 961.9 715.3 961.9 715.3 946.5
1 0.4 1038.3 961.7 1026.7 975.0 995.9 948.2 1007.5 934.9
1 0.64 1209.2 805.8 1208.6 822.7 1169.2 821.3 1169.8 804.4
1 0.62 1199.9 783.6 1199.3 798.9 1163.3 797.6 1163.8 782.3
1 0.6 1269.1 842.9 1284.6 845.0 1279.8 879.2 1264.3 877.0
1 0.65 1655.5 157.4 1640.1 158.2 1638.4 125.5 1653.8 124.7
1 0.64 1716.0 32.9 1732.2 34.3 1729.1 70.2 1712.8 68.8
1 0.41 1659.7 124.1 1673.7 125.1 1671.5 156.2 1657.5 155.2
1 0.41 1549.9 146.5 1533.8 147.4 1532.2 117.0 1548.4 116.1
1 0.44 1844.4 171.0 1827.6 172.5 1824.5 137.7 1841.4 136.2
1 0.46 1695.5 127.4 1710.8 128.7 1708.0 161.0 1692.7 159.7
1 0.49 1788.8 134.7 1803.8 135.2 1802.7 167.2 1787.6 166.7
1 0.51 1811.7 37.7 1827.6 39.9 1822.6 75.7 1806.7 73.4
1 0.53 1830.8 39.4 1846.9 41.6 1841.8 77.9 1825.7 75.6
1 0.53 1771.6 38.1 1787.8 39.5 1784.6 76.3 1768.4 74.9
1 0.54 1614.6 155.7 1600.5 156.4 1598.9 126.1 1613.0 125.4
1 0.55 1824.6 170.0 1808.9 171.4 1806.0 137.3 1821.6 135.9
1 0.55 1525.5 146.6 1509.7 147.2 1508.5 114.6 1524.3 114.0
1 0.57 1556.1 118.1 1573.3 118.7 1571.9 156.9 1554.7 156.3
1 0.58 1678.1 30.3 1695.1 31.8 1692.1 66.0 1675.1 64.5
1 0.6 1734.6 33.9 1750.0 35.2 1746.9 70.0 1731.6 68.7
1 0.6 1789.5 38.5 1806.4 39.9 1803.2 77.3 1786.3 75.8
1 0.61 1784.0 162.8 1769.1 162.8 1769.1 130.9 1784.0 130.9
1 0.61 1736.5 159.0 1720.2 160.4 1717.2 126.4 1733.6 125.0
1 0.61 1752.5 34.4 1768.4 35.8 1765.2 71.6 1749.4 70.2
1 0.61 1756.1 162.0 1739.7 162.8 1737.8 126.7 1754.2 125.9
1 0.62 1620.0 121.4 1636.6 121.9 1635.4 156.1 1618.9 155.5
1 0.63 1675.6 122.2 1691.6 122.7 1690.4 158.2 1674.4 157.6
1 0.33 1697.6 32.0 1713.2 33.4 1710.1 68.9 1694.5 67.5
1 0.54 1048.0 194.0 1058.6 204.2 1032.9 230.9 1022.3 220.6
1 0.64 1636.7 845.1 1620.8 847.6 1615.2 812.5 1631.1 810.0
1 0.58 1269.1 842.9 1284.6 845.0 1279.8 879.3 1264.3 877.1
1 0.26 1439.6 893.2 1422.0 894.4 1419.3 856.8 1437.0 855.6
1 0.55 1556.1 118.0 1573.3 118.5 1571.9 156.9 1554.7 156.3
1 0.53 1048.0 194.0 1058.6 204.3 1032.9 230.8 1022.4 220.6
1 0.52 1525.5 146.7 1509.6 147.2 1508.5 114.5 1524.4 113.9
1 0.38 1550.0 146.5 1533.8 147.3 1532.2 116.9 1548.4 116.1
