1 0.62 1722.1 835.7 1737.6 837.1 1734.6 871.2 1719.1 869.8
1 0.6 1758.6 837.8 1773.8 839.1 1770.8 873.8 1755.6 872.5
1 0.59 1739.7 836.6 1755.2 837.9 1752.2 871.5 1736.8 870.2
1 0.58 1683.1 834.7 1701.0 835.6 1699.2 869.7 1681.3 868.8
1 0.57 1796.0 840.6 1810.8 841.9 1808.0 873.9 1793.2 872.6
1 0.55 1816.1 838.2 1831.5 839.5 1828.6 872.5 1813.2 871.2
1 0.53 1776.8 838.4 1791.9 839.8 1789.1 872.3 1773.9 870.9
1 0.42 1703.7 834.1 1719.4 835.5 1716.5 868.7 1700.8 867.3
1 0.29 1322.5 622.7 1312.8 626.3 1305.0 604.8 1314.7 601.3
1 0.54 1289.1 881.9 1291.4 897.9 1255.8 902.9 1253.6 886.9
1 0.49 1577.6 958.7 1561.6 959.3 1560.4 923.6 1576.4 923.1
1 0.45 1538.2 923.4 1555.3 924.3 1553.4 959.4 1536.3 958.5
1 0.42 1515.0 921.1 1531.7 921.7 1530.4 958.1 1513.7 957.5
1 0.31 1599.3 959.4 1583.1 960.3 1581.2 923.6 1597.4 922.7
1 0.64 1740.5 959.7 1724.5 961.2 1721.4 926.4 1737.5 925.0
1 0.63 1674.5 1035.8 1674.3 1051.9 1637.6 1051.3 1637.8 1035.2
1 0.27 1715.4 961.8 1699.0 962.7 1697.2 928.2 1713.6 927.3
1 0.3 1322.4 622.7 1312.8 626.2 1305.0 604.9 1314.7 601.4
1 0.31 1851.4 1036.2 1851.7 1052.8 1816.5 1053.4 1816.3 1036.9
1 0.4 1620.4 961.2 1604.5 962.6 1601.8 931.4 1617.7 930.0
1 0.43 1703.7 834.5 1719.3 835.9 1716.4 869.0 1700.8 867.6
1 0.46 1599.6 959.9 1582.8 960.5 1581.5 922.9 1598.3 922.4
1 0.48 1678.7 958.4 1663.1 959.0 1661.9 924.8 1677.5 924.3
1 0.5 1807.7 964.5 1792.9 965.8 1790.3 935.6 1805.1 934.3
1 0.52 1514.9 921.1 1531.7 921.6 1530.4 958.1 1513.7 957.5
1 0.52 1538.1 923.3 1555.3 924.2 1553.5 959.4 1536.2 958.5
1 0.52 1776.9 838.8 1791.8 840.1 1789.0 872.3 1774.1 870.9
1 0.55 1816.2 838.5 1831.5 839.8 1828.6 872.8 1813.3 871.5
1 0.55 1827.8 966.2 1813.0 968.1 1808.9 935.0 1823.7 933.2
1 0.55 1289.1 882.0 1291.3 897.9 1255.8 902.9 1253.6 887.0
1 0.55 1625.1 926.6 1641.7 927.2 1640.5 963.1 1623.8 962.5
1 0.56 1795.6 840.6 1810.9 842.0 1808.1 874.1 1792.8 872.7
1 0.57 1578.2 959.3 1562.2 960.1 1560.3 923.6 1576.3 922.8
1 0.57 1739.8 836.9 1755.0 838.2 1752.1 871.4 1736.9 870.0
1 0.59 1683.1 834.8 1700.9 835.7 1699.1 869.6 1681.3 868.7
1 0.59 1679.9 923.7 1695.8 924.3 1694.5 960.0 1678.7 959.4
1 0.6 1758.7 838.0 1773.8 839.3 1770.7 874.0 1755.6 872.6
1 0.6 1759.0 960.4 1742.9 961.2 1741.1 925.6 1757.1 924.8
1 0.61 1788.4 962.0 1773.4 962.8 1771.7 930.8 1786.8 930.0
1 0.61 1722.1 836.0 1737.5 837.3 1734.5 871.0 1719.2 869.6
1 0.61 1660.4 962.9 1644.7 963.7 1642.9 930.0 1658.6 929.2
1 0.25 1249.8 435.7 1253.8 446.0 1230.0 455.1 1226.1 444.8
1 0.55 1289.1 881.9 1291.4 897.9 1255.8 902.9 1253.6 886.9
1 0.29 1322.4 622.7 1312.8 626.2 1305.1 605.0 1314.7 601.5
1 0.62 1834.7 838.2 1851.1 839.6 1848.0 875.5 1831.6 874.0
1 0.62 1722.0 835.7 1737.6 837.0 1734.6 871.2 1719.0 869.8
1 0.6 1758.6 837.8 1773.8 839.1 1770.8 873.8 1755.5 872.5
1 0.59 1739.7 836.6 1755.2 837.9 1752.2 871.5 1736.8 870.2
1 0.58 1683.1 834.7 1701.0 835.6 1699.2 869.7 1681.3 868.8
1 0.57 1796.0 840.6 1810.9 841.9 1808.1 873.9 1793.2 872.6
1 0.56 1816.0 838.6 1831.2 839.9 1828.3 872.3 1813.2 871.0
1 0.53 1887.0 834.5 1904.4 836.0 1901.4 870.6 1883.9 869.0
1 0.53 1776.7 838.4 1791.9 839.7 1789.1 872.3 1773.9 871.0
1 0.44 1906.1 834.8 1921.0 835.4 1919.9 867.8 1905.0 867.3
1 0.43 1703.6 834.0 1719.4 835.4 1716.5 868.8 1700.7 867.4
1 0.62 1799.5 112.9 1783.1 115.5 1778.1 83.5 1794.5 80.9
1 0.51 1601.7 126.3 1586.2 127.6 1583.3 94.9 1598.8 93.5
1 0.26 1322.5 622.8 1312.9 626.3 1305.1 604.9 1314.7 601.4
1 0.64 1740.5 959.8 1724.5 961.2 1721.4 926.4 1737.5 925.0
1 0.49 1807.8 964.5 1792.9 965.8 1790.3 935.6 1805.1 934.3
1 0.54 1900.9 966.4 1885.2 967.0 1883.9 931.1 1899.7 930.6
1 0.52 1538.0 923.3 1555.3 924.2 1553.4 959.5 1536.2 958.6
1 0.52 1776.8 838.8 1791.9 840.1 1789.1 872.3 1774.0 871.0
1 0.52 1887.1 834.8 1904.4 836.3 1901.4 870.1 1884.2 868.6
1 0.51 1514.9 921.0 1531.7 921.6 1530.4 958.1 1513.6 957.5
1 0.51 1854.1 1037.3 1854.1 1053.4 1816.8 1053.4 1816.8 1037.3
1 0.48 1678.7 958.4 1663.1 959.0 1661.9 924.8 1677.5 924.3
1 0.64 1882.8 965.4 1866.4 966.2 1864.6 931.9 1881.0 931.1
1 0.46 1599.6 960.0 1582.7 960.6 1581.4 922.9 1598.3 922.3
1 0.45 1845.1 964.9 1829.7 966.2 1827.0 935.5 1842.5 934.2
1 0.44 1703.7 834.5 1719.4 835.8 1716.5 869.1 1700.8 867.7
1 0.41 1906.2 835.0 1920.9 835.6 1919.8 867.9 1905.1 867.3
1 0.4 1620.4 961.2 1604.5 962.6 1601.8 931.4 1617.6 930.0
1 0.28 1715.5 961.9 1699.0 962.7 1697.2 928.1 1713.7 927.2
1 0.55 1816.1 838.9 1831.2 840.2 1828.3 872.5 1813.2 871.2
1 0.55 1827.6 966.2 1813.0 968.0 1808.9 935.0 1823.5 933.2
1 0.55 1625.1 926.6 1641.8 927.2 1640.5 963.1 1623.8 962.5
1 0.56 1795.6 840.6 1811.0 842.0 1808.2 874.1 1792.8 872.7
1 0.57 1739.7 836.8 1755.0 838.2 1752.1 871.4 1736.8 870.0
1 0.57 1578.3 959.3 1562.2 960.1 1560.3 923.6 1576.3 922.8
1 0.59 1683.1 834.7 1700.9 835.7 1699.1 869.6 1681.3 868.7
1 0.59 1679.9 923.7 1695.8 924.3 1694.5 960.0 1678.7 959.4
1 0.59 1758.7 838.0 1773.8 839.3 1770.8 874.0 1755.6 872.7
1 0.6 1759.0 960.4 1742.9 961.2 1741.0 925.6 1757.1 924.7
1 0.6 1788.5 962.0 1773.4 962.8 1771.7 930.8 1786.8 930.0
1 0.61 1660.4 962.9 1644.7 963.7 1642.9 930.0 1658.6 929.2
1 0.61 1722.1 835.9 1737.5 837.3 1734.6 871.0 1719.1 869.7
1 0.62 1834.9 838.2 1851.1 839.6 1848.0 875.2 1831.7 873.8
1 0.62 1919.4 965.8 1903.0 966.9 1900.4 929.6 1916.8 928.4
1 0.63 1674.6 1035.8 1674.3 1051.9 1637.5 1051.3 1637.8 1035.1
1 0.63 1862.4 964.3 1847.7 965.1 1846.0 933.6 1860.8 932.8
1 0.25 1322.4 622.7 1312.7 626.2 1305.0 604.9 1314.6 601.4
1 0.53 1603.4 127.3 1586.4 128.8 1583.4 94.3 1600.4 92.8
1 0.27 1322.5 622.7 1312.9 626.2 1305.1 604.9 1314.7 601.4
1 0.61 1799.5 112.9 1783.1 115.5 1778.0 83.5 1794.5 80.9
1 0.51 1601.7 126.3 1586.2 127.6 1583.3 94.8 1598.8 93.5
1 0.29 1322.5 622.8 1312.8 626.4 1305.0 604.9 1314.7 601.3
