1 0.56 730.6 59.4 746.3 60.2 744.3 98.5 728.6 97.7
1 0.53 734.3 16.5 747.6 19.1 741.4 51.0 728.1 48.5
1 0.37 879.7 376.2 870.3 389.5 840.4 368.5 849.7 355.2
1 0.41 879.6 376.1 870.3 389.4 840.4 368.5 849.7 355.2
1 0.64 1801.9 150.3 1798.0 166.1 1762.6 157.3 1766.6 141.5
1 0.61 1759.7 145.9 1760.3 161.5 1723.7 162.8 1723.1 147.1
1 0.49 1778.9 164.9 1778.6 178.6 1744.7 178.1 1744.9 164.3
1 0.57 730.6 59.4 746.3 60.2 744.3 98.5 728.6 97.6
1 0.54 734.3 16.5 747.6 19.0 741.3 51.0 728.1 48.5
1 0.49 879.3 376.1 870.1 389.3 840.4 368.5 849.7 355.4
1 0.57 730.6 59.5 746.2 60.3 744.3 98.4 728.6 97.6
1 0.55 734.4 16.6 747.5 19.1 741.4 50.9 728.2 48.4
1 0.4 879.6 376.1 870.3 389.5 840.3 368.5 849.7 355.2
1 0.51 879.2 376.1 870.1 389.2 840.5 368.5 849.7 355.4
1 0.63 1802.0 150.3 1798.0 166.1 1762.6 157.3 1766.5 141.5
1 0.6 1759.8 145.8 1760.4 161.5 1723.7 162.8 1723.2 147.1
1 0.48 1778.9 164.9 1778.6 178.7 1744.6 178.1 1744.9 164.3
1 0.42 879.5 376.1 870.3 389.4 840.4 368.4 849.7 355.2
