1 0.6 742.2 830.3 757.8 831.7 754.3 871.1 738.8 869.8
1 0.6 766.9 729.2 780.5 733.6 769.5 767.5 755.9 763.1
1 0.59 814.6 504.0 818.9 518.0 786.7 527.9 782.4 513.9
1 0.59 838.4 542.4 848.8 554.7 819.2 579.5 808.9 567.2
1 0.58 749.2 784.0 763.2 787.5 754.4 823.1 740.3 819.6
1 0.55 332.9 658.6 322.8 669.4 297.8 646.1 307.9 635.3
1 0.48 832.3 573.3 840.8 582.8 818.8 602.7 810.2 593.2
1 0.4 778.0 508.6 774.9 521.0 746.7 514.0 749.8 501.5
1 0.35 380.6 725.9 366.2 734.6 348.3 704.8 362.7 696.1
1 0.27 817.2 477.4 814.2 496.1 767.9 488.8 770.8 470.1
1 0.6 1335.0 489.6 1317.5 490.9 1314.8 452.2 1332.3 451.0
1 0.52 1313.3 399.2 1329.5 400.1 1327.6 436.0 1311.4 435.1
1 0.59 1334.9 489.5 1317.5 490.8 1314.8 452.2 1332.2 451.0
1 0.66 238.4 527.3 224.5 535.6 206.4 505.5 220.3 497.2
1 0.62 166.6 265.9 160.3 280.8 124.1 265.4 130.4 250.5
1 0.61 205.5 341.8 194.7 353.8 167.2 329.1 178.0 317.1
1 0.6 209.2 361.1 203.5 375.4 171.3 362.4 177.1 348.1
1 0.58 35.0 55.2 41.7 71.0 7.3 85.6 0.6 69.8
1 0.45 215.3 409.1 200.7 413.9 190.6 382.8 205.2 378.0
1 0.43 72.2 185.6 58.1 189.2 51.0 161.0 65.2 157.5
1 0.42 17.1 37.9 24.0 54.1 -10.6 68.8 -17.5 52.5
1 0.34 189.8 305.1 182.3 320.5 149.7 304.6 157.2 289.2
1 0.6 1335.0 489.6 1317.5 490.8 1314.8 452.1 1332.3 450.9
1 0.59 1748.2 955.0 1747.9 969.4 1713.8 968.8 1714.0 954.5
1 0.54 1767.4 972.9 1767.2 986.5 1733.9 985.9 1734.2 972.3
1 0.43 1791.3 959.7 1788.4 974.5 1753.2 967.7 1756.1 952.9
1 0.61 814.6 504.0 818.9 518.0 786.8 527.8 782.5 513.9
1 0.59 838.4 542.4 848.7 554.6 819.2 579.4 808.9 567.2
1 0.51 832.3 573.3 840.8 582.7 818.8 602.6 810.3 593.1
1 0.38 778.1 508.6 775.0 521.0 746.6 513.9 749.7 501.5
1 0.6 1335.0 489.6 1317.5 490.9 1314.8 452.2 1332.3 451.0
1 0.52 1313.3 399.2 1329.5 400.1 1327.6 435.9 1311.4 435.1
1 0.6 742.3 830.2 757.8 831.6 754.3 871.2 738.8 869.8
1 0.6 814.6 504.0 818.9 518.0 786.7 527.8 782.5 513.8
1 0.6 766.9 729.2 780.5 733.7 769.5 767.4 755.9 763.0
1 0.59 838.4 542.4 848.7 554.7 819.2 579.5 808.8 567.2
1 0.58 749.3 783.8 763.3 787.3 754.4 823.0 740.4 819.5
1 0.47 832.3 573.3 840.8 582.7 818.8 602.5 810.3 593.1
1 0.34 778.1 508.6 775.0 521.0 746.7 513.9 749.8 501.5
1 0.6 814.6 504.0 818.9 518.0 786.7 527.8 782.4 513.8
1 0.58 838.4 542.3 848.8 554.7 819.1 579.5 808.8 567.2
1 0.48 832.3 573.3 840.8 582.7 818.8 602.6 810.3 593.1
1 0.35 778.1 508.5 775.0 521.0 746.6 513.9 749.8 501.5
1 0.6 1334.9 489.6 1317.5 490.8 1314.8 452.2 1332.2 451.0
1 0.52 1313.3 399.3 1329.5 400.1 1327.6 435.9 1311.4 435.0
1 0.66 238.4 527.3 224.5 535.6 206.4 505.5 220.3 497.2
1 0.62 205.5 341.8 194.7 353.8 167.2 329.1 178.0 317.1
1 0.62 166.6 265.9 160.3 280.8 124.1 265.4 130.4 250.5
1 0.6 209.2 361.1 203.4 375.4 171.3 362.4 177.1 348.2
1 0.55 333.2 658.4 322.7 669.6 297.5 646.1 308.0 634.9
1 0.46 215.3 409.1 200.7 413.9 190.6 382.8 205.2 378.0
1 0.33 380.6 726.1 366.2 734.8 348.2 704.7 362.6 696.1
1 0.32 189.8 305.1 182.3 320.4 149.7 304.5 157.2 289.2
1 0.6 1334.9 489.6 1317.5 490.8 1314.8 452.2 1332.2 451.0
1 0.52 1313.3 399.2 1329.5 400.1 1327.6 435.9 1311.4 435.1
1 0.6 1335.0 489.6 1317.5 490.9 1314.8 452.2 1332.3 451.0
1 0.52 1313.3 399.2 1329.5 400.1 1327.6 435.9 1311.4 435.0
1 0.61 742.3 830.2 757.8 831.6 754.3 871.2 738.8 869.8
1 0.61 814.6 504.1 818.8 518.0 786.8 527.8 782.5 513.9
1 0.6 766.9 729.3 780.5 733.7 769.5 767.4 755.9 763.0
1 0.6 1335.0 489.7 1317.5 490.9 1314.8 452.2 1332.3 451.0
1 0.59 838.4 542.4 848.7 554.6 819.2 579.5 808.9 567.2
1 0.58 749.3 783.9 763.3 787.3 754.4 823.0 740.4 819.5
1 0.52 1313.3 399.2 1329.5 400.1 1327.6 435.9 1311.4 435.0
1 0.48 831.8 573.1 840.6 582.2 819.3 602.7 810.6 593.6
1 0.35 778.0 508.6 775.0 521.0 746.6 513.9 749.7 501.5
1 0.6 1334.9 489.5 1317.5 490.7 1314.8 452.2 1332.3 451.0
1 0.59 1748.2 955.0 1747.9 969.4 1713.8 968.8 1714.1 954.4
1 0.53 1767.5 972.8 1767.2 986.5 1733.9 986.0 1734.1 972.2
1 0.43 1791.4 959.7 1788.5 974.6 1753.1 967.7 1756.0 952.8
1 0.61 814.6 504.1 818.8 518.0 786.8 527.8 782.5 513.9
1 0.6 1335.0 489.7 1317.5 490.9 1314.8 452.2 1332.3 451.0
1 0.59 838.4 542.4 848.7 554.6 819.2 579.4 808.9 567.2
1 0.52 1313.3 399.2 1329.5 400.1 1327.6 435.9 1311.4 435.0
1 0.48 831.8 573.1 840.6 582.2 819.3 602.8 810.5 593.6
1 0.4 778.0 508.6 774.9 521.0 746.6 513.9 749.7 501.5
1 0.65 238.4 527.3 224.5 535.7 206.4 505.5 220.3 497.1
1 0.56 332.9 658.6 322.8 669.4 297.8 646.1 307.9 635.3
1 0.35 380.7 726.0 366.2 734.7 348.2 704.8 362.8 696.1
1 0.6 814.6 504.0 818.9 518.0 786.8 527.8 782.5 513.8
1 0.6 742.3 830.2 757.8 831.6 754.3 871.2 738.8 869.9
1 0.6 766.9 729.2 780.5 733.6 769.5 767.5 755.9 763.0
1 0.59 838.4 542.3 848.8 554.6 819.2 579.5 808.8 567.2
1 0.58 749.3 783.8 763.3 787.3 754.4 823.0 740.4 819.5
1 0.54 333.2 658.4 322.7 669.6 297.5 646.1 308.0 634.9
1 0.5 832.3 573.3 840.8 582.7 818.8 602.5 810.3 593.1
1 0.36 778.1 508.5 775.0 521.0 746.6 513.9 749.8 501.5
1 0.33 380.7 726.2 366.3 734.8 348.2 704.8 362.7 696.1
1 0.6 1335.0 489.6 1317.5 490.8 1314.8 452.2 1332.3 451.0
1 0.52 1313.3 399.2 1329.5 400.1 1327.6 435.9 1311.4 435.1
1 0.61 742.2 830.4 757.7 831.7 754.3 871.1 738.8 869.7
1 0.6 766.9 729.2 780.5 733.6 769.5 767.5 755.9 763.0
1 0.59 1335.0 489.6 1317.5 490.8 1314.8 452.1 1332.3 450.9
1 0.59 814.6 504.1 818.9 518.0 786.7 527.8 782.4 513.9
1 0.58 838.4 542.4 848.7 554.7 819.2 579.5 808.9 567.2
1 0.58 749.2 784.0 763.2 787.5 754.3 823.1 740.3 819.6
1 0.45 832.3 573.4 840.8 582.8 818.8 602.6 810.3 593.2
1 0.37 778.0 508.6 774.9 521.0 746.7 514.0 749.8 501.5
1 0.61 742.2 830.4 757.7 831.7 754.3 871.1 738.8 869.8
1 0.6 766.9 729.2 780.5 733.6 769.5 767.5 755.9 763.0
1 0.58 814.7 504.0 819.0 518.0 786.6 527.9 782.4 513.9
1 0.58 838.5 542.4 848.8 554.7 819.2 579.5 808.8 567.2
1 0.58 749.2 784.0 763.3 787.5 754.4 823.1 740.3 819.6
1 0.45 832.3 573.4 840.8 582.8 818.8 602.7 810.3 593.2
1 0.38 778.0 508.6 774.9 521.0 746.7 514.0 749.8 501.5
1 0.27 817.1 477.4 814.2 496.1 767.7 488.7 770.6 470.0
