1 0.64 1327.9 343.5 1310.3 345.0 1306.9 306.1 1324.5 304.6
1 0.6 1319.1 287.8 1302.7 288.7 1300.8 252.9 1317.2 252.0
1 0.6 832.6 418.4 843.5 429.7 816.0 456.3 805.1 445.0
1 0.59 809.1 380.0 814.3 394.9 780.3 406.6 775.2 391.7
1 0.47 768.8 609.6 782.8 613.6 773.0 647.6 759.1 643.6
1 0.45 770.9 387.4 767.9 399.6 739.8 392.6 742.8 380.4
1 0.39 827.1 449.4 836.2 458.2 816.0 479.1 806.9 470.3
1 0.32 1417.4 1007.0 1418.3 1017.3 1395.4 1019.3 1394.5 1009.0
1 0.62 748.5 712.5 763.8 713.3 761.8 751.7 746.5 750.9
1 0.62 832.6 418.4 843.5 429.7 816.0 456.3 805.1 445.0
1 0.6 768.7 609.8 782.5 613.8 772.8 647.7 759.0 643.7
1 0.6 808.6 379.5 814.3 394.3 780.8 407.1 775.1 392.4
1 0.57 332.1 557.4 322.3 568.6 295.7 545.5 305.5 534.2
1 0.56 753.2 665.6 767.3 668.6 759.8 703.8 745.7 700.8
1 0.47 770.9 387.4 767.9 399.6 739.7 392.6 742.8 380.4
1 0.45 382.1 623.4 368.1 632.1 349.4 602.2 363.4 593.4
1 0.42 827.1 449.4 836.3 458.2 816.1 479.1 806.9 470.3
1 0.64 1327.9 343.5 1310.2 345.1 1306.8 306.1 1324.5 304.6
1 0.59 1319.2 287.9 1302.6 288.7 1300.8 252.8 1317.3 252.0
1 0.62 748.5 712.4 763.8 713.2 761.8 751.8 746.5 751.0
1 0.6 768.7 609.9 782.5 613.8 772.8 647.7 759.0 643.7
1 0.57 753.2 665.8 767.2 668.8 759.7 703.8 745.8 700.9
1 0.5 931.7 1005.7 933.5 1022.2 896.7 1026.1 895.0 1009.5
1 0.46 827.3 449.8 836.5 458.6 816.4 479.4 807.2 470.6
1 0.62 748.5 712.4 763.8 713.2 761.8 751.8 746.5 751.0
1 0.6 768.7 609.9 782.5 613.8 772.8 647.7 759.0 643.7
1 0.57 753.2 665.7 767.2 668.7 759.7 703.8 745.8 700.9
1 0.57 332.2 557.4 322.4 568.7 295.7 545.5 305.5 534.2
1 0.47 827.3 449.7 836.5 458.6 816.4 479.5 807.2 470.6
1 0.42 382.0 623.5 368.1 632.2 349.3 602.1 363.2 593.4
1 0.62 748.5 712.5 763.8 713.3 761.8 751.7 746.5 750.9
1 0.61 832.6 418.5 843.5 429.7 816.0 456.3 805.1 445.0
1 0.6 768.7 609.8 782.5 613.7 772.8 647.7 759.0 643.7
1 0.59 808.6 379.5 814.3 394.3 780.8 407.1 775.1 392.4
1 0.56 753.2 665.6 767.3 668.6 759.8 703.9 745.7 700.9
1 0.46 770.9 387.4 767.8 399.6 739.7 392.6 742.8 380.4
1 0.4 827.1 449.4 836.2 458.2 816.1 479.1 807.0 470.3
1 0.63 1806.9 801.9 1803.3 816.3 1769.4 807.9 1773.0 793.4
1 0.6 1764.4 797.5 1764.4 812.6 1729.1 812.6 1729.1 797.5
1 0.46 1783.2 815.1 1782.9 829.1 1749.6 828.5 1749.8 814.6
1 0.36 1417.3 1007.0 1418.2 1017.3 1395.4 1019.3 1394.5 1009.0
1 0.62 748.5 712.4 763.8 713.2 761.8 751.8 746.5 751.0
1 0.6 768.7 609.9 782.5 613.8 772.8 647.7 759.0 643.7
1 0.56 753.2 665.7 767.2 668.7 759.8 703.9 745.7 700.9
1 0.49 931.8 1005.7 933.5 1022.2 896.8 1026.1 895.0 1009.5
1 0.45 827.3 449.7 836.5 458.6 816.4 479.5 807.2 470.6
1 0.63 1328.0 343.6 1310.2 345.1 1306.8 306.0 1324.5 304.5
1 0.62 1806.9 801.9 1803.3 816.3 1769.3 807.8 1772.9 793.4
1 0.6 1764.3 797.6 1764.3 812.6 1729.2 812.6 1729.2 797.6
1 0.59 1319.2 287.9 1302.6 288.8 1300.7 252.6 1317.3 251.8
1 0.49 1783.2 815.1 1782.9 828.9 1749.7 828.3 1749.9 814.5
1 0.63 196.8 265.1 192.0 279.2 159.1 267.9 164.0 253.8
1 0.61 231.6 421.3 219.8 432.0 195.6 405.1 207.4 394.5
1 0.56 332.1 557.4 322.3 568.6 295.7 545.5 305.5 534.2
1 0.51 204.8 313.4 190.6 318.8 178.9 288.3 193.1 282.9
1 0.43 382.2 623.4 368.1 632.2 349.4 602.2 363.5 593.4
1 0.34 192.7 245.5 182.8 258.6 156.4 238.7 166.3 225.6
1 0.63 149.9 170.8 144.6 186.3 107.6 173.6 113.0 158.0
1 0.63 196.9 265.1 192.0 279.2 159.1 267.9 164.0 253.7
1 0.63 191.7 246.9 181.4 258.8 153.7 234.7 164.0 222.8
1 0.61 231.6 421.3 219.8 432.0 195.6 405.1 207.4 394.5
1 0.57 332.1 557.4 322.4 568.6 295.7 545.5 305.5 534.2
1 0.5 204.8 313.4 190.7 318.8 178.9 288.3 193.1 282.9
1 0.48 51.9 95.2 39.1 99.3 30.5 73.1 43.4 68.9
1 0.46 382.6 623.7 368.3 632.6 349.3 602.2 363.6 593.3
1 0.44 175.0 209.2 168.4 224.8 135.0 210.6 141.6 195.0
1 0.64 1328.0 343.6 1310.2 345.1 1306.8 306.1 1324.6 304.6
1 0.61 832.6 418.4 843.5 429.7 816.0 456.3 805.1 445.0
1 0.59 808.6 379.5 814.3 394.3 780.8 407.1 775.1 392.4
1 0.59 1319.2 287.9 1302.6 288.7 1300.7 252.8 1317.3 251.9
1 0.49 768.9 609.6 782.7 613.6 773.0 647.3 759.2 643.4
1 0.45 771.0 387.4 767.9 399.7 739.8 392.6 742.8 380.4
1 0.38 827.1 449.4 836.2 458.2 816.0 479.2 806.9 470.3
1 0.56 332.2 557.4 322.4 568.7 295.7 545.5 305.5 534.2
1 0.42 382.1 623.5 368.1 632.3 349.3 602.1 363.3 593.4
1 0.64 1327.9 343.5 1310.3 345.1 1306.8 306.1 1324.5 304.5
1 0.6 1319.2 287.9 1302.6 288.7 1300.8 252.8 1317.3 251.9
1 0.64 1328.0 343.6 1310.2 345.2 1306.8 306.1 1324.6 304.5
1 0.62 748.5 712.5 763.8 713.3 761.7 751.7 746.5 750.9
1 0.61 832.6 418.5 843.5 429.7 816.0 456.3 805.1 445.0
1 0.6 768.7 609.8 782.5 613.8 772.8 647.6 759.0 643.7
1 0.6 808.6 379.5 814.3 394.3 780.8 407.1 775.2 392.4
1 0.59 1319.3 287.9 1302.5 288.8 1300.6 252.6 1317.4 251.8
1 0.56 753.2 665.7 767.2 668.7 759.8 703.8 745.7 700.8
1 0.46 770.9 387.4 767.8 399.6 739.8 392.6 742.8 380.4
1 0.39 827.1 449.4 836.2 458.2 816.1 479.1 807.0 470.3
1 0.63 1806.8 801.9 1803.2 816.3 1769.5 807.9 1773.0 793.5
1 0.6 1764.4 797.5 1764.4 812.6 1729.1 812.6 1729.1 797.5
1 0.47 1783.1 815.2 1782.9 829.0 1749.7 828.4 1749.9 814.6
1 0.36 1417.4 1007.0 1418.3 1017.2 1395.4 1019.2 1394.5 1009.0
1 0.64 1328.0 343.5 1310.2 345.1 1306.8 306.1 1324.5 304.5
1 0.62 1806.9 801.9 1803.3 816.3 1769.3 807.8 1772.9 793.4
1 0.6 1764.2 797.6 1764.2 812.6 1729.2 812.6 1729.2 797.6
1 0.59 1319.3 287.9 1302.5 288.8 1300.6 252.6 1317.4 251.8
1 0.49 1783.2 815.2 1782.9 828.9 1749.7 828.3 1750.0 814.6
1 0.64 1327.9 343.5 1310.2 345.0 1306.8 306.1 1324.5 304.6
1 0.59 1319.2 287.9 1302.6 288.7 1300.7 252.7 1317.4 251.8
1 0.61 832.6 418.4 843.6 429.7 816.0 456.3 805.1 445.0
1 0.6 808.6 379.5 814.3 394.3 780.8 407.1 775.1 392.4
1 0.57 332.2 557.4 322.4 568.6 295.7 545.5 305.5 534.2
1 0.48 768.9 609.6 782.7 613.6 773.0 647.4 759.2 643.4
1 0.47 771.0 387.4 767.9 399.7 739.7 392.6 742.8 380.3
1 0.45 382.5 623.7 368.3 632.6 349.3 602.2 363.5 593.3
1 0.41 827.1 449.3 836.3 458.2 816.0 479.2 806.9 470.3
