1 0.48 357.7 39.3 368.7 49.9 343.8 75.6 332.9 65.0
1 0.37 261.8 630.8 250.9 643.0 224.0 618.8 235.0 606.7
1 0.66 1296.1 723.4 1282.4 723.4 1282.4 691.0 1296.1 691.0
1 0.62 1302.2 772.4 1286.2 773.5 1283.8 738.6 1299.8 737.5
1 0.64 825.8 780.0 829.6 793.6 798.0 802.7 794.2 789.1
1 0.61 845.9 815.6 854.9 826.7 828.0 848.5 819.0 837.4
1 0.46 841.2 844.1 848.7 852.7 829.0 869.8 821.5 861.3
1 0.43 790.5 785.9 787.1 798.0 760.8 790.5 764.3 778.4
1 0.65 1296.1 723.8 1282.1 723.8 1282.1 691.0 1296.1 691.0
1 0.63 1302.3 772.4 1286.0 773.6 1283.6 738.6 1299.8 737.5
1 0.65 1296.0 723.7 1282.1 723.7 1282.1 691.0 1296.0 691.0
1 0.63 1302.3 772.4 1286.0 773.6 1283.6 738.6 1299.8 737.5
1 0.64 825.8 780.0 829.7 793.6 798.1 802.6 794.2 789.1
1 0.61 846.0 814.4 855.5 825.7 827.9 848.8 818.5 837.6
1 0.57 780.3 984.6 793.1 988.7 782.9 1020.1 770.1 1016.0
1 0.54 764.2 1034.0 777.4 1037.2 769.1 1070.8 755.9 1067.5
1 0.45 841.2 843.7 848.6 852.2 829.0 869.2 821.7 860.8
1 0.41 790.6 786.0 787.2 798.1 760.7 790.5 764.2 778.4
1 0.64 825.8 780.0 829.7 793.6 798.0 802.7 794.1 789.1
1 0.62 846.1 814.4 855.5 825.7 828.0 848.8 818.5 837.5
1 0.58 380.9 918.7 371.8 928.6 349.4 907.7 358.5 897.8
1 0.58 780.3 984.5 793.1 988.7 782.9 1020.1 770.1 1016.0
1 0.55 764.2 1033.9 777.5 1037.2 769.1 1070.8 755.8 1067.5
1 0.47 841.2 843.7 848.6 852.2 829.0 869.2 821.6 860.7
1 0.45 790.7 786.0 787.2 798.1 760.7 790.5 764.2 778.4
1 0.41 269.0 691.1 256.0 694.3 248.9 665.9 261.9 662.7
1 0.36 261.6 630.3 251.1 642.3 224.4 619.0 234.8 607.0
1 0.34 265.1 647.1 259.5 660.9 226.5 647.6 232.1 633.8
1 0.31 423.6 978.9 411.5 986.5 395.9 961.6 408.0 954.0
1 0.25 827.1 756.0 824.4 774.8 783.7 769.1 786.4 750.3
1 0.67 261.2 631.0 251.2 641.8 226.6 618.9 236.6 608.1
1 0.64 70.4 240.3 86.5 243.4 79.9 277.2 63.8 274.1
1 0.64 83.3 350.0 89.9 362.9 59.4 378.5 52.9 365.6
1 0.62 99.6 365.8 105.8 379.0 75.3 393.3 69.1 380.0
1 0.61 224.6 559.4 218.8 573.9 184.9 560.2 190.8 545.7
1 0.52 28.9 462.6 25.2 477.4 -9.5 468.8 -5.8 454.0
1 0.49 357.7 39.3 368.6 49.9 343.8 75.6 332.9 65.0
1 0.48 245.7 596.0 239.3 609.2 210.0 595.0 216.5 581.7
1 0.46 135.9 485.8 123.3 489.2 116.3 463.1 128.9 459.7
1 0.4 16.7 350.5 -0.9 353.6 -6.6 321.6 11.0 318.5
1 0.29 613.8 430.0 606.7 445.2 567.8 427.0 574.9 411.9
1 0.26 638.8 351.9 629.7 364.4 600.7 343.3 609.8 330.9
1 0.65 1296.1 723.8 1282.1 723.8 1282.1 691.0 1296.1 691.0
1 0.64 825.8 780.0 829.7 793.6 798.0 802.7 794.2 789.1
1 0.63 1302.3 772.5 1286.0 773.6 1283.6 738.6 1299.8 737.5
1 0.61 846.0 814.5 855.5 825.7 827.9 848.8 818.5 837.6
1 0.58 780.4 984.6 793.1 988.7 782.9 1020.1 770.2 1016.0
1 0.55 764.2 1034.0 777.4 1037.3 769.1 1070.8 755.9 1067.5
1 0.45 841.2 843.8 848.5 852.2 829.0 869.2 821.7 860.8
1 0.44 790.6 786.0 787.2 798.1 760.7 790.5 764.2 778.4
1 0.66 1296.1 723.5 1282.3 723.5 1282.3 691.1 1296.1 691.1
1 0.63 1302.2 772.2 1286.2 773.4 1283.8 738.6 1299.8 737.5
1 0.64 825.8 780.0 829.7 793.6 798.0 802.7 794.1 789.1
1 0.62 846.0 815.6 855.0 826.7 828.0 848.6 819.0 837.4
1 0.48 841.3 844.0 848.8 852.7 829.0 869.9 821.5 861.2
1 0.44 790.5 785.9 787.1 798.0 760.8 790.5 764.2 778.4
1 0.41 268.9 691.0 256.0 694.3 248.9 665.8 261.8 662.5
1 0.35 265.1 648.0 259.7 661.4 228.2 648.7 233.6 635.3
1 0.35 261.5 630.3 251.1 642.3 224.4 619.0 234.8 607.1
1 0.26 827.5 755.8 824.8 775.0 783.7 769.2 786.4 750.0
1 0.66 241.2 728.3 226.7 732.2 218.2 700.5 232.7 696.6
1 0.64 260.7 630.6 250.9 641.2 226.6 618.6 236.5 608.0
1 0.64 83.3 350.1 89.9 362.9 59.4 378.4 52.9 365.6
1 0.63 70.3 240.9 86.3 244.0 79.9 277.1 63.9 274.0
1 0.62 99.6 365.8 105.8 379.0 75.3 393.2 69.2 380.0
1 0.61 224.6 559.4 218.8 573.9 185.0 560.2 190.8 545.7
1 0.53 264.7 647.4 260.2 660.3 229.7 649.8 234.1 636.9
1 0.52 28.9 462.6 25.2 477.4 -9.5 468.8 -5.8 454.0
1 0.49 245.7 596.0 239.2 609.2 210.0 595.0 216.5 581.7
1 0.45 135.9 485.8 123.3 489.2 116.3 463.1 128.9 459.7
1 0.41 269.4 690.7 256.6 694.4 248.4 666.1 261.3 662.4
1 0.4 16.7 350.5 -0.9 353.6 -6.6 321.6 11.0 318.5
1 0.33 613.8 430.0 606.8 445.2 567.8 427.1 574.9 411.9
1 0.28 638.8 351.9 629.7 364.4 600.7 343.3 609.7 330.8
1 0.65 241.4 728.1 225.9 732.0 218.0 700.4 233.5 696.5
1 0.64 261.2 630.0 251.0 641.0 226.4 618.0 236.6 607.1
1 0.61 224.6 559.4 218.7 573.9 184.9 560.2 190.7 545.8
1 0.57 381.0 918.7 371.8 928.6 349.4 907.7 358.5 897.8
1 0.52 264.7 647.3 260.2 660.3 229.6 649.8 234.1 636.8
1 0.49 245.8 596.0 239.3 609.4 210.0 595.1 216.5 581.7
1 0.49 28.8 462.7 25.1 477.5 -9.9 468.8 -6.2 453.9
1 0.42 269.2 691.0 256.3 694.4 248.7 666.1 261.6 662.6
1 0.41 136.0 485.7 123.3 489.1 116.2 463.0 129.0 459.5
1 0.3 423.7 979.0 411.6 986.6 395.9 961.6 408.1 954.0
1 0.64 1296.2 723.8 1282.1 723.8 1282.1 690.9 1296.2 690.9
1 0.64 825.8 780.0 829.7 793.6 798.0 802.7 794.1 789.1
1 0.62 1302.3 772.6 1286.1 773.7 1283.6 738.6 1299.9 737.4
1 0.61 845.9 815.6 854.9 826.7 827.9 848.5 819.0 837.5
1 0.46 841.2 844.1 848.7 852.7 829.0 869.8 821.5 861.2
1 0.45 790.5 785.9 787.0 798.0 760.7 790.5 764.2 778.4
1 0.65 1296.1 723.7 1282.1 723.7 1282.1 690.9 1296.1 690.9
1 0.62 1302.3 772.6 1286.1 773.7 1283.6 738.6 1299.9 737.4
1 0.64 1296.2 723.8 1282.1 723.8 1282.1 690.9 1296.2 690.9
1 0.62 1302.3 772.6 1286.1 773.7 1283.6 738.5 1299.9 737.4
