1 0.65 356.9 746.7 352.4 760.0 321.3 749.3 325.8 736.0
1 0.61 314.4 659.4 308.7 673.7 275.8 660.4 281.6 646.1
1 0.61 352.0 730.0 342.7 740.7 317.7 719.0 327.1 708.2
1 0.41 362.1 791.3 348.4 795.5 339.6 766.9 353.3 762.7
1 0.35 336.6 696.3 329.7 710.4 300.7 696.3 307.5 682.2
1 0.28 1241.6 593.0 1253.1 593.8 1251.6 615.9 1240.0 615.1
1 0.61 1371.8 789.8 1386.7 790.8 1384.3 824.1 1369.5 823.1
1 0.58 1391.1 871.8 1374.4 872.9 1372.0 837.5 1388.6 836.4
1 0.65 357.0 746.7 352.4 760.0 321.3 749.3 325.8 736.0
1 0.63 234.8 632.9 224.0 643.0 201.6 619.0 212.5 608.9
1 0.63 68.8 445.9 56.7 455.7 34.5 428.4 46.6 418.6
1 0.62 157.8 340.0 173.9 343.1 167.3 377.0 151.3 373.8
1 0.62 117.1 562.2 113.4 577.2 80.3 569.0 84.1 554.0
1 0.61 314.5 659.4 308.7 673.7 275.8 660.4 281.6 646.1
1 0.61 352.1 730.0 342.7 740.7 317.7 719.0 327.1 708.3
1 0.6 31.5 478.6 19.4 487.4 0.3 461.0 12.4 452.2
1 0.58 103.7 451.2 89.1 453.5 84.2 422.2 98.8 419.9
1 0.5 172.5 449.9 179.6 463.4 148.3 480.0 141.2 466.6
1 0.49 224.9 586.4 212.4 589.5 205.7 562.5 218.1 559.4
1 0.48 186.7 465.6 193.2 478.4 163.7 493.4 157.2 480.7
1 0.41 361.2 791.6 347.7 795.2 340.0 766.2 353.4 762.6
1 0.34 33.8 449.2 19.4 451.5 15.0 423.5 29.4 421.2
1 0.33 337.0 696.1 329.8 710.7 300.5 696.4 307.6 681.8
1 0.61 1371.8 789.8 1386.6 790.9 1384.3 824.1 1369.5 823.1
1 0.57 1391.1 871.7 1374.5 872.9 1372.0 837.5 1388.6 836.4
1 0.26 1253.0 615.2 1241.3 615.8 1240.2 593.6 1251.8 593.0
1 0.61 1371.8 789.8 1386.6 790.8 1384.3 824.0 1369.5 823.0
1 0.57 1391.1 871.7 1374.5 872.9 1372.0 837.5 1388.6 836.3
1 0.29 1253.0 615.5 1241.6 616.1 1240.4 593.4 1251.8 592.8
1 0.54 447.4 139.5 458.0 150.5 432.1 175.4 421.5 164.4
1 0.61 1371.8 789.8 1386.6 790.8 1384.3 824.0 1369.5 823.0
1 0.58 1391.1 871.7 1374.5 872.9 1372.0 837.4 1388.6 836.3
1 0.64 356.9 746.7 352.3 760.0 321.1 749.3 325.7 736.0
1 0.62 351.8 730.6 341.7 741.4 317.5 718.8 327.5 708.0
1 0.61 314.4 659.4 308.7 673.7 275.8 660.4 281.6 646.1
1 0.51 472.3 1016.7 463.1 1026.6 441.6 1006.5 450.8 996.7
1 0.41 884.2 885.0 880.1 897.7 851.1 888.3 855.2 875.6
1 0.39 514.5 1073.8 502.5 1081.3 487.8 1057.8 499.8 1050.4
1 0.35 362.0 791.3 348.3 795.4 339.6 766.9 353.3 762.7
1 0.34 336.8 695.3 329.8 709.7 300.4 695.4 307.4 681.0
1 0.63 68.7 445.9 56.7 455.7 34.6 428.4 46.6 418.6
1 0.63 235.3 633.3 224.3 643.5 201.7 619.2 212.6 609.0
1 0.62 157.8 340.0 173.9 343.1 167.3 377.0 151.3 373.8
1 0.62 117.1 562.2 113.4 577.2 80.4 569.0 84.1 554.0
1 0.6 31.5 478.6 19.4 487.4 0.3 461.0 12.4 452.2
1 0.58 103.7 451.2 89.1 453.5 84.2 422.2 98.7 419.9
1 0.53 447.4 139.4 458.0 150.4 432.2 175.4 421.5 164.4
1 0.5 172.5 449.9 179.6 463.4 148.3 480.0 141.2 466.6
1 0.49 224.8 586.4 212.4 589.4 205.7 562.5 218.1 559.4
1 0.49 186.7 465.7 193.2 478.4 163.7 493.4 157.2 480.7
1 0.36 33.8 449.2 19.5 451.5 15.0 423.5 29.4 421.2
1 0.64 356.9 746.7 352.3 760.0 321.1 749.3 325.7 736.0
1 0.62 234.8 632.9 224.0 643.0 201.5 618.9 212.3 608.8
1 0.62 31.6 477.8 19.9 486.9 0.2 461.7 11.9 452.6
1 0.61 314.5 659.4 308.7 673.7 275.8 660.4 281.6 646.1
1 0.61 117.2 562.2 113.4 577.3 80.3 569.1 84.0 554.0
1 0.61 352.1 730.0 342.7 740.7 317.8 719.1 327.2 708.3
1 0.5 472.3 1016.7 463.1 1026.6 441.6 1006.5 450.8 996.6
1 0.5 172.4 449.9 179.6 463.4 148.3 480.0 141.1 466.6
1 0.49 186.9 465.3 193.5 478.8 163.5 493.4 157.0 479.9
1 0.48 224.8 586.5 212.4 589.6 205.7 562.6 218.1 559.5
1 0.38 514.6 1073.9 502.6 1081.4 487.8 1057.9 499.8 1050.4
1 0.34 362.1 791.3 348.3 795.5 339.6 766.9 353.4 762.6
1 0.34 336.8 695.3 329.8 709.7 300.4 695.4 307.4 681.0
1 0.31 50.3 447.8 53.7 460.4 27.1 467.6 23.7 454.9
1 0.61 1371.8 789.8 1386.6 790.8 1384.3 824.0 1369.5 823.0
1 0.58 1391.1 871.7 1374.5 872.9 1372.0 837.5 1388.6 836.3
1 0.61 1371.8 789.8 1386.7 790.9 1384.3 824.2 1369.5 823.1
1 0.58 1391.1 871.7 1374.5 872.9 1372.0 837.6 1388.6 836.4
1 0.63 916.3 878.3 920.5 892.1 889.1 901.7 884.8 887.9
1 0.58 936.7 913.0 946.2 924.3 919.1 947.1 909.6 935.7
1 0.48 882.1 884.5 878.1 896.8 851.2 888.0 855.2 875.7
1 0.36 931.7 941.7 939.7 950.9 920.4 967.8 912.4 958.5
1 0.63 916.3 878.3 920.5 892.1 889.1 901.7 884.9 887.9
1 0.58 936.6 913.0 946.2 924.3 919.1 947.1 909.6 935.7
1 0.48 882.1 884.5 878.1 896.7 851.2 888.0 855.2 875.8
1 0.39 514.6 1073.8 502.5 1081.3 487.9 1057.8 499.9 1050.3
1 0.38 931.7 941.8 939.7 950.9 920.4 967.7 912.4 958.6
