1 0.65 380.4 544.4 395.6 547.3 389.1 580.6 373.9 577.7
1 0.62 1604.8 1070.9 1588.6 1071.7 1586.8 1037.0 1603.0 1036.1
1 0.54 1586.9 990.8 1602.2 992.2 1599.2 1025.9 1583.9 1024.6
1 0.61 1604.8 1070.9 1588.6 1071.7 1586.8 1037.0 1603.0 1036.1
1 0.54 1586.9 990.9 1602.1 992.2 1599.2 1025.9 1583.9 1024.5
1 0.64 578.1 946.7 573.4 960.1 542.9 949.6 547.5 936.1
1 0.62 574.4 930.3 564.7 941.4 539.8 919.8 549.5 908.7
1 0.61 536.3 859.3 531.2 874.2 498.4 862.9 503.5 848.0
1 0.48 558.5 897.5 552.1 910.7 523.3 896.7 529.8 883.5
1 0.46 583.1 990.5 570.3 994.6 561.2 966.5 574.0 962.3
1 0.65 380.3 544.4 395.6 547.3 389.1 580.7 373.9 577.7
1 0.64 393.6 652.5 400.6 666.2 368.7 682.5 361.7 668.8
1 0.64 249.8 680.1 238.3 688.5 219.9 663.2 231.4 654.8
1 0.64 353.7 748.9 347.1 762.5 317.1 747.9 323.7 734.3
1 0.62 286.8 647.6 274.9 657.0 254.1 630.4 266.0 621.0
1 0.6 409.5 669.7 415.6 682.8 385.2 697.0 379.1 683.8
1 0.6 536.3 859.3 531.2 874.2 498.3 862.9 503.4 848.0
1 0.59 76.9 750.1 86.4 759.6 64.9 781.1 55.4 771.6
1 0.56 323.5 653.6 309.3 655.3 305.5 624.6 319.7 622.9
1 0.54 447.4 789.6 435.2 792.8 427.7 764.8 439.9 761.5
1 0.54 41.8 776.3 53.4 788.7 21.1 818.8 9.6 806.4
1 0.47 233.1 687.5 222.0 696.8 201.5 672.5 212.7 663.2
1 0.46 337.2 765.4 333.4 780.5 300.4 772.3 304.2 757.1
1 0.45 254.5 651.9 240.1 654.7 234.7 626.6 249.0 623.8
1 0.34 269.8 651.4 272.9 663.0 247.6 669.8 244.5 658.2
1 0.58 1587.4 991.4 1602.4 992.4 1600.1 1025.4 1585.1 1024.4
1 0.47 1588.4 1036.5 1604.2 1037.1 1603.0 1072.0 1587.1 1071.5
1 0.65 380.4 544.5 395.6 547.4 389.1 580.6 373.9 577.7
1 0.56 41.8 776.4 53.2 788.6 21.1 818.5 9.7 806.3
1 0.39 254.7 652.2 240.1 655.0 234.6 626.6 249.1 623.7
1 0.44 558.6 897.5 552.1 910.8 523.3 896.7 529.8 883.5
1 0.45 583.2 990.4 570.3 994.6 561.1 966.4 574.0 962.2
1 0.46 233.1 687.4 221.9 696.8 201.7 672.6 212.8 663.3
1 0.48 337.2 765.4 333.5 780.6 300.5 772.4 304.3 757.2
1 0.53 447.3 788.9 435.2 792.1 427.8 764.5 439.9 761.3
1 0.55 324.3 653.9 309.9 656.2 305.0 625.1 319.4 622.8
1 0.58 76.9 750.0 86.5 759.6 64.9 781.1 55.4 771.5
1 0.65 353.7 748.9 347.1 762.5 317.1 747.9 323.8 734.3
1 0.59 409.6 669.7 415.7 682.8 385.4 696.9 379.3 683.8
1 0.6 536.3 859.3 531.2 874.2 498.4 862.9 503.5 848.0
1 0.61 287.0 647.8 275.0 657.1 254.0 630.3 266.0 620.9
1 0.62 574.4 930.3 564.7 941.5 539.8 919.8 549.5 908.7
1 0.64 249.9 680.2 238.4 688.6 219.7 662.9 231.2 654.5
1 0.64 578.1 946.7 573.5 960.1 542.9 949.6 547.5 936.1
1 0.64 393.7 652.4 400.8 666.2 368.7 682.5 361.7 668.7
1 0.37 269.7 651.3 272.9 663.1 247.5 669.9 244.3 658.1
1 0.65 380.3 544.4 395.6 547.3 389.1 580.7 373.9 577.7
1 0.64 393.6 652.5 400.6 666.2 368.7 682.5 361.7 668.8
1 0.64 353.7 748.9 347.1 762.5 317.1 747.9 323.7 734.3
1 0.62 286.9 647.7 274.9 657.1 254.0 630.3 266.0 621.0
1 0.6 536.3 859.4 531.2 874.2 498.3 862.9 503.4 848.0
1 0.6 409.5 669.7 415.7 682.8 385.2 697.0 379.1 683.8
1 0.56 323.5 653.6 309.2 655.4 305.5 624.6 319.7 622.8
1 0.56 673.4 346.8 683.1 356.9 656.9 382.2 647.2 372.1
1 0.55 447.4 789.6 435.2 792.8 427.7 764.8 439.9 761.5
1 0.47 337.2 765.4 333.4 780.5 300.4 772.3 304.2 757.1
1 0.41 270.0 651.3 273.2 663.0 247.4 670.0 244.2 658.2
1 0.28 254.8 652.4 237.9 655.1 233.1 624.9 250.0 622.2
1 0.54 673.4 346.8 683.1 356.9 656.9 382.2 647.2 372.1
1 0.65 380.4 544.5 395.6 547.4 389.1 580.7 373.9 577.7
1 0.65 353.7 749.0 347.1 762.5 317.1 747.9 323.8 734.3
1 0.65 393.8 652.3 400.8 666.2 368.7 682.5 361.7 668.7
1 0.64 578.1 946.7 573.5 960.1 542.9 949.6 547.5 936.1
1 0.62 574.4 930.3 564.7 941.5 539.8 919.8 549.5 908.7
1 0.61 287.0 647.8 275.0 657.2 253.9 630.3 266.0 620.9
1 0.6 536.3 859.3 531.2 874.2 498.4 862.9 503.5 848.0
1 0.59 409.6 669.7 415.7 682.8 385.4 696.9 379.3 683.8
1 0.57 324.3 654.0 310.0 656.2 305.0 625.1 319.4 622.8
1 0.53 447.3 788.9 435.2 792.1 427.8 764.5 439.9 761.2
1 0.49 337.0 765.7 333.3 780.3 300.7 772.2 304.4 757.6
1 0.43 558.6 897.5 552.1 910.8 523.3 896.7 529.8 883.4
1 0.43 269.8 651.2 273.0 663.1 247.3 670.0 244.1 658.1
1 0.42 583.1 990.4 570.3 994.6 561.1 966.4 574.0 962.2
1 0.29 254.8 652.7 238.0 655.3 233.2 624.8 249.9 622.2
1 0.59 536.3 859.3 531.2 874.2 498.3 862.9 503.4 848.0
1 0.55 673.4 346.8 683.1 356.9 656.9 382.2 647.2 372.1
1 0.64 380.4 544.4 395.6 547.3 389.1 580.6 373.9 577.7
1 0.55 673.4 346.8 683.1 356.9 656.9 382.2 647.2 372.1
1 0.26 284.8 645.9 272.0 655.6 252.9 630.2 265.7 620.5
