1 0.6 280.4 436.1 285.2 450.3 251.1 462.0 246.3 447.9
1 0.51 1383.4 975.3 1391.9 986.1 1365.2 1007.0 1356.7 996.1
1 0.27 1461.8 399.9 1458.0 411.6 1430.8 402.8 1434.6 391.1
1 0.65 233.8 453.3 238.8 467.0 207.4 478.5 202.4 464.7
1 0.6 280.3 436.2 285.1 450.2 251.3 461.9 246.5 447.8
1 0.53 161.8 480.3 167.2 492.4 139.9 504.6 134.6 492.5
1 0.52 31.5 541.3 36.6 554.6 3.1 567.4 -2.0 554.1
1 0.43 119.7 497.0 126.5 510.9 87.7 529.8 80.9 515.9
1 0.67 371.2 407.5 375.0 421.5 341.7 430.4 338.0 416.4
1 0.62 280.4 436.4 285.2 450.4 251.4 462.1 246.5 448.0
1 0.54 472.1 381.5 476.2 395.1 444.5 404.8 440.4 391.2
1 0.45 409.2 398.2 413.4 411.8 381.4 421.6 377.2 407.9
1 0.51 1383.4 975.3 1391.9 986.1 1365.2 1007.0 1356.8 996.2
1 0.67 371.2 407.5 375.0 421.4 341.8 430.3 338.0 416.4
1 0.65 233.8 453.3 238.7 467.0 207.5 478.4 202.5 464.7
1 0.61 280.3 436.4 285.1 450.4 251.5 462.0 246.7 448.0
1 0.54 472.1 381.5 476.2 395.1 444.5 404.8 440.4 391.2
1 0.52 31.4 541.3 36.5 554.6 3.1 567.4 -2.0 554.1
1 0.49 161.7 480.4 167.0 492.4 139.8 504.6 134.4 492.5
1 0.45 409.2 398.2 413.4 411.8 381.4 421.6 377.2 408.0
1 0.44 119.8 496.9 126.6 510.9 87.8 529.8 81.0 515.8
1 0.52 1383.4 975.3 1391.8 986.1 1365.2 1006.9 1356.8 996.2
1 0.64 1545.9 188.2 1551.1 201.9 1518.0 214.6 1512.8 200.9
1 0.59 1634.7 149.6 1641.0 162.0 1612.6 176.5 1606.2 164.1
1 0.57 1918.5 16.0 1923.9 29.9 1890.2 42.8 1884.8 29.0
1 0.54 1495.8 207.9 1500.0 219.0 1471.8 229.9 1467.6 218.8
1 0.54 1788.5 105.3 1794.4 118.5 1763.4 132.3 1757.5 119.1
1 0.52 1844.3 55.0 1850.5 67.8 1818.9 83.2 1812.6 70.4
1 0.51 1802.6 73.6 1809.0 86.6 1778.0 101.7 1771.6 88.7
1 0.27 1461.8 399.9 1458.0 411.6 1430.9 402.8 1434.7 391.1
1 0.67 371.2 407.5 375.0 421.4 341.7 430.3 338.0 416.4
1 0.62 280.4 436.4 285.2 450.4 251.4 462.1 246.5 448.0
1 0.54 472.1 381.5 476.2 395.1 444.5 404.8 440.4 391.2
1 0.46 409.3 398.1 413.4 411.8 381.4 421.6 377.2 407.9
1 0.63 1545.9 188.1 1551.2 201.9 1518.0 214.6 1512.8 200.9
1 0.58 1634.7 149.6 1641.0 162.0 1612.6 176.6 1606.2 164.1
1 0.55 1788.4 105.3 1794.3 118.5 1763.4 132.3 1757.5 119.1
1 0.54 1495.8 207.9 1500.0 219.0 1471.8 229.9 1467.6 218.8
1 0.52 1802.6 73.7 1808.9 86.6 1778.0 101.7 1771.7 88.7
1 0.45 1842.9 56.2 1848.8 68.9 1817.9 83.3 1812.0 70.6
1 0.29 1461.9 399.9 1458.1 411.6 1430.9 402.8 1434.7 391.1
1 0.64 1545.9 188.2 1551.2 201.8 1518.1 214.5 1512.8 200.9
1 0.54 1495.8 208.0 1500.0 219.0 1471.9 229.8 1467.6 218.8
1 0.3 1461.8 399.9 1458.0 411.6 1430.9 402.8 1434.7 391.1
1 0.67 371.2 407.5 375.0 421.5 341.7 430.4 338.0 416.4
1 0.65 233.8 453.3 238.8 467.0 207.5 478.4 202.5 464.7
1 0.61 280.3 436.4 285.1 450.4 251.5 462.0 246.7 448.0
1 0.54 472.1 381.5 476.3 395.1 444.5 404.8 440.4 391.2
1 0.5 31.5 541.3 36.6 554.6 3.1 567.5 -2.1 554.1
1 0.49 161.6 480.4 167.0 492.4 139.8 504.5 134.4 492.5
1 0.46 409.2 398.2 413.4 411.8 381.4 421.6 377.2 407.9
1 0.43 119.8 496.9 126.6 510.9 87.8 529.8 81.0 515.8
