1 0.5 1088.7 660.6 1097.9 670.8 1070.6 695.4 1061.5 685.2
1 0.52 1088.7 660.6 1098.0 670.8 1070.6 695.4 1061.4 685.1
1 0.32 796.5 853.0 811.8 857.4 801.3 894.0 786.0 889.6
1 0.66 806.1 958.7 813.2 972.1 782.5 988.3 775.4 975.0
1 0.6 822.0 976.2 827.8 988.8 798.2 1002.6 792.3 990.0
1 0.57 795.3 852.5 810.4 855.7 803.4 888.7 788.3 885.5
1 0.56 736.4 960.6 721.8 962.2 718.6 931.3 733.1 929.8
1 0.52 1088.7 660.5 1098.0 670.8 1070.7 695.4 1061.4 685.2
1 0.52 1088.7 660.6 1098.0 670.8 1070.7 695.4 1061.4 685.1
1 0.32 796.5 853.0 811.8 857.4 801.3 894.0 786.0 889.6
1 0.66 806.0 958.7 813.2 972.1 782.6 988.4 775.5 975.0
1 0.61 700.7 954.2 688.6 963.6 667.4 936.4 679.4 927.0
1 0.6 821.9 976.1 827.8 988.8 798.2 1002.6 792.3 989.9
1 0.59 663.1 986.0 651.4 995.2 631.3 969.4 643.0 960.3
1 0.57 795.3 852.6 810.4 855.8 803.4 888.7 788.3 885.5
1 0.54 748.3 1066.9 745.4 1081.9 714.3 1075.9 717.2 1060.9
1 0.53 624.8 1003.6 616.5 1016.0 589.4 997.7 597.7 985.4
1 0.53 736.2 960.9 721.3 962.2 718.6 931.0 733.5 929.7
1 0.53 645.1 992.0 634.3 1002.0 612.8 979.0 623.6 968.9
1 0.36 486.8 1054.4 495.9 1063.8 473.8 1085.1 464.7 1075.7
1 0.35 668.5 961.5 653.6 964.2 647.9 931.7 662.8 929.0
1 0.51 1088.7 660.6 1098.0 670.8 1070.7 695.4 1061.4 685.1
1 0.66 806.1 959.5 812.7 972.5 782.3 988.0 775.6 975.0
1 0.62 700.7 954.2 688.6 963.6 667.4 936.4 679.4 927.0
1 0.61 821.9 976.2 827.8 988.8 798.2 1002.6 792.3 990.0
1 0.6 663.1 986.0 651.4 995.1 631.3 969.4 643.0 960.3
1 0.57 795.3 852.6 810.4 855.8 803.4 888.6 788.4 885.4
1 0.55 748.3 1066.9 745.4 1081.9 714.3 1075.9 717.2 1060.9
1 0.54 645.0 992.0 634.4 1002.0 612.9 979.0 623.6 969.0
1 0.53 624.8 1003.6 616.5 1015.9 589.5 997.7 597.7 985.4
1 0.53 736.2 960.9 721.3 962.2 718.6 931.0 733.5 929.7
1 0.52 1088.1 660.2 1097.7 670.2 1071.3 695.7 1061.7 685.8
1 0.37 668.5 961.5 653.6 964.1 647.9 931.7 662.8 929.1
1 0.64 67.5 79.3 70.8 94.7 36.1 102.1 32.8 86.6
1 0.52 105.6 69.8 109.6 84.8 75.8 93.8 71.8 78.9
1 0.5 168.1 51.9 172.7 68.0 139.4 77.6 134.8 61.5
1 0.32 796.5 853.0 811.7 857.4 801.3 893.9 786.0 889.5
1 0.51 624.8 1003.7 616.5 1015.9 589.5 997.6 597.7 985.4
1 0.34 645.9 992.0 634.9 1002.3 613.1 979.0 624.2 968.7
1 0.33 486.8 1054.4 495.9 1063.8 473.8 1085.1 464.7 1075.7
