1 0.53 612.3 565.7 613.0 579.0 579.5 580.7 578.8 567.5
1 0.45 728.1 463.3 730.6 478.8 694.2 484.6 691.7 469.0
1 0.5 612.3 565.7 613.0 579.1 579.4 580.9 578.7 567.5
1 0.43 728.1 463.4 730.6 478.8 694.2 484.6 691.8 469.2
1 0.64 1838.8 507.7 1823.3 512.7 1812.9 480.8 1828.4 475.8
1 0.53 1683.4 509.0 1675.3 521.1 1646.5 501.7 1654.7 489.6
1 0.51 854.1 109.6 839.5 111.9 834.1 77.6 848.7 75.3
1 0.5 612.3 565.7 613.0 579.1 579.4 580.9 578.7 567.5
1 0.48 906.3 140.5 889.9 143.1 884.9 111.1 901.3 108.5
1 0.43 728.1 463.4 730.6 478.8 694.3 484.6 691.8 469.2
1 0.51 854.1 109.6 839.5 111.9 834.1 77.6 848.7 75.3
1 0.51 612.3 565.7 613.0 579.1 579.4 580.9 578.7 567.5
1 0.43 728.2 463.4 730.6 478.8 694.3 484.6 691.8 469.1
1 0.41 382.8 608.7 384.2 624.5 342.7 628.1 341.3 612.3
1 0.32 322.7 611.5 325.0 625.5 288.2 631.3 286.0 617.3
1 0.61 331.2 895.6 335.8 910.0 299.1 921.9 294.4 907.6
1 0.55 404.2 1044.6 406.2 1060.1 369.1 1064.6 367.2 1049.1
1 0.36 382.6 608.6 384.0 624.3 343.0 627.9 341.6 612.2
1 0.39 351.5 716.7 353.1 727.7 326.1 731.5 324.5 720.5
1 0.45 154.5 962.4 137.4 963.3 135.5 928.0 152.7 927.1
1 0.45 135.5 870.5 154.4 871.8 151.3 916.4 132.4 915.1
1 0.52 403.7 895.9 405.6 911.4 367.7 916.1 365.8 900.6
1 0.54 612.3 565.7 613.0 579.0 579.5 580.7 578.8 567.5
1 0.55 145.1 812.0 161.8 814.3 156.9 849.4 140.2 847.1
1 0.6 296.8 956.4 297.9 972.5 257.8 975.3 256.7 959.2
1 0.58 149.8 764.7 167.9 766.3 164.6 804.9 146.4 803.3
1 0.58 356.3 1044.5 359.3 1059.7 321.7 1067.0 318.7 1051.8
1 0.58 275.9 907.2 277.5 922.6 241.8 926.4 240.2 910.9
1 0.59 136.2 630.3 136.7 645.6 98.6 646.9 98.0 631.6
1 0.59 270.4 1049.4 272.2 1065.8 233.7 1069.8 232.0 1053.5
1 0.59 156.8 596.1 157.8 610.8 121.1 613.4 120.1 598.7
1 0.26 322.8 611.4 325.0 625.7 288.8 631.4 286.5 617.2
1 0.65 1903.9 378.2 1888.9 384.2 1876.5 353.6 1891.5 347.6
1 0.65 1909.7 594.5 1893.7 600.0 1882.4 567.2 1898.4 561.7
1 0.64 1789.2 371.5 1773.6 376.6 1762.6 342.7 1778.2 337.6
1 0.64 1910.6 335.3 1897.0 340.8 1885.1 311.6 1898.8 306.1
1 0.64 1838.6 507.5 1823.2 512.5 1812.9 480.8 1828.3 475.8
1 0.61 1851.8 619.8 1835.5 625.0 1824.8 592.0 1841.1 586.7
1 0.58 1735.7 45.2 1723.2 50.2 1713.3 25.9 1725.8 20.8
1 0.52 1683.5 509.0 1675.3 521.2 1646.5 501.7 1654.7 489.6
1 0.48 1710.6 60.5 1696.3 65.4 1685.8 34.8 1700.0 29.9
1 0.43 1699.9 90.5 1686.7 94.8 1677.2 65.8 1690.5 61.5
1 0.41 1803.8 178.5 1792.7 182.5 1783.1 156.2 1794.2 152.1
1 0.39 1927.0 505.4 1913.2 510.1 1903.3 481.2 1917.1 476.5
1 0.6 156.8 596.1 157.8 610.8 121.2 613.4 120.2 598.7
1 0.52 612.3 565.8 613.0 579.1 579.4 580.8 578.7 567.5
1 0.41 382.8 608.7 384.1 624.5 342.7 628.1 341.3 612.3
1 0.33 322.7 611.6 324.9 625.5 288.3 631.3 286.1 617.4
1 0.64 1789.2 371.5 1773.5 376.6 1762.5 342.7 1778.2 337.6
1 0.64 1838.8 507.6 1823.2 512.7 1812.8 480.8 1828.4 475.7
1 0.59 1735.7 45.2 1723.2 50.2 1713.4 25.9 1725.8 20.9
1 0.52 1683.5 509.0 1675.3 521.2 1646.5 501.8 1654.7 489.6
1 0.49 1710.5 60.5 1696.4 65.4 1685.8 34.8 1700.0 29.9
1 0.44 1699.9 90.5 1686.7 94.8 1677.2 65.8 1690.5 61.5
1 0.43 1803.8 178.5 1792.7 182.5 1783.2 156.2 1794.2 152.2
1 0.58 136.2 630.3 136.8 645.6 98.5 646.9 98.0 631.6
1 0.58 156.9 596.0 157.9 610.9 121.1 613.5 120.1 598.6
1 0.58 149.8 764.5 168.0 766.1 164.6 804.9 146.4 803.3
1 0.55 145.1 811.9 161.8 814.2 156.9 849.3 140.2 847.0
1 0.52 612.3 565.7 613.0 579.1 579.4 580.9 578.7 567.5
1 0.37 382.7 608.6 384.1 624.4 342.7 628.0 341.4 612.2
1 0.36 351.5 716.7 353.1 727.6 326.1 731.4 324.6 720.4
1 0.52 854.1 109.6 839.5 111.9 834.1 77.6 848.7 75.3
1 0.48 906.3 140.5 889.9 143.1 884.9 111.1 901.3 108.5
1 0.5 612.3 565.7 613.0 579.1 579.4 580.9 578.7 567.5
1 0.43 728.1 463.4 730.6 478.8 694.2 484.6 691.8 469.2
1 0.37 351.5 716.7 353.0 727.6 326.2 731.4 324.6 720.5
1 0.36 382.7 608.6 384.1 624.4 342.7 628.0 341.3 612.2
1 0.27 322.7 611.5 324.9 625.5 288.8 631.2 286.5 617.3
1 0.64 1789.2 371.5 1773.5 376.6 1762.5 342.7 1778.2 337.6
1 0.64 1838.8 507.7 1823.2 512.7 1812.8 480.8 1828.4 475.7
1 0.52 1683.5 509.0 1675.3 521.2 1646.5 501.8 1654.7 489.6
1 0.65 1903.9 378.2 1888.9 384.2 1876.5 353.6 1891.5 347.6
1 0.65 1909.6 594.4 1893.6 600.0 1882.4 567.2 1898.4 561.7
1 0.64 1910.6 335.3 1897.0 340.8 1885.2 311.6 1898.7 306.1
1 0.64 1789.2 371.5 1773.6 376.6 1762.5 342.7 1778.2 337.6
1 0.63 1838.6 507.5 1823.2 512.5 1812.9 480.8 1828.3 475.8
1 0.61 1851.8 619.7 1835.5 625.0 1824.8 592.0 1841.1 586.7
1 0.52 1683.5 509.0 1675.3 521.2 1646.5 501.8 1654.7 489.6
1 0.39 1926.9 505.3 1913.2 510.1 1903.3 481.3 1917.0 476.5
1 0.36 1929.6 711.3 1914.4 715.9 1903.7 680.8 1918.8 676.2
1 0.26 1819.3 689.0 1805.6 694.5 1792.3 661.7 1806.0 656.2
1 0.61 296.6 956.1 298.0 972.1 258.0 975.6 256.6 959.6
1 0.61 331.1 895.7 335.8 910.0 299.1 921.9 294.5 907.6
1 0.58 356.3 1044.5 359.3 1059.7 321.7 1067.0 318.8 1051.8
1 0.58 275.8 907.2 277.4 922.5 241.9 926.2 240.3 910.9
1 0.55 404.2 1044.6 406.1 1060.1 369.1 1064.6 367.2 1049.1
1 0.53 612.3 565.8 613.0 579.0 579.5 580.7 578.8 567.5
1 0.52 403.6 896.0 405.5 911.4 367.7 916.1 365.8 900.6
1 0.48 270.4 1049.2 271.8 1065.5 232.0 1069.0 230.6 1052.7
1 0.44 728.1 463.3 730.6 478.8 694.2 484.6 691.7 469.0
1 0.4 351.4 716.7 353.0 727.7 326.1 731.5 324.6 720.5
1 0.36 382.6 609.1 383.7 624.1 342.6 627.0 341.5 612.0
1 0.3 322.5 611.6 324.7 625.4 288.7 631.1 286.5 617.3
1 0.65 1909.6 594.3 1893.6 599.8 1882.3 567.2 1898.3 561.6
1 0.64 1838.6 507.5 1823.2 512.5 1812.9 480.8 1828.3 475.8
1 0.61 1851.7 619.6 1835.5 624.9 1824.9 592.1 1841.0 586.9
1 0.52 1683.5 509.0 1675.3 521.1 1646.4 501.7 1654.6 489.5
1 0.4 1926.8 505.1 1913.2 509.7 1903.3 481.2 1916.9 476.5
1 0.36 1929.6 711.3 1914.5 715.9 1903.7 680.7 1918.8 676.0
1 0.26 1819.3 689.1 1805.6 694.7 1791.9 661.0 1805.7 655.4
