1 0.57 371.9 541.8 375.7 556.0 341.4 565.1 337.6 551.0
1 0.53 319.4 553.1 320.2 567.5 286.4 569.3 285.6 554.8
1 0.49 390.4 272.9 391.5 285.7 358.8 288.5 357.7 275.8
1 0.37 419.0 294.9 419.3 308.4 381.8 309.1 381.6 295.6
1 0.36 741.0 165.8 743.4 181.0 708.9 186.4 706.5 171.3
1 0.33 439.6 542.6 440.7 557.0 405.2 559.5 404.2 545.1
1 0.39 995.0 462.5 980.7 465.0 974.8 431.7 989.2 429.1
1 0.62 395.6 670.2 398.5 685.0 363.2 691.9 360.3 677.1
1 0.6 315.1 675.7 316.2 691.4 280.7 693.9 279.6 678.2
1 0.59 196.4 472.5 211.5 473.8 208.8 504.9 193.7 503.6
1 0.58 371.8 541.7 375.6 556.0 341.4 565.1 337.6 550.9
1 0.54 187.9 521.5 206.6 523.1 203.2 562.7 184.4 561.1
1 0.54 319.4 553.0 320.2 567.6 286.3 569.3 285.5 554.8
1 0.54 198.7 711.5 214.7 712.1 213.6 745.8 197.5 745.2
1 0.48 253.7 746.0 237.6 747.4 234.8 715.7 250.9 714.3
1 0.46 205.9 602.0 190.6 602.8 188.9 571.9 204.3 571.1
1 0.46 234.6 745.0 220.1 745.7 218.6 715.6 233.0 714.8
1 0.39 439.4 670.7 441.2 684.7 407.0 688.9 405.2 674.9
1 0.37 153.3 787.2 135.9 788.1 134.0 752.1 151.4 751.2
1 0.37 339.3 694.1 340.7 710.1 293.5 714.3 292.1 698.2
1 0.34 200.1 426.9 217.2 428.1 214.7 465.1 197.5 463.9
1 0.34 439.6 542.5 440.6 557.1 405.3 559.5 404.3 545.0
1 0.66 1493.8 160.6 1493.8 174.0 1462.3 174.0 1462.3 160.6
1 0.39 995.0 462.5 980.7 465.0 974.8 431.6 989.1 429.1
1 0.38 995.0 462.5 980.7 465.0 974.8 431.7 989.1 429.2
1 0.36 741.0 165.8 743.4 181.0 708.8 186.4 706.4 171.3
1 0.63 1816.6 488.4 1804.3 493.3 1792.6 464.5 1805.0 459.6
1 0.61 395.6 670.3 398.4 685.0 363.1 691.9 360.2 677.2
1 0.58 315.3 675.6 316.4 691.4 280.6 693.9 279.5 678.1
1 0.57 371.9 541.8 375.7 556.0 341.4 565.2 337.6 551.0
1 0.52 319.4 553.0 320.2 567.6 286.3 569.3 285.6 554.8
1 0.49 390.4 272.8 391.5 285.7 358.8 288.6 357.6 275.7
1 0.42 439.4 670.7 441.2 684.7 407.0 688.8 405.3 674.8
1 0.36 253.9 746.6 236.1 748.7 232.0 715.3 249.8 713.1
1 0.36 339.1 694.1 340.6 710.2 293.4 714.3 292.0 698.2
1 0.35 419.0 294.9 419.3 308.5 381.8 309.1 381.5 295.5
1 0.34 439.7 542.5 440.7 557.0 405.2 559.5 404.2 545.0
1 0.62 1816.7 488.4 1804.3 493.5 1792.6 464.6 1805.1 459.5
1 0.61 1837.4 378.4 1823.1 383.6 1811.3 351.2 1825.6 346.0
1 0.61 395.6 670.3 398.5 685.0 363.2 691.9 360.3 677.1
1 0.6 315.1 675.8 316.2 691.4 280.7 693.9 279.6 678.3
1 0.58 371.8 541.8 375.6 555.9 341.4 565.1 337.6 551.0
1 0.55 319.4 553.1 320.1 567.5 286.3 569.3 285.6 554.8
1 0.37 440.0 671.4 441.7 685.5 406.5 689.8 404.8 675.7
1 0.37 339.3 694.1 340.7 710.1 293.5 714.2 292.1 698.3
1 0.33 439.6 542.5 440.6 557.0 405.2 559.5 404.2 545.0
1 0.32 253.8 746.5 236.0 748.7 231.9 715.4 249.7 713.2
1 0.62 1816.7 488.4 1804.3 493.4 1792.6 464.5 1805.0 459.5
1 0.56 1883.5 624.9 1870.4 629.9 1859.1 600.4 1872.1 595.4
1 0.56 1924.0 487.9 1907.5 494.3 1894.8 461.2 1911.3 454.8
1 0.45 1877.1 468.7 1862.8 473.4 1852.5 442.0 1866.9 437.3
1 0.59 196.4 472.5 211.4 473.8 208.6 504.9 193.7 503.6
1 0.57 371.9 541.8 375.7 556.0 341.4 565.1 337.6 551.0
1 0.55 188.0 521.3 206.6 522.9 203.2 562.6 184.5 561.0
1 0.55 189.2 315.3 189.2 329.7 152.8 329.7 152.8 315.3
1 0.53 319.5 553.0 320.2 567.6 286.3 569.3 285.6 554.7
1 0.49 390.4 272.9 391.5 285.7 358.8 288.6 357.7 275.7
1 0.49 201.8 429.5 218.1 430.9 215.1 465.2 198.8 463.8
1 0.47 205.9 602.1 190.5 602.9 188.9 571.8 204.3 571.0
1 0.38 419.1 294.9 419.4 308.5 381.8 309.1 381.5 295.5
1 0.33 439.6 542.6 440.6 557.0 405.2 559.5 404.2 545.1
1 0.4 995.0 462.5 980.7 465.0 974.8 431.6 989.1 429.1
1 0.39 995.0 462.5 980.7 465.0 974.8 431.7 989.1 429.2
1 0.62 395.6 670.3 398.4 685.0 363.1 691.9 360.3 677.2
1 0.59 196.4 472.6 211.4 473.9 208.7 504.8 193.7 503.5
1 0.37 439.6 542.5 440.6 557.0 405.3 559.5 404.3 545.0
1 0.38 419.1 294.9 419.3 308.5 381.7 309.1 381.5 295.5
1 0.39 153.3 787.3 135.9 788.2 134.0 752.0 151.4 751.1
1 0.43 439.4 670.7 441.1 684.6 407.0 688.8 405.3 674.9
1 0.46 234.5 745.1 220.1 745.8 218.5 715.6 232.9 714.9
1 0.48 201.8 429.5 218.1 430.9 215.1 465.2 198.8 463.8
1 0.49 205.9 602.0 190.6 602.9 188.9 571.8 204.3 571.0
1 0.49 390.4 272.8 391.5 285.7 358.8 288.6 357.6 275.7
1 0.51 253.7 746.0 237.6 747.4 234.8 715.8 250.9 714.4
1 0.53 319.4 553.0 320.2 567.6 286.3 569.3 285.6 554.7
1 0.54 188.0 521.4 206.6 523.1 203.1 562.5 184.5 560.9
1 0.55 189.3 315.3 189.3 329.7 152.7 329.7 152.7 315.3
1 0.55 198.6 711.5 214.8 712.0 213.6 745.9 197.4 745.3
1 0.58 371.9 541.8 375.7 556.0 341.4 565.1 337.6 551.0
1 0.59 315.3 675.6 316.4 691.4 280.6 693.9 279.5 678.1
1 0.36 339.1 694.1 340.5 710.2 293.5 714.4 292.1 698.2
1 0.65 1493.9 160.6 1493.9 174.0 1462.3 174.0 1462.3 160.6
1 0.62 1849.6 301.7 1836.4 306.3 1826.7 278.1 1839.9 273.6
1 0.62 1816.8 488.4 1804.3 493.5 1792.6 464.6 1805.1 459.6
1 0.61 1837.1 378.3 1823.0 383.5 1811.3 351.2 1825.4 346.1
1 0.6 1767.9 84.7 1754.1 89.2 1745.0 61.2 1758.8 56.7
1 0.59 1817.5 132.2 1804.9 138.1 1793.5 113.7 1806.1 107.8
1 0.58 1883.3 624.8 1870.5 630.0 1858.5 600.2 1871.3 595.1
1 0.56 1924.0 488.2 1907.5 494.6 1894.7 461.3 1911.3 454.9
1 0.47 1876.7 470.2 1862.6 474.5 1853.0 443.1 1867.1 438.8
1 0.41 1642.4 223.9 1634.1 235.7 1605.6 215.7 1613.9 203.9
1 0.34 1758.5 113.5 1744.3 118.4 1734.2 89.4 1748.5 84.5
1 0.27 1814.4 287.7 1793.7 296.4 1770.3 241.4 1791.0 232.6
1 0.64 1493.9 160.6 1493.9 174.0 1462.4 174.0 1462.4 160.6
1 0.62 1816.5 488.6 1804.0 493.5 1792.8 464.4 1805.4 459.6
1 0.61 1837.3 378.4 1823.1 383.6 1811.3 351.2 1825.6 346.0
1 0.6 1768.0 84.7 1754.1 89.2 1745.0 61.2 1758.8 56.7
1 0.6 1817.5 132.2 1804.9 138.1 1793.5 113.7 1806.1 107.8
1 0.44 1642.5 223.9 1634.1 235.7 1605.6 215.7 1613.9 203.9
1 0.37 1758.6 113.6 1744.2 118.5 1734.2 89.3 1748.5 84.4
1 0.28 1814.4 287.7 1793.7 296.6 1770.3 241.4 1791.0 232.6
1 0.62 1849.6 301.7 1836.4 306.3 1826.7 278.2 1839.9 273.6
1 0.61 1816.8 488.4 1804.2 493.5 1792.6 464.6 1805.1 459.5
1 0.61 1837.1 378.3 1823.0 383.5 1811.3 351.2 1825.4 346.0
1 0.57 1883.3 624.7 1870.5 629.9 1858.5 600.2 1871.3 595.1
1 0.56 1924.0 488.2 1907.5 494.5 1894.7 461.3 1911.3 454.9
1 0.47 1876.7 470.1 1862.6 474.4 1853.1 443.1 1867.1 438.8
1 0.38 995.0 462.5 980.7 465.0 974.8 431.7 989.2 429.1
