1 0.64 1839.7 184.2 1826.1 188.8 1816.5 160.8 1830.0 156.1
1 0.64 1744.8 213.1 1728.7 216.0 1722.9 183.0 1739.0 180.1
1 0.63 1801.8 494.4 1784.7 497.7 1777.7 461.8 1794.8 458.4
1 0.62 1754.9 395.5 1739.6 399.3 1731.6 367.3 1746.9 363.5
1 0.61 1703.2 132.5 1689.6 135.1 1683.4 103.5 1697.1 100.8
1 0.6 1776.1 291.4 1757.2 294.7 1750.9 258.6 1769.7 255.3
1 0.6 1772.4 369.4 1755.9 372.6 1749.3 338.5 1765.8 335.3
1 0.57 1713.8 69.6 1700.0 73.0 1692.7 43.9 1706.6 40.5
1 0.54 1822.4 622.7 1806.0 625.9 1798.7 588.5 1815.1 585.3
1 0.46 1824.9 482.6 1809.4 485.6 1803.9 457.3 1819.4 454.3
1 0.45 1683.9 124.0 1670.3 126.7 1664.7 97.9 1678.3 95.3
1 0.41 1788.4 159.2 1776.7 162.4 1769.2 134.6 1781.0 131.5
1 0.25 1641.7 97.6 1625.3 99.0 1622.3 64.9 1638.8 63.5
1 0.6 35.7 320.2 51.6 322.4 47.0 354.7 31.2 352.5
1 0.56 77.7 310.9 92.6 312.0 90.5 341.7 75.6 340.7
1 0.53 17.9 326.0 31.4 327.9 27.4 356.5 13.8 354.6
1 0.51 57.2 319.8 72.5 321.1 69.9 351.4 54.5 350.1
1 0.49 23.9 254.2 22.7 268.2 -10.5 265.3 -9.3 251.3
1 0.48 99.5 308.5 112.8 311.6 106.1 340.5 92.8 337.5
1 0.64 1801.8 494.4 1784.8 497.7 1777.8 461.7 1794.9 458.4
1 0.53 1822.3 622.7 1806.0 625.9 1798.8 588.5 1815.1 585.3
1 0.45 1825.0 482.7 1809.5 485.7 1803.9 457.0 1819.5 454.0
1 0.65 1867.6 749.0 1851.1 752.2 1844.1 716.1 1860.6 712.9
1 0.64 1801.8 494.4 1784.8 497.7 1777.8 461.7 1794.8 458.4
1 0.52 1822.3 622.6 1806.1 625.8 1798.8 588.5 1815.0 585.4
1 0.48 1824.9 482.6 1809.5 485.6 1804.0 457.3 1819.4 454.3
1 0.5 951.1 926.0 932.7 927.7 928.7 882.2 947.1 880.6
1 0.6 35.8 320.2 51.5 322.4 47.0 354.7 31.2 352.5
1 0.57 77.7 310.9 92.6 311.9 90.5 341.6 75.7 340.6
1 0.53 17.9 326.1 31.4 328.0 27.3 356.5 13.9 354.6
1 0.52 24.0 254.4 22.8 268.1 -9.9 265.2 -8.7 251.5
1 0.51 57.2 319.7 72.5 321.1 69.8 351.4 54.5 350.1
1 0.5 99.5 308.4 112.8 311.5 106.1 340.5 92.8 337.5
1 0.65 1867.6 749.0 1851.1 752.2 1844.1 716.1 1860.6 712.9
1 0.63 1801.8 494.4 1784.7 497.7 1777.7 461.8 1794.8 458.5
1 0.62 1754.9 395.5 1739.6 399.3 1731.7 367.4 1746.9 363.6
1 0.6 1776.1 291.4 1757.2 294.7 1750.8 258.6 1769.7 255.2
1 0.6 1772.4 369.4 1755.9 372.6 1749.3 338.5 1765.8 335.3
1 0.52 1822.3 622.8 1806.0 625.9 1798.8 588.5 1815.1 585.3
1 0.47 1849.2 382.2 1837.0 385.5 1828.9 355.3 1841.1 352.0
1 0.47 1824.8 482.5 1809.4 485.5 1803.9 457.5 1819.4 454.5
1 0.64 1744.8 213.1 1728.7 216.0 1722.9 183.0 1739.0 180.1
1 0.63 1801.8 494.4 1784.7 497.7 1777.7 461.8 1794.8 458.5
1 0.63 1839.5 184.1 1826.1 188.7 1816.5 160.7 1829.9 156.1
1 0.62 1754.9 395.5 1739.6 399.3 1731.7 367.4 1746.9 363.6
1 0.62 1703.2 132.4 1689.6 135.1 1683.4 103.5 1697.1 100.8
1 0.6 1776.0 291.3 1757.2 294.7 1750.9 258.7 1769.7 255.4
1 0.6 1772.4 369.4 1755.9 372.6 1749.3 338.5 1765.8 335.3
1 0.58 1713.8 69.6 1700.0 73.0 1692.8 43.9 1706.6 40.5
1 0.53 1822.3 622.6 1806.1 625.8 1798.9 588.5 1815.1 585.4
1 0.48 1849.2 382.2 1837.0 385.5 1828.9 355.3 1841.1 352.0
1 0.47 1824.8 482.5 1809.4 485.5 1804.0 457.6 1819.4 454.6
1 0.46 1683.9 124.0 1670.3 126.6 1664.7 97.9 1678.3 95.3
1 0.42 1788.4 159.2 1776.7 162.4 1769.3 134.6 1781.0 131.5
1 0.35 1865.9 214.3 1853.8 218.3 1846.1 194.6 1858.2 190.7
1 0.26 1641.7 97.6 1625.4 99.0 1622.4 65.0 1638.7 63.5
1 0.5 951.2 926.6 933.3 928.2 929.3 882.3 947.2 880.7
1 0.63 1801.8 494.4 1784.7 497.7 1777.8 461.8 1794.8 458.5
1 0.62 1754.9 395.5 1739.6 399.3 1731.6 367.3 1746.9 363.5
1 0.61 1776.1 291.4 1757.2 294.7 1750.8 258.6 1769.8 255.2
1 0.6 1772.4 369.4 1755.9 372.6 1749.3 338.5 1765.8 335.3
1 0.53 1822.4 622.8 1806.0 626.0 1798.7 588.4 1815.1 585.3
1 0.46 1824.9 482.6 1809.4 485.6 1803.9 457.3 1819.4 454.3
