1 0.56 960.8 959.8 943.5 961.3 939.8 919.1 957.1 917.6
1 0.65 1853.2 822.7 1870.1 823.3 1868.8 859.6 1851.9 859.0
1 0.62 1876.4 834.6 1896.1 835.7 1894.2 872.7 1874.4 871.7
1 0.61 1860.5 704.6 1844.1 705.4 1842.1 667.4 1858.5 666.6
1 0.59 1860.4 393.7 1842.5 394.6 1840.5 356.3 1858.4 355.4
1 0.58 1843.9 856.0 1829.1 856.0 1829.1 825.4 1843.9 825.4
1 0.56 1890.4 648.5 1873.5 649.4 1871.6 614.3 1888.5 613.4
1 0.38 1801.2 591.1 1784.8 592.6 1781.7 557.3 1798.1 555.8
1 0.59 1860.5 393.7 1842.5 394.7 1840.4 356.3 1858.4 355.4
1 0.41 1918.8 148.9 1895.2 150.5 1891.7 101.7 1915.4 100.1
1 0.38 1892.9 653.2 1874.5 654.8 1871.0 614.6 1889.4 613.0
1 0.38 1801.2 591.1 1784.8 592.6 1781.7 557.3 1798.1 555.9
1 0.6 32.6 340.5 16.3 341.4 14.5 307.4 30.8 306.6
1 0.48 12.9 342.3 -3.1 344.3 -7.2 310.8 8.8 308.9
1 0.56 960.8 959.8 943.5 961.3 939.8 919.1 957.1 917.6
1 0.54 880.3 243.8 865.5 245.1 862.4 209.8 877.3 208.5
1 0.6 32.6 340.5 16.3 341.4 14.5 307.4 30.8 306.6
1 0.49 12.9 342.3 -3.1 344.3 -7.2 310.8 8.8 308.9
1 0.56 880.5 244.7 865.4 246.1 862.2 210.1 877.4 208.8
1 0.65 1853.2 822.7 1870.1 823.3 1868.9 859.6 1851.9 859.0
1 0.61 1860.5 704.5 1844.1 705.4 1842.1 667.4 1858.5 666.6
1 0.6 1876.3 834.4 1896.2 835.5 1894.3 872.7 1874.4 871.7
1 0.58 1844.0 855.9 1829.2 855.9 1829.2 825.2 1844.0 825.2
1 0.56 1890.4 648.4 1873.4 649.3 1871.6 614.2 1888.6 613.3
1 0.55 1874.1 1051.4 1856.8 1052.3 1854.9 1015.8 1872.1 1014.9
1 0.5 1836.5 974.5 1822.9 975.7 1820.3 945.9 1833.9 944.7
1 0.37 1801.1 590.9 1784.8 592.3 1781.7 557.3 1798.0 555.9
1 0.31 1904.8 1085.6 1885.9 1087.3 1882.6 1049.9 1901.5 1048.2
1 0.28 1824.8 1078.4 1796.8 1081.4 1787.1 988.4 1815.1 985.5
1 0.28 952.3 749.0 930.6 750.5 925.4 676.6 947.1 675.1
1 0.56 880.5 244.8 865.4 246.1 862.2 210.1 877.4 208.8
1 0.3 952.3 749.0 930.6 750.6 925.4 676.5 947.1 675.0
1 0.38 1801.1 591.0 1784.9 592.4 1781.8 557.4 1798.0 556.0
1 0.36 1801.1 591.0 1784.9 592.4 1781.8 557.4 1798.0 556.0
1 0.32 1844.3 855.8 1829.4 856.6 1827.8 825.1 1842.7 824.3
1 0.48 1836.8 973.6 1823.3 975.1 1820.2 945.4 1833.7 943.9
1 0.37 1844.2 855.7 1829.5 856.5 1827.9 825.1 1842.6 824.3
1 0.35 1801.0 590.8 1784.9 592.2 1781.9 557.4 1798.0 556.0
1 0.28 1824.9 1078.4 1796.7 1081.4 1786.9 988.6 1815.2 985.6
