1 0.58 18.7 871.4 2.5 872.2 0.7 838.1 16.9 837.3
1 0.55 38.5 863.5 22.3 864.4 20.5 830.1 36.7 829.2
1 0.52 44.1 828.1 60.5 829.5 57.6 862.8 41.2 861.4
1 0.48 1788.3 735.0 1808.5 736.1 1806.2 781.3 1785.9 780.2
1 0.54 1798.0 963.9 1815.1 965.4 1812.2 998.5 1795.1 997.0
1 0.47 1788.2 735.0 1808.6 736.1 1806.2 781.5 1785.8 780.4
1 0.62 1882.3 919.7 1898.7 920.5 1896.9 955.8 1880.4 955.0
1 0.61 1919.0 915.6 1902.8 916.7 1900.6 884.1 1916.8 883.0
1 0.55 1798.0 964.0 1815.1 965.5 1812.2 998.5 1795.2 997.0
1 0.51 1860.5 669.9 1876.8 670.4 1875.7 702.9 1859.3 702.3
1 0.48 1788.4 735.2 1808.5 736.2 1806.1 781.4 1786.0 780.3
1 0.47 1875.0 1048.0 1892.0 1048.6 1890.7 1084.6 1873.8 1084.0
1 0.58 18.7 871.5 2.5 872.3 0.7 838.1 16.9 837.2
1 0.54 38.7 863.4 22.2 864.3 20.4 829.9 36.9 829.1
1 0.53 43.9 827.9 60.7 829.3 57.7 863.1 40.9 861.6
1 0.53 1860.5 669.8 1876.8 670.4 1875.7 702.9 1859.4 702.4
1 0.48 1788.4 735.1 1808.5 736.2 1806.1 781.3 1786.0 780.2
