1 0.3 1792.0 2.8 1824.9 4.5 1820.2 93.7 1787.3 92.0
1 0.6 25.5 990.9 8.8 991.7 7.0 957.4 23.7 956.5
1 0.55 45.8 982.8 29.7 984.2 26.8 950.8 42.9 949.4
1 0.54 51.3 947.5 67.6 948.9 64.6 982.4 48.4 981.0
1 0.37 1792.5 2.8 1823.8 4.4 1819.2 93.6 1787.8 91.9
1 0.63 1885.8 912.1 1902.3 913.0 1900.5 947.6 1883.9 946.8
1 0.62 1920.0 877.5 1904.1 878.9 1901.3 845.8 1917.1 844.4
1 0.61 1885.5 1035.3 1902.2 1036.7 1899.2 1071.1 1882.5 1069.6
1 0.51 1777.3 983.4 1796.2 984.4 1793.9 1027.6 1775.0 1026.6
1 0.48 1850.4 926.5 1864.9 927.5 1862.6 959.6 1848.2 958.5
1 0.57 1920.8 878.3 1903.5 879.8 1900.5 845.7 1917.8 844.2
1 0.45 1777.0 983.2 1796.3 984.2 1794.1 1027.7 1774.7 1026.7
