1 0.6 963.3 626.8 979.0 627.6 977.2 663.6 961.4 662.8
1 0.59 825.5 322.1 841.2 323.4 838.1 358.9 822.4 357.6
1 0.58 1008.6 799.3 992.6 800.2 990.6 762.8 1006.6 761.9
1 0.58 955.7 715.7 939.8 716.5 938.1 683.9 954.0 683.1
1 0.56 921.5 240.5 919.0 256.7 884.4 251.2 886.9 235.0
1 0.55 864.2 351.0 846.7 351.6 845.4 314.2 862.9 313.6
1 0.55 1009.6 655.3 993.5 656.7 990.3 620.3 1006.4 618.9
1 0.53 995.1 382.6 1011.4 383.2 1010.2 417.8 993.9 417.2
1 0.5 1065.3 739.9 1046.8 741.5 1043.5 703.6 1062.0 702.0
1 0.47 979.1 461.8 962.0 462.7 960.2 427.6 977.2 426.7
1 0.35 1008.1 474.6 1022.3 486.9 992.5 521.1 978.4 508.8
1 0.61 963.4 626.8 979.0 627.6 977.1 663.6 961.6 662.8
1 0.58 1008.6 799.3 992.6 800.2 990.6 762.8 1006.6 762.0
1 0.55 1009.6 655.3 993.5 656.7 990.3 620.3 1006.4 618.9
1 0.54 995.1 382.6 1011.3 383.1 1010.1 417.8 993.9 417.2
1 0.51 978.6 461.5 962.0 462.4 960.2 428.0 976.8 427.1
1 0.5 1065.3 739.8 1046.8 741.5 1043.5 703.6 1062.0 702.0
1 0.38 1008.1 474.5 1022.3 486.9 992.6 521.0 978.4 508.7
1 0.59 825.5 322.0 841.1 323.4 838.0 358.9 822.4 357.5
1 0.56 931.9 85.1 931.9 101.1 896.9 101.1 896.9 85.1
1 0.55 864.0 351.0 846.8 351.6 845.5 314.3 862.7 313.7
1 0.54 995.1 382.6 1011.4 383.1 1010.2 417.8 993.9 417.2
1 0.49 921.2 241.2 919.4 256.4 884.2 252.1 886.1 236.9
1 0.48 979.0 461.8 962.1 462.7 960.2 427.6 977.2 426.7
1 0.36 1008.2 474.7 1022.2 486.9 992.5 521.1 978.4 508.9
1 0.59 825.5 322.1 841.1 323.4 838.0 358.9 822.4 357.5
1 0.55 864.2 351.0 846.8 351.6 845.5 314.4 862.9 313.8
1 0.6 963.2 626.7 979.1 627.6 977.2 663.7 961.4 662.8
1 0.59 825.5 322.0 841.1 323.4 838.0 358.9 822.4 357.6
1 0.58 1008.5 799.3 992.6 800.1 990.6 762.8 1006.6 762.0
1 0.57 955.7 715.7 939.8 716.6 938.1 683.9 954.0 683.1
1 0.57 921.5 240.5 918.9 256.6 884.4 251.1 886.9 235.0
1 0.56 864.0 350.9 846.8 351.5 845.5 314.3 862.7 313.7
1 0.55 1009.6 655.3 993.5 656.7 990.3 620.4 1006.4 618.9
1 0.54 995.1 382.6 1011.4 383.2 1010.1 417.8 993.9 417.2
1 0.5 1065.2 739.8 1046.9 741.4 1043.6 703.6 1061.9 702.0
1 0.47 979.1 461.9 962.1 462.7 960.2 427.6 977.2 426.7
1 0.36 1008.1 474.6 1022.3 486.9 992.5 521.2 978.3 508.8
1 0.59 825.5 322.0 841.1 323.4 838.0 358.9 822.4 357.6
1 0.57 931.9 85.1 931.9 101.0 896.9 101.0 896.9 85.1
1 0.55 864.1 351.0 846.7 351.6 845.4 314.3 862.8 313.7
1 0.54 995.1 382.6 1011.4 383.1 1010.2 417.8 993.9 417.2
1 0.5 921.2 241.2 919.4 256.4 884.2 252.1 886.1 236.8
1 0.48 979.0 461.8 962.0 462.7 960.2 427.6 977.2 426.7
1 0.36 1008.2 474.6 1022.3 486.9 992.5 521.1 978.4 508.9
1 0.41 194.0 13.0 194.5 27.6 161.6 28.8 161.1 14.1
1 0.59 825.5 322.1 841.1 323.4 838.0 358.9 822.3 357.6
1 0.56 864.2 351.0 846.8 351.6 845.5 314.3 862.9 313.7
1 0.6 963.9 626.6 979.6 628.0 976.5 663.8 960.8 662.5
1 0.58 1008.5 799.2 992.5 800.1 990.6 762.8 1006.6 762.0
1 0.57 955.8 715.9 939.8 716.7 938.0 683.9 954.1 683.1
1 0.55 1009.6 655.3 993.5 656.7 990.3 620.3 1006.4 618.9
1 0.51 1065.4 740.0 1046.7 741.6 1043.3 703.4 1062.1 701.8
1 0.38 1004.3 919.1 1018.9 921.1 1014.2 954.4 999.7 952.3
1 0.35 1006.3 475.6 1020.5 487.5 991.8 521.7 977.6 509.8
1 0.6 963.9 626.6 979.7 628.0 976.5 663.9 960.8 662.5
1 0.59 1008.5 799.2 992.5 800.0 990.6 762.8 1006.6 762.0
1 0.57 955.9 715.9 939.7 716.8 938.0 683.9 954.2 683.0
1 0.56 1009.6 655.3 993.5 656.7 990.3 620.4 1006.5 619.0
1 0.51 1065.3 739.9 1046.7 741.6 1043.4 703.5 1062.0 701.9
1 0.37 1004.4 919.1 1018.9 921.1 1014.2 954.3 999.7 952.3
1 0.35 1006.3 475.6 1020.5 487.5 991.8 521.7 977.6 509.8
1 0.61 963.4 626.8 978.9 627.6 977.0 663.6 961.5 662.8
1 0.58 1008.5 799.2 992.5 800.1 990.6 762.8 1006.6 762.0
1 0.56 1009.6 655.3 993.5 656.7 990.3 620.3 1006.4 618.9
1 0.51 1065.4 740.0 1046.7 741.6 1043.4 703.5 1062.0 701.8
1 0.4 1004.3 919.1 1018.9 921.2 1014.2 954.4 999.7 952.3
1 0.38 1006.3 475.6 1020.5 487.5 991.9 521.6 977.7 509.7
1 0.54 995.1 382.5 1011.3 383.1 1010.1 417.8 993.9 417.2
1 0.51 978.6 461.5 962.0 462.4 960.2 428.0 976.8 427.1
1 0.38 1008.1 474.7 1022.3 486.9 992.6 521.0 978.5 508.8
