1 0.63 980.7 697.3 997.0 698.1 995.0 734.9 978.7 734.1
1 0.62 1004.0 591.2 987.1 591.8 985.8 554.1 1002.6 553.5
1 0.6 958.1 558.5 974.4 559.9 971.2 597.2 954.8 595.8
1 0.5 1045.8 524.1 1032.3 534.2 1006.4 499.8 1019.9 489.7
1 0.63 980.6 697.2 996.9 698.1 995.0 734.9 978.7 734.1
1 0.62 1004.0 591.1 987.1 591.7 985.8 554.1 1002.6 553.5
1 0.6 959.0 558.9 974.6 560.3 971.4 597.1 955.8 595.7
1 0.58 831.6 244.0 847.5 245.4 844.3 281.7 828.4 280.3
1 0.54 933.0 614.3 947.3 615.5 944.5 647.6 930.2 646.3
1 0.54 1001.3 313.4 1017.7 314.8 1014.6 349.3 998.3 347.9
1 0.5 1045.3 524.6 1031.4 534.4 1006.7 499.1 1020.6 489.3
1 0.46 855.6 237.8 872.2 239.3 869.1 275.1 852.4 273.7
1 0.39 983.1 392.6 964.8 393.6 962.9 357.1 981.2 356.1
1 0.37 1009.0 408.2 1022.6 420.5 993.3 453.0 979.7 440.7
1 0.63 1003.9 591.1 987.2 591.6 985.8 554.1 1002.6 553.5
1 0.61 948.3 2.5 947.7 18.8 912.1 17.6 912.7 1.3
1 0.6 959.0 559.0 974.6 560.4 971.4 597.0 955.8 595.7
1 0.58 831.5 243.4 847.6 244.8 844.4 281.9 828.2 280.5
1 0.54 932.4 165.4 929.4 180.7 893.9 173.8 896.9 158.5
1 0.54 1001.3 313.4 1017.7 314.8 1014.6 349.3 998.3 347.9
1 0.51 854.4 236.6 871.7 237.5 869.7 275.1 852.4 274.2
1 0.5 1045.3 524.6 1031.4 534.4 1006.7 499.1 1020.6 489.3
1 0.44 932.5 614.2 948.8 615.6 945.6 651.7 929.4 650.3
1 0.38 983.1 392.6 964.8 393.6 962.9 357.1 981.2 356.1
1 0.36 1008.9 408.4 1022.4 420.5 993.3 452.8 979.9 440.7
1 0.62 980.6 697.3 997.0 698.2 995.0 735.0 978.7 734.1
1 0.62 987.1 553.4 1004.0 554.0 1002.6 591.7 985.8 591.1
1 0.59 958.2 558.5 974.4 560.0 971.2 597.2 954.9 595.7
1 0.54 1001.4 313.4 1017.7 314.8 1014.6 349.3 998.3 347.9
1 0.49 1045.4 524.6 1031.4 534.4 1006.7 499.1 1020.6 489.3
1 0.43 982.9 392.3 965.1 393.3 963.2 357.3 981.0 356.3
1 0.39 1008.9 408.3 1022.5 420.5 993.4 452.9 979.8 440.6
1 0.62 980.6 697.2 997.0 698.1 995.0 734.9 978.7 734.1
1 0.62 987.1 553.4 1004.0 554.0 1002.7 591.7 985.8 591.1
1 0.6 959.0 559.0 974.6 560.3 971.4 597.0 955.8 595.7
1 0.57 831.6 244.0 847.5 245.4 844.4 281.8 828.4 280.4
1 0.54 1001.4 313.4 1017.6 314.9 1014.6 349.3 998.4 347.8
1 0.53 933.0 614.3 947.3 615.5 944.5 647.5 930.2 646.3
1 0.49 1045.4 524.6 1031.4 534.4 1006.7 499.1 1020.7 489.3
1 0.46 855.5 237.7 872.2 239.2 869.1 275.2 852.3 273.7
1 0.39 983.1 392.6 964.8 393.6 962.9 357.1 981.2 356.1
1 0.37 1008.9 408.3 1022.5 420.5 993.4 452.9 979.8 440.7
1 0.61 1894.6 874.6 1911.9 876.2 1908.8 911.8 1891.5 910.2
1 0.63 987.1 553.4 1004.0 554.0 1002.7 591.7 985.8 591.1
1 0.59 958.2 558.6 974.4 560.0 971.2 597.2 954.9 595.8
1 0.55 1001.4 313.4 1017.6 314.9 1014.6 349.3 998.4 347.9
1 0.5 1045.4 524.6 1031.4 534.4 1006.6 499.0 1020.6 489.2
1 0.43 982.8 392.3 965.2 393.2 963.3 357.3 981.0 356.4
1 0.39 1008.9 408.4 1022.4 420.5 993.4 452.8 979.9 440.6
1 0.62 980.7 697.2 996.9 698.1 995.0 734.9 978.7 734.1
1 0.62 1004.0 591.2 987.1 591.8 985.8 554.1 1002.6 553.5
1 0.6 959.0 559.0 974.5 560.4 971.3 597.0 955.8 595.7
1 0.55 933.1 614.4 947.3 615.6 944.5 647.5 930.3 646.2
1 0.5 1045.7 524.1 1032.3 534.2 1006.5 499.9 1019.9 489.8
1 0.57 831.5 243.4 847.6 244.9 844.4 281.9 828.2 280.5
1 0.51 854.2 235.4 872.1 236.4 870.0 274.7 852.2 273.8
1 0.58 831.5 244.0 847.5 245.4 844.3 281.7 828.4 280.3
1 0.45 855.6 237.8 872.4 239.3 869.2 275.1 852.5 273.6
1 0.63 980.7 697.2 996.9 698.1 995.0 734.9 978.7 734.1
1 0.62 1004.3 591.0 987.5 591.9 985.5 554.2 1002.3 553.3
1 0.6 958.9 559.0 974.6 560.3 971.4 597.1 955.7 595.7
1 0.55 933.1 614.3 947.3 615.6 944.5 647.5 930.3 646.2
1 0.5 1045.3 524.7 1031.5 534.4 1006.9 499.2 1020.7 489.6
1 0.63 987.2 553.5 1004.0 554.0 1002.6 591.6 985.8 591.1
1 0.61 959.0 559.0 974.5 560.4 971.3 597.0 955.8 595.6
1 0.6 948.3 2.5 947.7 18.9 912.1 17.6 912.7 1.3
1 0.57 831.5 243.4 847.6 244.8 844.4 281.9 828.2 280.5
1 0.54 932.4 165.4 929.4 180.7 894.0 173.8 896.9 158.5
1 0.54 1001.3 313.4 1017.7 314.9 1014.7 349.3 998.3 347.8
1 0.51 854.4 236.6 871.7 237.5 869.7 275.2 852.4 274.2
1 0.5 1045.4 524.6 1031.4 534.4 1006.7 499.1 1020.6 489.3
1 0.43 932.5 614.2 948.8 615.6 945.6 651.7 929.4 650.3
1 0.38 983.2 392.6 964.8 393.6 962.9 357.1 981.3 356.1
1 0.36 1008.9 408.5 1022.4 420.5 993.3 452.7 979.9 440.7
