1 0.66 783.0 614.2 790.3 628.0 757.9 645.3 750.5 631.5
1 0.63 911.8 546.3 919.7 560.6 885.4 579.7 877.5 565.3
1 0.63 1097.9 255.0 1104.7 269.1 1071.8 285.1 1065.0 271.0
1 0.62 892.4 524.3 899.2 538.8 864.5 554.9 857.8 540.5
1 0.62 830.4 530.8 836.6 542.9 807.7 557.6 801.5 545.5
1 0.41 1046.2 490.3 1042.7 508.1 999.0 499.6 1002.4 481.8
1 0.41 1116.6 271.1 1124.0 286.3 1090.1 302.8 1082.7 287.6
1 0.4 1122.6 436.6 1130.4 451.2 1100.7 466.9 1092.9 452.3
1 0.4 1069.4 427.6 1077.4 444.0 1045.1 459.8 1037.1 443.3
1 0.33 1088.1 457.8 1096.4 474.9 1060.1 492.6 1051.8 475.5
1 0.28 978.1 539.3 961.8 542.2 955.1 504.3 971.5 501.4
1 0.62 830.4 530.7 836.6 542.9 807.7 557.6 801.5 545.5
1 0.62 783.2 614.6 790.2 628.4 757.5 645.0 750.5 631.3
1 0.34 889.7 527.6 895.3 542.3 863.8 554.4 858.2 539.7
1 0.63 911.8 546.3 919.7 560.7 885.5 579.6 877.5 565.3
1 0.62 892.4 524.4 899.1 538.8 864.5 554.9 857.8 540.5
1 0.62 830.4 530.7 836.6 542.9 807.7 557.6 801.5 545.5
1 0.62 1097.8 254.9 1104.8 269.2 1071.8 285.3 1064.8 271.0
1 0.62 783.2 614.6 790.3 628.4 757.4 645.1 750.4 631.3
1 0.43 1116.6 270.8 1124.2 286.4 1090.2 302.9 1082.6 287.4
1 0.42 1046.0 490.4 1042.6 508.1 999.1 499.6 1002.5 481.9
1 0.41 1069.4 427.6 1077.4 444.0 1045.2 459.7 1037.2 443.3
1 0.41 1122.5 436.6 1130.3 451.2 1100.7 466.9 1092.9 452.3
1 0.32 1088.1 457.8 1096.4 474.9 1060.2 492.6 1051.8 475.5
1 0.28 978.1 539.2 961.8 542.1 955.2 504.3 971.4 501.4
1 0.66 783.0 614.2 790.3 628.0 757.9 645.3 750.5 631.5
1 0.62 830.4 530.8 836.6 542.9 807.7 557.6 801.5 545.5
1 0.33 889.8 527.5 895.5 542.3 863.8 554.5 858.1 539.7
1 0.32 265.4 747.9 263.1 762.8 226.2 757.0 228.5 742.1
1 0.66 782.9 614.3 790.2 628.0 757.9 645.2 750.6 631.5
1 0.63 892.4 524.3 899.1 538.8 864.5 554.9 857.8 540.5
1 0.63 911.8 546.3 919.7 560.7 885.3 579.7 877.4 565.4
1 0.61 830.4 530.8 836.5 542.8 807.7 557.5 801.6 545.5
1 0.45 1046.4 489.8 1042.7 508.5 998.2 499.9 1001.9 481.2
1 0.39 1123.6 436.1 1131.3 450.6 1100.7 466.9 1092.9 452.4
1 0.29 978.1 539.0 961.7 541.9 955.1 504.4 971.5 501.5
1 0.28 1088.1 457.7 1096.5 475.1 1060.3 492.7 1051.9 475.4
1 0.66 782.9 614.3 790.2 628.0 757.9 645.2 750.6 631.5
1 0.63 892.4 524.3 899.1 538.8 864.5 554.9 857.8 540.5
1 0.63 911.8 546.3 919.7 560.7 885.3 579.7 877.3 565.4
1 0.61 830.4 530.8 836.5 542.9 807.7 557.6 801.5 545.5
1 0.57 1124.8 435.8 1132.4 450.2 1100.8 467.0 1093.2 452.6
1 0.44 1046.3 489.9 1042.7 508.4 998.4 499.8 1002.0 481.3
1 0.29 978.1 539.0 961.7 541.9 955.1 504.4 971.5 501.5
1 0.27 1088.0 457.9 1096.4 475.1 1060.3 492.7 1051.9 475.4
1 0.62 1097.9 254.9 1104.8 269.1 1071.8 285.2 1064.9 271.0
1 0.59 1125.2 436.3 1132.5 450.6 1100.8 466.8 1093.5 452.4
1 0.56 1217.0 301.8 1201.9 307.6 1189.4 274.8 1204.4 269.1
1 0.53 1116.1 271.0 1123.7 286.4 1089.8 302.9 1082.3 287.5
1 0.42 1069.4 427.6 1077.4 444.0 1045.1 459.7 1037.2 443.4
1 0.42 1046.2 490.3 1042.7 508.1 999.0 499.6 1002.4 481.8
1 0.38 977.7 540.1 958.6 543.8 951.0 504.7 970.1 501.0
1 0.35 1088.0 457.9 1096.4 474.9 1060.2 492.6 1051.8 475.6
1 0.61 1097.9 254.9 1104.9 269.2 1071.7 285.3 1064.7 271.0
1 0.6 1362.7 235.2 1347.4 242.6 1332.0 210.9 1347.2 203.5
1 0.59 1125.2 436.3 1132.5 450.7 1100.8 466.8 1093.5 452.4
1 0.57 1516.6 97.5 1502.5 106.3 1482.7 74.5 1496.8 65.7
1 0.55 1217.1 301.9 1201.8 307.7 1189.2 274.9 1204.5 269.0
1 0.53 1116.1 270.8 1123.8 286.6 1089.9 303.1 1082.2 287.4
1 0.43 1069.4 427.7 1077.3 444.0 1045.2 459.7 1037.2 443.3
1 0.42 1046.1 490.4 1042.6 508.0 999.1 499.6 1002.5 481.9
1 0.38 977.6 540.0 958.7 543.7 951.1 504.8 970.1 501.2
1 0.33 1088.1 457.9 1096.4 474.9 1060.2 492.6 1051.9 475.5
1 0.66 783.0 614.2 790.3 628.0 757.9 645.2 750.6 631.5
1 0.63 911.8 546.3 919.7 560.7 885.5 579.6 877.5 565.3
1 0.62 892.4 524.3 899.2 538.7 864.5 554.9 857.8 540.5
1 0.62 1097.9 254.9 1104.8 269.0 1071.8 285.1 1064.9 271.0
1 0.61 830.4 530.8 836.6 542.9 807.6 557.7 801.4 545.5
1 0.58 1125.2 436.3 1132.5 450.6 1100.8 466.8 1093.5 452.4
1 0.56 1217.0 301.8 1201.9 307.6 1189.3 274.8 1204.4 269.1
1 0.52 1116.2 271.0 1123.7 286.4 1089.8 302.9 1082.3 287.5
1 0.41 1069.4 427.6 1077.4 444.0 1045.1 459.7 1037.2 443.4
1 0.41 1046.1 490.3 1042.7 508.1 999.0 499.6 1002.5 481.8
1 0.33 1088.1 457.9 1096.4 474.9 1060.1 492.6 1051.8 475.6
1 0.25 978.1 539.3 961.8 542.2 955.1 504.2 971.5 501.3
1 0.61 1362.6 235.2 1347.5 242.6 1332.0 210.9 1347.2 203.5
1 0.57 1516.6 97.4 1502.5 106.2 1482.7 74.5 1496.8 65.7
1 0.46 266.3 746.7 264.1 761.0 229.8 755.6 232.0 741.3
1 0.66 782.9 614.3 790.2 628.0 757.9 645.3 750.6 631.5
1 0.61 830.4 530.8 836.5 542.9 807.7 557.5 801.6 545.5
1 0.33 265.4 748.0 263.0 762.9 226.2 757.0 228.6 742.2
1 0.33 889.7 527.5 895.4 542.4 863.8 554.6 858.1 539.6
1 0.45 266.4 747.3 263.6 761.6 229.7 755.0 232.4 740.7
1 0.61 1362.7 235.2 1347.5 242.6 1332.0 210.9 1347.2 203.5
1 0.58 1516.6 97.5 1502.5 106.3 1482.7 74.5 1496.8 65.7
1 0.57 1124.8 435.8 1132.5 450.2 1100.8 467.0 1093.2 452.6
1 0.44 1046.5 489.8 1042.8 508.5 998.2 499.9 1001.8 481.1
1 0.37 977.6 539.8 958.5 543.5 951.0 504.9 970.1 501.2
1 0.27 1088.1 457.8 1096.5 475.1 1060.4 492.7 1051.9 475.4
1 0.63 1362.5 235.2 1347.5 242.5 1332.2 211.0 1347.2 203.7
1 0.63 911.7 546.3 919.7 560.7 885.5 579.7 877.5 565.3
1 0.62 892.4 524.4 899.1 538.8 864.5 554.9 857.8 540.5
1 0.62 783.2 614.6 790.3 628.4 757.4 645.1 750.4 631.3
1 0.61 830.4 530.7 836.6 542.9 807.7 557.7 801.4 545.5
1 0.61 1098.2 255.5 1104.7 269.4 1071.9 284.6 1065.4 270.8
1 0.59 1125.2 436.3 1132.5 450.6 1100.8 466.8 1093.5 452.4
1 0.55 1217.1 301.9 1201.8 307.8 1189.2 274.9 1204.5 269.0
1 0.53 1116.1 270.8 1123.8 286.6 1089.9 303.1 1082.2 287.3
1 0.42 1045.9 490.4 1042.5 508.0 999.2 499.6 1002.6 482.0
1 0.41 1069.4 427.6 1077.4 444.0 1045.1 459.7 1037.2 443.4
1 0.32 1088.1 457.9 1096.4 474.9 1060.1 492.6 1051.8 475.6
1 0.26 978.1 539.2 961.8 542.1 955.1 504.3 971.4 501.4
