1 0.62 827.6 519.5 827.3 532.8 794.8 532.3 795.1 518.9
1 0.61 890.2 572.5 890.4 588.5 853.0 589.1 852.7 573.1
1 0.59 884.8 543.5 884.3 558.7 846.7 557.4 847.2 542.2
1 0.57 1130.0 578.4 1130.0 593.3 1095.7 593.3 1095.7 578.4
1 0.55 1263.3 468.0 1278.6 469.4 1275.6 503.2 1260.4 501.9
1 0.52 1084.2 578.7 1084.2 593.1 1049.8 593.1 1049.8 578.7
1 0.49 1180.8 579.5 1181.9 594.4 1144.2 597.0 1143.2 582.1
1 0.49 1085.7 543.4 1085.7 557.9 1051.4 557.9 1051.4 543.4
1 0.47 745.4 571.0 745.4 586.6 709.5 586.6 709.5 571.0
1 0.47 1035.4 587.9 1023.3 601.8 990.6 573.4 1002.7 559.5
1 0.58 1632.1 471.5 1616.0 473.4 1611.7 438.4 1627.8 436.4
1 0.56 1434.1 515.3 1418.1 516.1 1416.3 482.7 1432.4 481.9
1 0.62 827.5 519.5 827.3 532.8 794.8 532.3 795.0 518.9
1 0.62 890.0 572.6 890.3 588.5 853.2 589.1 852.9 573.2
1 0.61 1194.6 407.2 1194.1 422.0 1158.1 420.8 1158.7 406.0
1 0.6 1202.8 430.0 1202.2 446.5 1164.4 445.2 1165.0 428.7
1 0.6 884.8 543.6 884.3 558.7 846.8 557.4 847.4 542.3
1 0.56 1131.2 578.2 1131.2 593.2 1095.6 593.2 1095.6 578.2
1 0.55 1263.3 468.2 1278.6 469.5 1275.7 503.2 1260.4 501.9
1 0.51 1084.9 578.2 1084.9 593.4 1049.4 593.4 1049.4 578.2
1 0.51 1086.2 542.9 1086.2 557.8 1051.0 557.8 1051.0 542.9
1 0.49 1180.7 579.3 1181.8 594.5 1144.1 597.1 1143.1 582.0
1 0.48 745.4 571.0 745.4 586.5 709.6 586.5 709.6 571.0
1 0.48 1035.2 587.9 1023.2 601.7 990.6 573.4 1002.6 559.6
1 0.44 955.9 328.6 970.6 329.1 969.4 363.7 954.7 363.2
1 0.27 1183.7 319.2 1185.5 330.7 1161.6 334.5 1159.7 323.0
1 0.64 1784.8 3.9 1784.8 19.7 1747.9 19.7 1747.9 3.9
1 0.57 1632.1 471.5 1615.9 473.5 1611.6 438.4 1627.8 436.4
1 0.55 1434.1 515.3 1418.1 516.1 1416.3 482.7 1432.4 481.9
1 0.6 1434.0 515.1 1418.1 515.9 1416.4 482.7 1432.2 481.9
1 0.57 1130.0 578.4 1130.0 593.3 1095.7 593.3 1095.7 578.4
1 0.55 1264.3 467.7 1279.5 469.9 1274.7 503.6 1259.5 501.4
1 0.52 1084.2 578.8 1084.2 593.0 1049.8 593.0 1049.8 578.8
1 0.49 1085.7 543.4 1085.7 557.9 1051.3 557.9 1051.3 543.4
1 0.49 1180.8 579.5 1181.8 594.4 1144.2 597.0 1143.2 582.1
1 0.48 1035.1 587.8 1023.1 601.6 990.7 573.4 1002.7 559.6
1 0.58 1632.1 471.5 1616.0 473.4 1611.7 438.4 1627.8 436.4
1 0.55 1434.1 515.3 1418.0 516.2 1416.3 482.7 1432.4 481.8
1 0.51 1263.3 468.2 1278.6 469.5 1275.6 503.2 1260.4 501.9
1 0.6 1194.7 407.2 1194.2 422.0 1158.1 420.8 1158.6 405.9
1 0.6 1202.8 430.0 1202.2 446.5 1164.4 445.2 1164.9 428.7
1 0.56 1131.2 578.2 1131.2 593.2 1095.6 593.2 1095.6 578.2
1 0.56 1434.1 515.3 1418.1 516.1 1416.3 482.7 1432.4 481.9
1 0.54 1263.3 468.2 1278.6 469.5 1275.7 503.3 1260.3 501.9
1 0.51 1084.3 578.6 1084.3 593.1 1049.8 593.1 1049.8 578.6
1 0.5 1086.2 542.9 1086.2 557.8 1050.9 557.8 1050.9 542.9
1 0.49 1180.7 579.4 1181.8 594.5 1144.2 597.1 1143.1 582.0
1 0.48 1035.1 587.9 1023.1 601.6 990.6 573.4 1002.6 559.6
1 0.26 1183.6 319.2 1185.5 330.8 1161.5 334.6 1159.7 323.0
1 0.63 827.5 519.5 827.3 532.8 794.8 532.3 795.0 518.9
1 0.61 745.0 571.0 745.0 586.6 709.0 586.6 709.0 571.0
1 0.52 888.0 572.3 888.3 588.3 852.7 588.9 852.4 572.9
1 0.51 884.0 543.7 883.4 558.8 846.4 557.5 846.9 542.4
1 0.49 711.5 624.5 711.5 641.0 673.8 641.0 673.8 624.5
1 0.63 827.5 519.5 827.3 532.8 794.8 532.3 795.1 518.9
1 0.61 745.0 571.1 745.0 586.6 709.0 586.6 709.0 571.1
1 0.52 887.9 572.3 888.2 588.3 852.7 588.9 852.5 572.9
1 0.5 884.0 543.7 883.5 558.9 846.4 557.6 846.9 542.4
1 0.45 710.3 624.0 710.3 638.6 674.4 638.6 674.4 624.0
1 0.59 1434.0 515.1 1418.1 515.9 1416.3 482.7 1432.3 481.8
1 0.54 1263.3 468.0 1278.6 469.4 1275.6 503.3 1260.4 501.9
1 0.52 1633.1 471.4 1616.3 474.1 1610.4 436.8 1627.2 434.2
1 0.59 1434.0 515.1 1418.1 515.9 1416.4 482.7 1432.3 481.9
1 0.53 1633.1 471.4 1616.3 474.1 1610.4 436.9 1627.2 434.2
1 0.61 827.6 519.4 827.4 532.9 794.8 532.3 795.0 518.9
1 0.61 890.1 572.5 890.4 588.5 853.0 589.1 852.7 573.2
1 0.6 745.0 571.1 745.0 586.7 708.9 586.7 708.9 571.1
1 0.59 884.8 543.5 884.3 558.7 846.7 557.4 847.3 542.2
1 0.51 1084.3 578.7 1084.3 593.0 1049.8 593.0 1049.8 578.7
1 0.48 1035.3 587.8 1023.2 601.7 990.6 573.4 1002.7 559.5
1 0.48 1085.7 543.4 1085.7 557.9 1051.4 557.9 1051.4 543.4
1 0.46 1127.8 578.3 1127.8 593.0 1095.0 593.0 1095.0 578.3
1 0.45 710.5 623.8 710.5 638.7 674.2 638.7 674.2 623.8
1 0.63 827.5 519.5 827.3 532.8 794.8 532.3 795.1 518.9
1 0.62 890.0 572.6 890.3 588.4 853.2 589.1 852.9 573.2
1 0.61 1194.6 407.2 1194.1 422.0 1158.1 420.8 1158.7 406.0
1 0.6 1203.8 430.2 1203.2 446.3 1164.0 444.9 1164.6 428.8
1 0.59 884.8 543.6 884.3 558.7 846.8 557.4 847.4 542.3
1 0.56 1131.2 578.2 1131.2 593.2 1095.6 593.2 1095.6 578.2
1 0.55 1263.3 468.2 1278.6 469.5 1275.6 503.2 1260.4 501.9
1 0.52 1084.3 578.6 1084.3 593.1 1049.8 593.1 1049.8 578.6
1 0.51 1086.2 542.9 1086.2 557.8 1050.9 557.8 1050.9 542.9
1 0.49 1180.7 579.4 1181.8 594.5 1144.2 597.1 1143.1 582.0
1 0.48 745.4 571.0 745.4 586.5 709.8 586.5 709.8 571.0
1 0.46 1035.1 587.9 1023.2 601.7 990.6 573.4 1002.6 559.6
1 0.45 955.9 328.7 970.5 329.2 969.3 363.7 954.7 363.1
1 0.26 1183.6 319.2 1185.4 330.7 1161.5 334.5 1159.7 323.0
1 0.61 1194.6 407.2 1194.1 422.0 1158.2 420.7 1158.7 406.0
1 0.6 1202.7 430.0 1202.2 446.5 1164.4 445.1 1165.0 428.7
1 0.56 1434.1 515.3 1418.1 516.1 1416.3 482.7 1432.4 481.9
1 0.56 1131.2 578.2 1131.2 593.2 1095.6 593.2 1095.6 578.2
1 0.54 1263.3 468.2 1278.6 469.5 1275.7 503.2 1260.4 501.9
1 0.52 1084.3 578.6 1084.3 593.1 1049.8 593.1 1049.8 578.6
1 0.51 1086.2 542.9 1086.2 557.8 1050.9 557.8 1050.9 542.9
1 0.49 1180.7 579.4 1181.7 594.4 1144.2 597.1 1143.2 582.0
1 0.47 1034.9 587.9 1023.1 601.5 990.7 573.4 1002.6 559.7
1 0.27 1183.6 319.2 1185.4 330.7 1161.5 334.5 1159.7 323.0
1 0.62 827.6 519.5 827.3 532.9 794.8 532.3 795.0 518.9
1 0.62 890.0 572.6 890.2 588.4 853.2 589.1 852.9 573.2
1 0.61 745.0 571.0 745.0 586.6 708.9 586.6 708.9 571.0
1 0.59 884.8 543.7 884.3 558.7 846.9 557.4 847.4 542.4
1 0.51 1084.3 578.6 1084.3 593.1 1049.8 593.1 1049.8 578.6
1 0.5 711.5 624.5 711.5 641.0 673.8 641.0 673.8 624.5
1 0.49 1086.2 542.9 1086.2 557.7 1051.0 557.7 1051.0 542.9
1 0.46 1034.8 587.8 1023.0 601.4 990.7 573.4 1002.5 559.7
1 0.44 1129.6 577.4 1130.1 592.4 1095.9 593.6 1095.4 578.6
1 0.43 955.9 328.6 970.6 329.1 969.4 363.8 954.6 363.3
1 0.64 1784.8 3.9 1784.8 19.7 1747.9 19.7 1747.9 3.9
1 0.57 1632.1 471.5 1615.9 473.5 1611.6 438.3 1627.8 436.3
1 0.55 1434.2 515.3 1418.0 516.2 1416.3 482.7 1432.4 481.9
1 0.52 1263.3 468.2 1278.6 469.5 1275.6 503.2 1260.4 501.9
1 0.62 827.6 519.4 827.4 532.8 794.8 532.3 795.1 518.9
1 0.6 745.0 571.0 745.0 586.7 708.9 586.7 708.9 571.0
1 0.51 887.7 572.5 888.0 587.9 852.8 588.5 852.5 573.1
1 0.5 884.4 543.6 883.9 558.9 846.2 557.6 846.7 542.3
1 0.45 710.5 623.8 710.5 638.7 674.1 638.7 674.1 623.8
1 0.62 827.5 519.4 827.3 532.9 794.8 532.3 795.0 518.9
1 0.62 890.0 572.6 890.2 588.4 853.2 589.1 852.9 573.2
1 0.61 745.0 571.1 745.0 586.6 709.0 586.6 709.0 571.1
1 0.59 884.8 543.6 884.3 558.7 846.9 557.4 847.4 542.3
1 0.52 1084.3 578.6 1084.3 593.0 1049.9 593.0 1049.9 578.6
1 0.5 1086.2 543.0 1086.2 557.7 1050.9 557.7 1050.9 543.0
1 0.47 1034.9 587.9 1023.1 601.5 990.7 573.4 1002.5 559.7
1 0.45 710.3 624.0 710.3 638.5 674.4 638.5 674.4 624.0
1 0.45 1127.8 578.4 1127.8 592.9 1095.1 592.9 1095.1 578.4
1 0.45 955.9 328.7 970.5 329.2 969.3 363.7 954.7 363.2
