1 0.59 1434.1 515.3 1418.3 516.1 1416.6 482.7 1432.3 481.8
1 0.58 1130.9 578.6 1130.9 593.0 1096.1 593.0 1096.1 578.6
1 0.55 1264.5 467.7 1279.6 469.8 1274.8 503.5 1259.7 501.4
1 0.52 1084.4 578.9 1084.2 593.5 1049.9 592.9 1050.1 578.3
1 0.52 1086.4 543.1 1086.4 558.0 1051.1 558.0 1051.1 543.1
1 0.49 1180.9 579.8 1181.9 594.5 1144.5 597.1 1143.5 582.4
1 0.4 1034.8 587.9 1022.4 601.6 990.7 573.1 1003.1 559.4
1 0.61 1195.0 407.2 1194.5 422.1 1158.3 420.8 1158.8 405.9
1 0.6 1204.2 430.2 1203.6 446.4 1164.0 445.0 1164.6 428.8
1 0.57 1131.4 578.4 1131.4 593.3 1095.9 593.3 1095.9 578.4
1 0.56 1434.2 515.4 1418.3 516.3 1416.5 482.7 1432.5 481.8
1 0.54 1264.4 467.8 1279.6 469.9 1274.9 503.5 1259.7 501.4
1 0.52 1086.4 543.0 1086.4 558.0 1051.1 558.0 1051.1 543.0
1 0.51 1084.5 578.8 1084.2 593.6 1049.8 593.0 1050.1 578.2
1 0.48 1180.8 579.7 1181.9 594.6 1144.4 597.2 1143.4 582.3
1 0.4 1034.7 587.9 1022.4 601.7 990.6 573.0 1003.0 559.3
1 0.32 1184.4 319.1 1186.2 330.8 1161.9 334.7 1160.0 323.0
1 0.63 827.6 519.5 827.4 532.7 794.8 532.2 795.0 518.9
1 0.6 745.1 571.1 745.1 586.6 709.3 586.6 709.3 571.1
1 0.52 885.5 543.9 884.7 559.7 846.4 557.7 847.2 541.9
1 0.51 888.2 571.8 888.8 587.9 852.9 589.2 852.3 573.1
1 0.43 749.4 626.8 749.4 642.4 715.9 642.4 715.9 626.8
1 0.63 827.6 519.4 827.4 532.7 794.8 532.1 795.0 518.9
1 0.61 892.2 571.9 892.8 588.0 852.8 589.4 852.2 573.3
1 0.6 884.9 543.5 884.3 558.9 846.8 557.6 847.4 542.2
1 0.58 1130.9 578.6 1130.9 592.9 1096.1 592.9 1096.1 578.6
1 0.55 1264.5 467.7 1279.5 469.8 1274.8 503.5 1259.8 501.4
1 0.52 1084.5 578.9 1084.2 593.5 1049.9 592.9 1050.2 578.3
1 0.51 1086.4 543.0 1086.4 558.0 1051.1 558.0 1051.1 543.0
1 0.49 1181.0 579.8 1182.0 594.5 1144.5 597.1 1143.5 582.4
1 0.47 745.7 571.0 745.7 586.6 710.2 586.6 710.2 571.0
1 0.4 1035.0 588.0 1022.5 601.9 990.6 573.1 1003.1 559.2
1 0.37 750.3 626.4 750.3 641.2 711.9 641.2 711.9 626.4
1 0.63 827.6 519.4 827.4 532.7 794.8 532.2 795.0 518.9
1 0.61 745.1 571.1 745.1 586.6 709.3 586.6 709.3 571.1
1 0.52 888.1 571.8 888.6 587.9 852.9 589.2 852.4 573.1
1 0.51 885.5 543.9 884.7 559.7 846.4 557.7 847.2 541.9
1 0.46 749.9 626.4 749.9 640.4 716.4 640.4 716.4 626.4
1 0.66 1885.4 5.7 1885.4 21.5 1847.8 21.5 1847.8 5.7
1 0.57 1632.7 471.4 1616.6 474.0 1611.0 438.9 1627.2 436.3
1 0.55 1434.2 515.5 1418.3 516.3 1416.5 482.7 1432.5 481.8
1 0.59 1434.1 515.3 1418.3 516.2 1416.5 482.7 1432.3 481.8
1 0.52 1633.2 471.6 1616.3 474.3 1610.4 436.9 1627.3 434.2
1 0.58 1632.7 471.4 1616.6 473.9 1611.0 438.9 1627.1 436.4
1 0.55 1434.2 515.5 1418.3 516.3 1416.5 482.6 1432.5 481.8
1 0.52 1264.5 467.8 1279.5 469.9 1274.8 503.5 1259.7 501.4
1 0.57 1632.7 471.4 1616.5 474.0 1611.0 438.8 1627.2 436.3
1 0.55 1434.2 515.5 1418.2 516.3 1416.5 482.7 1432.5 481.8
1 0.53 1264.4 467.8 1279.5 469.9 1274.8 503.5 1259.7 501.4
1 0.61 892.2 571.9 892.7 588.0 852.8 589.4 852.2 573.3
1 0.61 827.6 519.4 827.4 532.8 794.8 532.2 795.0 518.8
1 0.6 745.1 571.1 745.1 586.7 709.1 586.7 709.1 571.1
1 0.59 884.9 543.5 884.4 558.9 846.9 557.6 847.4 542.2
1 0.51 1084.5 578.9 1084.2 593.5 1049.9 592.9 1050.1 578.3
1 0.5 1086.5 543.0 1086.5 558.0 1051.1 558.0 1051.1 543.0
1 0.48 749.8 626.4 749.8 640.4 716.5 640.4 716.5 626.4
1 0.46 1128.0 578.5 1128.0 593.0 1095.3 593.0 1095.3 578.5
1 0.41 1035.0 587.9 1022.5 601.8 990.6 573.1 1003.1 559.2
1 0.63 827.6 519.4 827.4 532.7 794.8 532.2 795.0 518.9
1 0.62 892.0 572.0 892.6 588.0 853.0 589.4 852.4 573.4
1 0.61 1195.0 407.2 1194.5 422.1 1158.3 420.8 1158.8 405.9
1 0.61 1204.2 430.2 1203.6 446.4 1164.1 445.0 1164.6 428.8
1 0.6 884.9 543.6 884.3 558.8 846.9 557.5 847.5 542.3
1 0.57 1130.9 578.6 1130.9 593.0 1096.1 593.0 1096.1 578.6
1 0.55 1264.4 467.8 1279.6 469.9 1274.8 503.5 1259.7 501.4
1 0.53 1086.3 543.1 1086.3 557.9 1051.1 557.9 1051.1 543.1
1 0.52 1084.5 578.8 1084.2 593.6 1049.9 593.0 1050.1 578.2
1 0.48 1180.8 579.7 1181.9 594.6 1144.4 597.2 1143.4 582.3
1 0.48 957.1 298.8 972.2 300.1 969.2 334.7 954.1 333.3
1 0.48 745.6 571.1 745.6 586.5 710.4 586.5 710.4 571.1
1 0.37 1034.8 588.0 1022.4 601.7 990.6 573.0 1002.9 559.3
1 0.35 750.5 626.4 750.5 641.3 711.8 641.3 711.8 626.4
1 0.32 1184.4 319.2 1186.2 330.8 1161.9 334.6 1160.0 323.0
1 0.63 827.6 519.5 827.4 532.7 794.8 532.2 795.0 518.9
1 0.62 892.1 572.0 892.6 588.0 853.0 589.4 852.4 573.4
1 0.61 1195.0 407.2 1194.5 422.1 1158.3 420.8 1158.8 405.9
1 0.6 1204.2 430.2 1203.6 446.4 1164.0 445.0 1164.6 428.8
1 0.6 884.9 543.6 884.3 558.8 846.9 557.5 847.5 542.3
1 0.57 1131.4 578.4 1131.4 593.3 1095.9 593.3 1095.9 578.4
1 0.55 1264.4 467.8 1279.6 469.9 1274.9 503.5 1259.7 501.4
1 0.53 1086.3 543.1 1086.3 557.9 1051.2 557.9 1051.2 543.1
1 0.51 1084.5 578.8 1084.2 593.6 1049.8 593.0 1050.1 578.2
1 0.48 1180.9 579.7 1181.9 594.6 1144.4 597.2 1143.3 582.3
1 0.47 745.6 571.0 745.6 586.5 710.2 586.5 710.2 571.0
1 0.47 957.2 298.8 972.2 300.1 969.2 334.7 954.1 333.4
1 0.4 1034.8 588.0 1022.4 601.7 990.6 573.1 1003.0 559.3
1 0.33 1184.4 319.1 1186.3 330.8 1161.9 334.7 1160.1 323.0
1 0.31 749.8 626.7 749.8 642.9 711.5 642.9 711.5 626.7
1 0.61 1195.0 407.2 1194.5 422.1 1158.3 420.8 1158.8 405.9
1 0.6 1204.2 430.2 1203.6 446.4 1164.1 445.0 1164.6 428.8
1 0.57 1130.9 578.6 1130.9 593.0 1096.1 593.0 1096.1 578.6
1 0.56 1434.2 515.5 1418.3 516.3 1416.5 482.7 1432.5 481.8
1 0.54 1264.5 467.8 1279.6 469.9 1274.9 503.5 1259.7 501.4
1 0.52 1086.3 543.1 1086.3 557.9 1051.1 557.9 1051.1 543.1
1 0.52 1084.5 578.8 1084.2 593.5 1049.9 592.9 1050.1 578.2
1 0.47 1180.8 579.7 1181.8 594.5 1144.4 597.1 1143.4 582.4
1 0.39 1034.6 587.9 1022.3 601.6 990.7 573.0 1002.9 559.4
1 0.34 1184.3 319.2 1186.2 330.8 1161.9 334.6 1160.0 323.0
1 0.62 827.6 519.5 827.4 532.7 794.8 532.2 795.0 518.9
1 0.62 892.0 572.0 892.5 588.0 853.0 589.4 852.4 573.4
1 0.6 745.1 571.1 745.1 586.6 709.3 586.6 709.3 571.1
1 0.6 884.8 543.6 884.3 558.8 846.9 557.5 847.5 542.3
1 0.52 1086.4 543.1 1086.4 557.9 1051.2 557.9 1051.2 543.1
1 0.51 1084.5 578.9 1084.2 593.5 1049.9 592.9 1050.1 578.3
1 0.46 957.1 298.8 972.2 300.1 969.2 334.7 954.1 333.4
1 0.44 1129.7 577.5 1130.2 592.5 1096.2 593.7 1095.7 578.7
1 0.43 749.4 626.8 749.4 642.4 715.9 642.4 715.9 626.8
1 0.38 1034.4 587.8 1022.1 601.4 990.7 573.0 1002.9 559.5
1 0.59 1434.1 515.4 1418.3 516.2 1416.5 482.6 1432.3 481.8
1 0.54 1264.5 467.7 1279.5 469.8 1274.8 503.5 1259.7 501.4
1 0.51 1633.3 471.6 1616.3 474.3 1610.3 436.8 1627.3 434.1
1 0.62 827.6 519.4 827.4 532.8 794.8 532.2 795.0 518.8
1 0.62 892.0 572.0 892.6 588.0 853.0 589.4 852.4 573.4
1 0.61 745.1 571.1 745.1 586.6 709.3 586.6 709.3 571.1
1 0.6 884.9 543.6 884.3 558.8 846.9 557.5 847.5 542.3
1 0.52 1086.3 543.1 1086.3 557.9 1051.1 557.9 1051.1 543.1
1 0.52 1084.5 578.9 1084.2 593.5 1049.9 592.9 1050.1 578.3
1 0.47 957.1 298.7 972.2 300.1 969.2 334.7 954.1 333.4
1 0.46 749.8 626.4 749.8 640.4 716.4 640.4 716.4 626.4
1 0.45 1129.6 577.5 1130.1 592.4 1096.2 593.6 1095.7 578.7
1 0.39 1034.6 587.9 1022.3 601.6 990.6 573.0 1002.9 559.4
1 0.58 1632.7 471.4 1616.6 473.9 1611.0 438.9 1627.1 436.4
1 0.56 1434.2 515.5 1418.3 516.3 1416.5 482.7 1432.5 481.8
1 0.62 827.7 519.4 827.4 532.7 794.8 532.2 795.0 518.9
1 0.6 745.2 571.1 745.2 586.7 709.2 586.7 709.2 571.1
1 0.51 887.9 572.3 888.2 587.8 852.8 588.4 852.5 572.9
1 0.51 886.0 543.8 885.1 559.7 846.2 557.7 847.0 541.8
1 0.49 749.8 626.4 749.8 640.4 716.5 640.4 716.5 626.4
