1 0.61 1194.4 406.6 1193.9 421.5 1158.1 420.2 1158.6 405.3
1 0.6 1203.7 429.6 1203.2 445.6 1164.0 444.2 1164.5 428.3
1 0.55 1264.1 466.9 1279.2 469.0 1274.4 502.9 1259.4 500.8
1 0.54 1434.1 514.7 1418.0 515.5 1416.3 481.6 1432.3 480.8
1 0.53 1085.7 543.0 1085.4 557.4 1050.9 556.8 1051.2 542.4
1 0.51 1131.2 577.8 1131.2 592.4 1095.8 592.4 1095.8 577.8
1 0.51 1085.1 577.7 1085.1 592.6 1049.2 592.6 1049.2 577.7
1 0.45 1181.2 579.6 1181.7 594.6 1143.8 595.9 1143.3 580.9
1 0.42 1034.6 585.8 1022.9 600.3 989.9 573.6 1001.6 559.1
1 0.28 1184.1 318.5 1185.8 330.5 1161.7 333.9 1160.0 321.9
1 0.62 827.6 518.8 827.4 532.2 794.9 531.6 795.1 518.3
1 0.61 890.5 572.3 890.5 588.0 853.6 588.0 853.6 572.3
1 0.61 884.2 543.1 883.7 558.2 846.6 556.9 847.1 541.8
1 0.59 745.2 570.4 745.2 586.2 708.8 586.2 708.8 570.4
1 0.54 896.4 616.8 899.6 631.6 865.0 638.9 861.8 624.2
1 0.51 1086.0 542.4 1086.0 557.5 1050.6 557.5 1050.6 542.4
1 0.5 1085.2 578.2 1084.9 592.9 1049.1 592.3 1049.4 577.6
1 0.42 1034.5 585.7 1022.8 600.2 990.0 573.7 1001.8 559.1
1 0.41 1127.7 578.0 1127.7 592.4 1095.1 592.4 1095.1 578.0
1 0.58 1433.9 514.6 1418.0 515.4 1416.3 481.7 1432.2 480.8
1 0.55 1264.2 466.8 1279.2 469.0 1274.4 503.0 1259.4 500.9
1 0.51 1633.2 471.1 1616.2 473.8 1610.2 435.8 1627.2 433.1
1 0.58 1632.7 470.7 1616.5 473.2 1610.9 437.8 1627.1 435.2
1 0.54 1434.1 514.7 1418.0 515.6 1416.2 481.7 1432.3 480.8
1 0.54 1264.1 466.9 1279.2 469.0 1274.4 503.0 1259.4 500.8
1 0.62 827.6 518.8 827.4 532.2 794.8 531.6 795.1 518.3
1 0.62 890.3 572.4 890.3 587.9 853.8 587.9 853.8 572.4
1 0.61 884.3 543.2 883.8 558.1 846.7 556.8 847.2 541.9
1 0.59 745.2 570.4 745.2 586.2 708.9 586.2 708.9 570.4
1 0.57 896.4 616.9 899.5 631.5 864.7 638.9 861.6 624.3
1 0.54 963.8 25.9 979.3 27.3 976.1 63.9 960.6 62.5
1 0.52 1085.7 543.1 1085.5 557.4 1051.0 556.8 1051.2 542.5
1 0.5 1085.1 577.8 1085.1 592.6 1049.2 592.6 1049.2 577.8
1 0.41 1034.4 585.7 1022.7 600.1 989.9 573.6 1001.6 559.2
1 0.39 1130.2 577.6 1130.2 592.5 1095.6 592.5 1095.6 577.6
1 0.59 1632.6 470.7 1616.5 473.2 1610.9 437.9 1627.0 435.3
1 0.54 1434.1 514.7 1418.0 515.6 1416.2 481.6 1432.3 480.8
1 0.52 1264.1 466.9 1279.2 469.0 1274.4 502.9 1259.4 500.8
1 0.59 1632.7 470.7 1616.5 473.2 1610.9 437.9 1627.0 435.3
1 0.54 1434.1 514.7 1418.0 515.6 1416.3 481.6 1432.3 480.8
1 0.63 827.6 518.8 827.3 532.2 794.8 531.7 795.1 518.2
1 0.62 890.1 572.1 890.4 587.6 853.9 588.2 853.7 572.7
1 0.61 884.3 543.2 883.8 558.2 846.7 556.9 847.2 541.9
1 0.59 745.2 570.4 745.2 586.2 708.9 586.2 708.9 570.4
1 0.55 896.4 616.9 899.5 631.4 865.0 638.8 861.9 624.2
1 0.52 1085.7 543.1 1085.4 557.4 1051.0 556.8 1051.2 542.5
1 0.51 1085.1 577.8 1085.1 592.6 1049.2 592.6 1049.2 577.8
1 0.42 1034.5 585.8 1022.8 600.3 989.9 573.6 1001.6 559.1
1 0.4 1127.7 578.1 1127.7 592.3 1095.2 592.3 1095.2 578.1
1 0.61 1194.5 406.5 1193.9 421.5 1158.0 420.3 1158.6 405.3
1 0.6 1203.8 429.6 1203.2 445.7 1163.9 444.3 1164.5 428.2
1 0.55 963.6 25.6 979.3 27.0 976.1 64.0 960.4 62.6
1 0.55 1264.1 466.9 1279.2 469.0 1274.4 503.0 1259.4 500.9
1 0.54 1434.0 514.7 1418.0 515.5 1416.3 481.7 1432.3 480.8
1 0.52 1086.0 542.4 1086.0 557.4 1050.7 557.4 1050.7 542.4
1 0.51 1131.2 577.8 1131.2 592.5 1095.7 592.5 1095.7 577.8
1 0.5 1085.2 577.7 1085.2 592.6 1049.1 592.6 1049.1 577.7
1 0.45 1181.2 579.5 1181.8 594.6 1143.8 595.9 1143.2 580.8
1 0.44 1034.9 585.9 1023.0 600.5 989.9 573.6 1001.7 559.0
1 0.26 1184.2 318.5 1185.8 330.5 1161.7 333.9 1160.0 321.9
1 0.64 827.5 518.8 827.3 532.2 794.9 531.6 795.1 518.3
1 0.62 890.2 572.1 890.4 587.6 853.9 588.2 853.6 572.7
1 0.61 1194.4 406.6 1193.9 421.5 1158.1 420.2 1158.6 405.3
1 0.61 884.3 543.2 883.8 558.1 846.6 556.9 847.2 541.9
1 0.61 1203.8 429.6 1203.2 445.6 1164.0 444.3 1164.6 428.2
1 0.56 1264.1 466.9 1279.2 469.0 1274.4 502.9 1259.4 500.8
1 0.55 896.3 616.9 899.4 631.4 865.0 638.8 861.9 624.2
1 0.53 1085.9 542.5 1085.9 557.3 1050.7 557.3 1050.7 542.5
1 0.51 1131.2 577.8 1131.2 592.4 1095.8 592.4 1095.8 577.8
1 0.51 1085.1 577.7 1085.1 592.6 1049.2 592.6 1049.2 577.7
1 0.45 1181.2 579.5 1181.8 594.6 1143.8 595.9 1143.2 580.8
1 0.43 745.3 571.0 745.3 585.6 710.1 585.6 710.1 571.0
1 0.41 1034.8 585.9 1023.0 600.5 989.8 573.6 1001.6 559.0
1 0.26 1184.1 318.6 1185.8 330.5 1161.8 333.9 1160.1 321.9
1 0.63 827.6 518.8 827.3 532.2 794.9 531.6 795.1 518.3
1 0.59 745.2 570.4 745.2 586.2 708.9 586.2 708.9 570.4
1 0.59 880.5 543.7 879.7 558.2 846.4 556.5 847.2 541.9
1 0.51 888.1 572.0 888.3 587.5 853.1 588.1 852.9 572.6
1 0.58 1433.9 514.6 1418.1 515.4 1416.3 481.7 1432.2 480.9
1 0.52 1633.2 471.0 1616.2 473.7 1610.2 435.9 1627.2 433.2
1 0.63 827.6 518.9 827.3 532.2 794.9 531.6 795.1 518.3
1 0.62 890.3 572.4 890.3 587.9 853.8 587.9 853.8 572.4
1 0.61 1194.4 406.6 1193.9 421.5 1158.1 420.2 1158.6 405.3
1 0.61 884.4 543.2 883.8 558.1 846.6 556.9 847.2 541.9
1 0.6 1203.7 429.6 1203.2 445.7 1164.0 444.3 1164.5 428.2
1 0.56 896.4 616.9 899.5 631.5 864.7 638.9 861.6 624.3
1 0.56 1264.1 466.9 1279.2 469.0 1274.4 503.0 1259.4 500.9
1 0.54 963.8 25.9 979.4 27.2 976.2 63.9 960.6 62.6
1 0.53 1085.9 542.4 1085.9 557.3 1050.7 557.3 1050.7 542.4
1 0.51 1131.2 577.8 1131.2 592.5 1095.7 592.5 1095.7 577.8
1 0.5 1085.2 577.7 1085.2 592.7 1049.1 592.7 1049.1 577.7
1 0.45 1181.3 579.5 1181.8 594.6 1143.7 596.0 1143.2 580.8
1 0.44 1034.9 585.9 1023.0 600.6 989.8 573.6 1001.7 559.0
1 0.43 745.4 571.0 745.4 585.6 709.9 585.6 709.9 571.0
1 0.27 1184.2 318.5 1185.9 330.5 1161.8 333.9 1160.1 321.9
1 0.63 827.6 518.9 827.3 532.2 794.9 531.6 795.1 518.3
1 0.6 880.4 543.7 879.7 558.2 846.5 556.4 847.2 542.0
1 0.59 745.2 570.4 745.2 586.2 708.9 586.2 708.9 570.4
1 0.51 888.1 571.9 888.4 587.5 853.1 588.2 852.9 572.6
1 0.63 827.6 518.8 827.4 532.2 794.9 531.6 795.2 518.3
1 0.59 880.6 543.6 879.8 558.2 846.5 556.5 847.2 541.8
1 0.59 745.2 570.4 745.2 586.2 708.8 586.2 708.8 570.4
1 0.51 888.2 571.9 888.5 587.6 853.0 588.2 852.7 572.6
1 0.58 1632.7 470.7 1616.5 473.2 1610.9 437.8 1627.1 435.3
1 0.54 1434.1 514.7 1418.0 515.5 1416.3 481.7 1432.3 480.8
1 0.58 1433.9 514.6 1418.1 515.4 1416.3 481.7 1432.2 480.9
1 0.56 1264.2 466.8 1279.2 468.9 1274.4 503.0 1259.4 500.9
1 0.52 1086.0 542.4 1086.0 557.5 1050.6 557.5 1050.6 542.4
1 0.52 1131.2 577.8 1131.2 592.4 1095.8 592.4 1095.8 577.8
1 0.5 1085.1 578.2 1084.9 592.9 1049.1 592.3 1049.4 577.6
1 0.46 1181.4 579.6 1181.9 594.5 1143.9 595.8 1143.4 580.9
1 0.42 1034.5 585.7 1022.8 600.2 990.0 573.7 1001.8 559.2
1 0.63 827.6 518.9 827.3 532.2 794.9 531.6 795.2 518.3
1 0.61 890.6 572.3 890.6 588.0 853.5 588.0 853.5 572.3
1 0.61 884.2 543.1 883.7 558.2 846.6 556.9 847.1 541.8
1 0.56 1264.2 466.8 1279.2 468.9 1274.4 503.0 1259.4 500.9
1 0.54 896.4 616.8 899.5 631.6 864.9 638.9 861.8 624.2
1 0.52 1086.0 542.4 1086.0 557.4 1050.7 557.4 1050.7 542.4
1 0.51 1131.2 577.8 1131.2 592.4 1095.8 592.4 1095.8 577.8
1 0.5 1085.1 578.2 1084.9 592.9 1049.2 592.3 1049.4 577.6
1 0.46 1181.4 579.6 1181.9 594.5 1143.9 595.8 1143.3 580.9
1 0.43 745.4 571.0 745.4 585.8 709.8 585.8 709.8 571.0
1 0.41 1034.7 585.7 1022.8 600.3 989.9 573.7 1001.8 559.1
