1 0.64 832.3 589.5 832.1 602.7 800.3 602.2 800.6 588.9
1 0.62 751.0 639.7 751.0 655.5 713.3 655.5 713.3 639.7
1 0.61 889.4 613.4 888.9 629.3 851.2 628.0 851.7 612.1
1 0.61 895.6 642.1 895.9 657.9 857.9 658.5 857.6 642.7
1 0.55 970.1 413.2 954.5 414.6 951.4 378.7 966.9 377.3
1 0.52 973.4 292.5 988.3 293.1 987.1 327.9 972.2 327.4
1 0.5 1090.4 613.9 1090.2 628.2 1056.2 627.6 1056.4 613.3
1 0.42 1087.9 647.8 1087.9 662.5 1053.5 662.5 1053.5 647.8
1 0.4 1131.1 647.7 1131.1 662.2 1099.7 662.2 1099.7 647.7
1 0.28 1039.0 657.2 1026.9 671.1 995.6 643.9 1007.7 630.0
1 0.66 832.4 589.5 832.1 602.7 800.4 602.2 800.7 589.0
1 0.62 889.3 613.5 888.8 629.2 851.1 627.9 851.6 612.2
1 0.62 1208.3 499.9 1207.7 516.8 1167.8 515.4 1168.4 498.5
1 0.61 895.5 642.1 895.8 657.8 858.0 658.5 857.7 642.8
1 0.61 1134.3 648.1 1134.0 662.6 1099.5 662.0 1099.8 647.5
1 0.61 1198.7 477.7 1198.2 492.6 1162.0 491.3 1162.6 476.4
1 0.61 1268.5 538.3 1283.5 540.4 1278.8 573.9 1263.8 571.8
1 0.56 1090.3 613.9 1090.1 628.1 1056.0 627.5 1056.3 613.3
1 0.52 750.9 639.9 750.9 655.1 713.1 655.1 713.1 639.9
1 0.43 1088.1 647.5 1088.1 662.5 1053.5 662.5 1053.5 647.5
1 0.39 1184.8 649.1 1185.3 664.8 1148.1 666.1 1147.5 650.4
1 0.29 1039.2 657.2 1027.0 671.2 995.5 643.8 1007.7 629.8
1 0.61 1208.5 499.9 1207.9 516.9 1167.8 515.5 1168.4 498.5
1 0.61 1198.6 477.6 1198.1 492.6 1161.9 491.3 1162.4 476.4
1 0.6 1268.4 538.3 1283.5 540.4 1278.8 573.9 1263.7 571.8
1 0.54 1438.1 585.6 1421.5 586.5 1419.7 552.4 1436.3 551.5
1 0.54 1090.5 613.8 1090.2 628.2 1056.0 627.6 1056.2 613.2
1 0.52 973.2 292.5 988.4 293.0 987.2 328.1 972.0 327.6
1 0.26 1184.5 376.5 1185.5 387.8 1162.6 389.8 1161.6 378.5
1 0.61 1208.5 499.9 1207.9 516.9 1167.8 515.5 1168.4 498.5
1 0.61 1134.4 648.1 1134.1 662.6 1099.6 662.0 1099.9 647.5
1 0.6 1198.7 477.6 1198.2 492.6 1161.8 491.4 1162.4 476.3
1 0.6 1268.4 538.3 1283.5 540.4 1278.8 573.9 1263.7 571.8
1 0.52 1438.1 585.7 1421.5 586.5 1419.7 552.4 1436.3 551.5
1 0.52 1090.4 613.8 1090.2 628.2 1056.1 627.6 1056.3 613.2
1 0.52 973.3 292.5 988.4 293.0 987.2 328.1 972.0 327.5
1 0.43 1087.9 647.7 1087.9 662.5 1053.5 662.5 1053.5 647.7
1 0.38 1184.9 649.3 1185.4 664.8 1148.3 666.1 1147.8 650.6
1 0.29 1039.0 657.2 1026.9 671.1 995.7 643.9 1007.7 630.0
1 0.64 1636.1 542.0 1620.3 543.9 1615.9 508.5 1631.8 506.6
1 0.52 1438.1 585.7 1421.5 586.5 1419.7 552.4 1436.3 551.5
1 0.65 832.3 589.5 832.1 602.7 800.4 602.2 800.6 589.0
1 0.62 889.4 613.4 888.9 629.3 851.2 628.0 851.7 612.1
1 0.61 1208.6 499.9 1208.0 516.9 1167.8 515.5 1168.4 498.5
1 0.61 895.6 642.1 895.8 657.8 857.9 658.5 857.6 642.7
1 0.61 1198.7 477.6 1198.1 492.6 1161.9 491.3 1162.4 476.3
1 0.61 1134.4 648.1 1134.1 662.6 1099.6 662.0 1099.9 647.5
1 0.6 1268.5 538.3 1283.5 540.4 1278.8 573.9 1263.7 571.8
1 0.55 970.1 413.3 954.5 414.6 951.4 378.7 967.0 377.4
1 0.51 750.8 639.7 750.8 655.1 713.0 655.1 713.0 639.7
1 0.51 1090.5 613.8 1090.2 628.3 1056.1 627.7 1056.3 613.2
1 0.5 973.3 292.5 988.4 293.1 987.2 328.0 972.1 327.4
1 0.43 1088.0 647.7 1088.0 662.6 1053.5 662.6 1053.5 647.7
1 0.38 1184.9 649.2 1185.4 664.9 1148.2 666.2 1147.7 650.5
1 0.28 1039.1 657.2 1026.9 671.2 995.7 644.0 1007.8 630.0
1 0.25 1184.5 376.5 1185.5 387.8 1162.6 389.8 1161.6 378.5
1 0.63 1636.2 542.0 1620.3 543.9 1615.9 508.5 1631.8 506.5
1 0.6 1268.5 538.3 1283.5 540.4 1278.7 573.9 1263.8 571.8
1 0.55 1438.1 585.7 1421.5 586.5 1419.7 552.4 1436.3 551.5
1 0.63 1636.1 541.9 1620.3 543.8 1616.0 508.6 1631.7 506.7
1 0.6 1268.5 538.3 1283.5 540.4 1278.8 574.0 1263.8 571.8
1 0.53 1438.1 585.6 1421.5 586.5 1419.7 552.2 1436.3 551.4
1 0.64 1636.1 542.0 1620.3 543.9 1615.9 508.5 1631.8 506.6
1 0.6 1268.5 538.3 1283.4 540.4 1278.7 573.9 1263.8 571.8
1 0.53 1438.1 585.7 1421.5 586.5 1419.7 552.4 1436.3 551.5
1 0.66 832.3 589.5 832.1 602.7 800.4 602.2 800.6 589.0
1 0.62 889.3 613.4 888.7 629.3 850.9 628.0 851.5 612.1
1 0.61 1208.6 499.9 1208.0 516.9 1167.8 515.5 1168.4 498.4
1 0.61 1198.6 477.6 1198.1 492.6 1161.9 491.3 1162.4 476.4
1 0.61 1268.5 538.3 1283.5 540.4 1278.8 573.9 1263.8 571.8
1 0.55 970.1 413.2 954.5 414.6 951.4 378.7 966.9 377.4
1 0.54 1090.5 613.8 1090.2 628.2 1056.0 627.6 1056.2 613.2
1 0.51 973.3 292.6 988.4 293.1 987.2 328.0 972.1 327.5
1 0.25 1184.5 376.5 1185.5 387.8 1162.5 389.8 1161.5 378.5
1 0.66 832.3 589.5 832.1 602.7 800.4 602.1 800.6 589.0
1 0.62 889.3 613.4 888.7 629.3 850.9 628.0 851.5 612.1
1 0.55 970.1 413.2 954.5 414.6 951.4 378.7 966.9 377.3
1 0.52 1090.5 613.9 1090.2 628.2 1056.0 627.6 1056.3 613.3
1 0.52 973.3 292.5 988.4 293.0 987.2 328.0 972.1 327.4
1 0.62 1636.1 541.9 1620.3 543.8 1616.0 508.6 1631.7 506.7
1 0.53 1438.1 585.6 1421.5 586.5 1419.7 552.2 1436.3 551.4
1 0.66 832.3 589.5 832.0 602.7 800.4 602.1 800.6 589.0
1 0.55 887.6 613.1 887.0 629.2 850.4 628.0 851.0 611.8
1 0.66 832.4 589.5 832.1 602.7 800.4 602.2 800.7 589.0
1 0.62 751.1 639.7 751.1 655.5 713.3 655.5 713.3 639.7
1 0.56 887.1 613.3 886.6 629.1 850.6 627.8 851.2 612.0
1 0.41 890.6 642.2 890.9 657.3 857.8 657.9 857.6 642.8
1 0.62 1208.3 499.9 1207.7 516.8 1167.8 515.4 1168.4 498.6
1 0.61 1198.7 477.7 1198.2 492.6 1162.0 491.3 1162.5 476.4
1 0.61 1134.3 648.1 1134.0 662.6 1099.5 662.0 1099.8 647.5
1 0.6 1268.5 538.3 1283.6 540.4 1278.9 574.0 1263.8 571.9
1 0.56 1090.3 613.9 1090.1 628.1 1056.0 627.5 1056.3 613.3
1 0.54 1438.1 585.6 1421.5 586.5 1419.7 552.2 1436.3 551.4
1 0.43 1088.1 647.6 1088.1 662.5 1053.5 662.5 1053.5 647.6
1 0.39 1184.7 649.1 1185.3 664.8 1148.1 666.1 1147.5 650.4
1 0.31 1039.2 657.2 1027.0 671.2 995.6 643.8 1007.7 629.9
1 0.64 832.3 589.5 832.1 602.7 800.4 602.2 800.6 588.9
1 0.62 751.0 639.7 751.0 655.5 713.3 655.5 713.3 639.7
1 0.55 887.6 613.1 887.0 629.2 850.6 627.9 851.1 611.8
1 0.41 890.9 642.1 891.1 657.3 857.7 657.9 857.4 642.7
1 0.64 832.4 589.5 832.2 602.7 800.4 602.2 800.6 589.0
1 0.62 751.1 639.7 751.1 655.5 713.3 655.5 713.3 639.7
1 0.62 889.3 613.5 888.8 629.2 851.1 627.9 851.7 612.2
1 0.61 895.5 642.1 895.8 657.8 858.0 658.5 857.7 642.8
1 0.56 1090.3 614.0 1090.1 628.0 1056.2 627.4 1056.4 613.4
1 0.43 1088.0 647.7 1088.0 662.5 1053.6 662.5 1053.6 647.7
1 0.39 1131.4 647.6 1131.4 662.2 1099.6 662.2 1099.6 647.6
1 0.29 1039.1 657.2 1027.0 671.1 995.6 643.8 1007.7 629.9
1 0.63 1636.1 542.0 1620.3 543.9 1615.9 508.5 1631.8 506.5
1 0.53 1438.1 585.6 1421.5 586.5 1419.7 552.4 1436.3 551.5
