1 0.65 832.0 589.6 831.7 602.7 800.3 602.1 800.5 589.0
1 0.62 889.1 613.3 888.5 629.2 850.5 627.9 851.1 611.9
1 0.62 1208.3 499.9 1207.7 516.8 1167.7 515.4 1168.3 498.5
1 0.61 1268.6 538.9 1283.1 541.0 1278.4 574.0 1263.9 572.0
1 0.61 1198.2 477.7 1197.7 492.5 1161.6 491.3 1162.2 476.4
1 0.53 1090.1 614.0 1089.9 628.2 1055.4 627.6 1055.7 613.4
1 0.49 968.1 387.6 951.9 388.7 949.3 352.3 965.6 351.1
1 0.45 973.1 332.0 988.1 333.3 985.2 367.0 970.2 365.7
1 0.65 832.0 589.6 831.8 602.7 800.4 602.1 800.6 589.1
1 0.62 750.6 640.6 750.6 656.3 713.5 656.3 713.5 640.6
1 0.56 887.1 613.0 886.5 628.9 850.3 627.7 850.8 611.8
1 0.41 890.6 642.2 890.8 657.4 857.6 658.0 857.4 642.8
1 0.64 831.9 589.6 831.7 602.7 800.3 602.1 800.5 589.0
1 0.62 1208.3 499.9 1207.7 516.8 1167.7 515.4 1168.3 498.5
1 0.62 889.2 613.3 888.6 629.2 850.7 627.9 851.3 611.9
1 0.61 895.6 642.6 895.6 658.2 857.6 658.2 857.6 642.6
1 0.61 1134.2 647.3 1134.2 662.4 1099.3 662.4 1099.3 647.3
1 0.6 1198.2 477.6 1197.7 492.6 1161.6 491.3 1162.1 476.4
1 0.6 1268.2 538.6 1283.2 540.7 1278.5 573.9 1263.5 571.8
1 0.52 1090.1 614.0 1089.9 628.2 1055.6 627.6 1055.9 613.4
1 0.51 750.4 640.0 750.4 655.4 713.1 655.4 713.1 640.0
1 0.49 968.1 387.5 951.9 388.7 949.3 352.3 965.6 351.2
1 0.45 973.1 332.0 988.1 333.4 985.2 367.1 970.2 365.7
1 0.45 1088.2 647.4 1088.2 662.6 1053.9 662.6 1053.9 647.4
1 0.43 1184.3 649.9 1184.8 665.1 1148.0 666.4 1147.5 651.2
1 0.32 1039.5 657.4 1027.3 671.5 995.3 643.6 1007.5 629.6
1 0.62 1636.7 541.4 1620.8 543.9 1615.2 508.7 1631.1 506.2
1 0.59 1268.2 538.6 1283.2 540.7 1278.5 573.9 1263.5 571.8
1 0.52 1437.8 585.4 1421.5 586.2 1419.8 552.1 1436.0 551.3
1 0.63 1636.7 541.4 1620.7 544.0 1615.1 508.6 1631.1 506.1
1 0.6 1268.6 538.9 1283.0 541.0 1278.4 574.0 1263.9 572.0
1 0.52 1437.8 585.4 1421.5 586.2 1419.7 552.3 1436.0 551.4
1 0.65 832.0 589.6 831.8 602.7 800.4 602.1 800.6 589.1
1 0.63 1208.0 499.9 1207.4 516.7 1167.7 515.3 1168.3 498.6
1 0.62 889.0 613.4 888.5 629.1 850.7 627.8 851.2 612.1
1 0.62 895.6 642.6 895.6 658.2 857.8 658.2 857.8 642.6
1 0.61 1134.2 647.3 1134.2 662.4 1099.3 662.4 1099.3 647.3
1 0.61 1198.3 477.7 1197.8 492.5 1161.8 491.3 1162.3 476.5
1 0.6 1268.2 538.6 1283.2 540.7 1278.5 573.9 1263.6 571.8
1 0.55 1089.9 614.1 1089.7 628.1 1055.5 627.5 1055.7 613.5
1 0.52 751.0 640.7 751.0 656.6 713.4 656.6 713.4 640.7
1 0.45 1088.3 647.4 1088.3 662.5 1053.9 662.5 1053.9 647.4
1 0.42 1184.2 649.8 1184.7 665.1 1147.9 666.4 1147.4 651.1
1 0.34 1039.6 657.5 1027.4 671.5 995.0 643.4 1007.2 629.3
1 0.61 1636.7 541.4 1620.8 543.9 1615.2 508.7 1631.1 506.2
1 0.52 1437.9 585.4 1421.6 586.2 1419.8 552.1 1436.1 551.3
1 0.63 832.0 589.6 831.8 602.7 800.3 602.1 800.5 589.0
1 0.62 889.2 613.3 888.6 629.2 850.8 627.9 851.3 612.0
1 0.61 750.6 640.6 750.6 656.3 713.4 656.3 713.4 640.6
1 0.61 895.6 642.6 895.6 658.2 857.6 658.2 857.6 642.6
1 0.51 1090.1 614.0 1089.8 628.2 1055.7 627.6 1056.0 613.4
1 0.51 968.1 387.5 951.9 388.6 949.4 352.4 965.5 351.2
1 0.47 973.2 332.1 988.1 333.4 985.1 367.0 970.2 365.7
1 0.44 1088.2 648.1 1088.0 662.7 1053.9 662.1 1054.2 647.5
1 0.4 1130.9 647.3 1130.9 662.2 1099.4 662.2 1099.4 647.3
1 0.32 1039.4 657.4 1027.2 671.4 995.2 643.6 1007.4 629.6
1 0.63 832.0 589.6 831.7 602.7 800.3 602.1 800.5 589.0
1 0.62 750.6 640.6 750.6 656.3 713.4 656.3 713.4 640.6
1 0.54 887.6 612.8 887.0 629.1 850.2 627.8 850.7 611.6
1 0.42 890.7 642.2 891.0 657.4 857.5 658.0 857.2 642.8
1 0.65 832.0 589.6 831.7 602.7 800.3 602.1 800.5 589.1
1 0.62 889.1 613.3 888.5 629.2 850.5 627.9 851.1 611.9
1 0.52 1090.1 614.0 1089.9 628.2 1055.5 627.6 1055.8 613.4
1 0.5 968.1 387.5 951.9 388.6 949.4 352.3 965.6 351.2
1 0.46 973.2 332.0 988.1 333.3 985.1 367.0 970.2 365.7
1 0.63 1636.8 541.5 1620.7 544.0 1615.1 508.6 1631.1 506.1
1 0.6 1268.6 538.9 1283.0 541.0 1278.4 574.0 1263.9 572.0
1 0.53 1437.8 585.4 1421.5 586.2 1419.7 552.3 1436.0 551.5
1 0.63 1636.7 541.5 1620.7 544.0 1615.1 508.6 1631.1 506.1
1 0.52 1437.8 585.3 1421.5 586.2 1419.8 552.3 1436.0 551.5
1 0.62 1208.2 499.9 1207.6 516.8 1167.7 515.4 1168.3 498.5
1 0.61 1134.2 647.3 1134.2 662.4 1099.3 662.4 1099.3 647.3
1 0.6 1198.2 477.6 1197.7 492.6 1161.6 491.3 1162.1 476.4
1 0.59 1268.2 538.5 1283.2 540.7 1278.6 573.9 1263.5 571.8
1 0.52 1090.1 614.0 1089.8 628.2 1055.6 627.6 1055.9 613.4
1 0.51 1437.8 585.4 1421.5 586.2 1419.7 552.3 1436.0 551.4
1 0.47 973.1 331.9 988.1 333.2 985.1 367.1 970.1 365.7
1 0.45 1088.2 647.5 1088.2 662.5 1053.9 662.5 1053.9 647.5
1 0.43 1184.3 649.9 1184.8 665.0 1148.1 666.3 1147.6 651.2
1 0.34 1039.4 657.5 1027.3 671.4 995.2 643.6 1007.4 629.6
1 0.62 1208.2 499.9 1207.6 516.8 1167.7 515.4 1168.3 498.5
1 0.6 1198.2 477.7 1197.7 492.5 1161.6 491.3 1162.1 476.4
1 0.6 1268.2 538.6 1283.2 540.7 1278.5 573.9 1263.5 571.8
1 0.53 1090.1 614.0 1089.9 628.2 1055.5 627.6 1055.7 613.4
1 0.53 1437.8 585.3 1421.5 586.2 1419.8 552.3 1436.0 551.5
1 0.47 973.1 331.9 988.1 333.2 985.1 367.1 970.1 365.8
1 0.65 831.9 589.6 831.7 602.7 800.3 602.1 800.6 589.1
1 0.55 887.5 612.9 886.9 629.1 850.1 627.8 850.6 611.6
1 0.63 832.0 589.6 831.8 602.7 800.4 602.1 800.6 589.0
1 0.62 889.0 613.4 888.5 629.1 850.7 627.8 851.3 612.1
1 0.62 750.7 640.6 750.7 656.4 713.5 656.4 713.5 640.6
1 0.61 895.6 642.6 895.6 658.2 857.8 658.2 857.8 642.6
1 0.56 1090.0 614.1 1089.7 628.0 1055.6 627.4 1055.9 613.5
1 0.45 1088.2 647.5 1088.2 662.5 1054.0 662.5 1054.0 647.5
1 0.39 1131.2 647.2 1131.2 662.2 1099.4 662.2 1099.4 647.2
1 0.34 1039.5 657.5 1027.4 671.4 995.1 643.4 1007.2 629.4
1 0.63 1636.7 541.5 1620.7 544.0 1615.1 508.6 1631.1 506.1
1 0.5 1437.8 585.4 1421.5 586.2 1419.7 552.3 1436.0 551.4
1 0.63 1208.0 499.9 1207.4 516.7 1167.7 515.3 1168.3 498.6
1 0.61 1134.2 647.3 1134.2 662.4 1099.3 662.4 1099.3 647.3
1 0.61 1198.3 477.7 1197.8 492.5 1161.8 491.3 1162.3 476.4
1 0.6 1268.2 538.6 1283.3 540.7 1278.6 573.9 1263.5 571.8
1 0.56 1089.9 614.1 1089.7 628.1 1055.5 627.5 1055.8 613.5
1 0.53 1437.9 585.4 1421.6 586.2 1419.8 552.1 1436.1 551.3
1 0.45 1088.2 647.4 1088.2 662.5 1053.9 662.5 1053.9 647.4
1 0.42 1184.1 649.8 1184.7 665.0 1147.9 666.3 1147.4 651.1
1 0.36 1039.6 657.5 1027.4 671.5 995.1 643.4 1007.2 629.4
