1 0.62 1801.3 352.7 1784.6 355.6 1779.0 323.5 1795.6 320.5
1 0.56 1602.2 368.6 1587.7 369.6 1585.5 337.7 1600.0 336.7
1 0.61 1801.3 352.8 1784.6 355.7 1778.9 323.4 1795.6 320.5
1 0.56 1602.2 368.6 1587.7 369.6 1585.5 337.8 1600.0 336.8
1 0.5 1604.5 369.1 1587.7 370.6 1584.8 337.0 1601.6 335.6
1 0.62 1801.3 352.8 1784.6 355.7 1778.9 323.4 1795.6 320.5
1 0.56 1602.2 368.6 1587.7 369.6 1585.5 337.8 1600.0 336.8
1 0.62 1801.3 352.7 1784.6 355.7 1778.9 323.5 1795.6 320.5
1 0.56 1602.2 368.6 1587.7 369.6 1585.5 337.8 1600.0 336.7
1 0.52 1604.4 369.0 1587.8 370.5 1584.8 337.1 1601.5 335.6
