1 0.64 1620.7 322.8 1636.9 323.3 1635.8 357.0 1619.5 356.5
1 0.63 1784.5 362.8 1769.6 362.8 1769.6 331.1 1784.5 331.1
1 0.3 1596.8 357.3 1580.4 358.7 1577.2 322.7 1593.6 321.3
1 0.36 1549.0 351.9 1533.1 352.4 1532.0 320.3 1547.9 319.7
1 0.38 1698.7 232.0 1714.4 233.3 1711.3 268.5 1695.6 267.1
1 0.44 1805.2 366.4 1790.4 367.2 1788.8 336.7 1803.6 336.0
1 0.46 1696.1 329.7 1710.6 330.7 1708.4 362.4 1693.9 361.4
1 0.47 1903.6 237.0 1918.4 238.2 1915.3 273.6 1900.5 272.3
1 0.47 1660.3 326.3 1674.5 327.3 1672.3 357.9 1658.2 356.9
1 0.48 1615.2 358.5 1600.5 359.5 1598.3 328.2 1613.0 327.2
1 0.48 1823.4 366.9 1809.8 368.1 1807.1 337.0 1820.7 335.9
1 0.51 1677.6 229.1 1695.9 230.1 1694.0 266.1 1675.8 265.1
1 0.51 1883.7 234.9 1901.1 236.5 1897.8 273.3 1880.5 271.8
1 0.53 1736.8 359.4 1720.8 360.8 1717.8 326.8 1733.9 325.4
1 0.54 1841.7 368.5 1827.3 369.3 1825.7 338.3 1840.1 337.6
1 0.55 1526.6 349.9 1510.2 350.8 1508.5 317.2 1524.9 316.4
1 0.55 1897.7 366.8 1884.2 367.5 1882.5 334.7 1896.0 334.0
1 0.56 1811.6 237.6 1827.4 239.0 1824.4 273.6 1808.6 272.2
1 0.56 1773.2 238.4 1789.3 239.8 1786.2 275.1 1770.1 273.7
1 0.57 1753.4 235.4 1769.1 236.3 1767.2 271.4 1751.6 270.5
1 0.59 1791.6 239.0 1807.1 240.4 1804.0 275.3 1788.6 274.0
1 0.59 1656.0 358.5 1641.0 359.3 1639.3 326.7 1654.3 325.9
1 0.59 1556.4 319.5 1573.6 320.1 1572.2 359.0 1555.0 358.4
1 0.6 1917.1 367.1 1900.7 368.5 1897.6 333.2 1914.0 331.7
1 0.6 1863.8 334.2 1879.9 335.4 1877.6 368.2 1861.5 367.1
1 0.6 1735.8 234.9 1750.6 236.2 1747.7 269.8 1732.8 268.5
1 0.6 1831.2 238.3 1846.9 239.7 1843.8 275.5 1828.1 274.1
1 0.62 1756.4 361.9 1740.4 362.8 1738.5 326.7 1754.5 325.8
1 0.62 1717.6 232.9 1733.4 234.3 1730.2 270.0 1714.5 268.6
1 0.62 1859.2 365.8 1844.9 366.6 1843.3 335.8 1857.6 335.0
1 0.63 1692.3 358.4 1676.7 358.9 1675.5 323.7 1691.0 323.2
1 0.26 1849.9 237.5 1863.2 238.4 1861.1 268.4 1847.8 267.5
1 0.64 1784.5 362.8 1769.6 362.8 1769.6 331.2 1784.5 331.2
1 0.63 1620.6 322.7 1637.0 323.3 1635.8 357.1 1619.5 356.5
1 0.36 1549.1 351.8 1532.9 352.4 1531.8 320.2 1548.0 319.6
1 0.38 1678.6 225.6 1696.4 226.9 1693.7 266.1 1675.9 264.9
1 0.39 1832.3 238.5 1847.7 240.7 1842.7 276.7 1827.2 274.5
1 0.44 1805.1 366.4 1790.5 367.2 1788.9 336.8 1803.5 336.0
1 0.46 1696.1 329.7 1710.6 330.7 1708.4 362.4 1693.9 361.3
1 0.46 1660.3 326.2 1674.5 327.2 1672.4 357.9 1658.1 356.9
1 0.47 1823.5 367.9 1809.9 368.9 1807.8 337.9 1821.4 337.0
1 0.47 1615.2 358.6 1600.4 359.6 1598.2 328.1 1613.0 327.1
1 0.49 1842.9 369.9 1827.6 370.7 1825.9 338.4 1841.3 337.6
1 0.51 1773.4 237.3 1789.6 238.7 1786.4 275.0 1770.2 273.5
1 0.51 1812.7 234.0 1829.4 236.3 1824.1 274.2 1807.4 271.9
1 0.51 1753.6 235.0 1769.3 235.8 1767.4 271.8 1751.7 271.0
1 0.51 1735.6 233.0 1751.2 234.3 1748.0 270.3 1732.4 269.0
1 0.52 1792.8 237.0 1808.1 239.2 1803.0 275.4 1787.7 273.2
1 0.52 1736.8 359.5 1720.9 360.9 1717.9 326.9 1733.9 325.5
1 0.53 1718.6 230.8 1734.8 233.1 1729.5 270.6 1713.3 268.4
1 0.55 1526.7 350.0 1510.1 350.9 1508.4 317.1 1524.9 316.3
1 0.59 1656.0 358.5 1641.0 359.3 1639.2 326.6 1654.3 325.8
1 0.59 1556.3 319.3 1573.6 319.9 1572.3 359.1 1554.9 358.4
1 0.62 1756.4 361.9 1740.4 362.8 1738.5 326.8 1754.5 325.9
1 0.62 1692.3 358.4 1676.7 358.9 1675.5 323.7 1691.0 323.2
1 0.31 1596.8 357.3 1580.2 358.7 1577.1 322.5 1593.6 321.0
1 0.6 1633.7 1042.4 1618.1 1044.9 1612.6 1010.5 1628.3 1008.0
1 0.26 1438.5 1091.8 1421.6 1093.3 1418.3 1055.6 1435.2 1054.1
1 0.54 1104.7 349.0 1114.4 360.5 1086.2 384.1 1076.5 372.6
1 0.64 1784.5 362.8 1769.6 362.8 1769.6 331.2 1784.5 331.2
1 0.63 1620.6 322.7 1637.0 323.3 1635.8 357.1 1619.4 356.5
1 0.34 1902.9 236.2 1918.4 237.6 1915.1 274.2 1899.7 272.9
1 0.37 1549.1 351.9 1533.0 352.4 1531.8 320.1 1548.0 319.6
1 0.39 1678.6 225.7 1696.4 227.0 1693.6 266.1 1675.9 264.9
1 0.43 1805.4 366.8 1790.3 367.6 1788.7 337.2 1803.8 336.4
1 0.45 1885.2 231.5 1902.9 233.7 1897.9 273.9 1880.3 271.8
1 0.46 1696.1 329.7 1710.6 330.7 1708.4 362.4 1693.9 361.4
1 0.47 1660.3 326.2 1674.5 327.2 1672.4 357.9 1658.1 356.9
1 0.48 1615.2 358.6 1600.4 359.6 1598.2 328.1 1613.0 327.1
1 0.48 1823.5 367.8 1809.9 368.7 1807.8 337.9 1821.3 337.0
1 0.51 1773.4 237.2 1789.6 238.7 1786.4 275.0 1770.2 273.6
1 0.51 1753.6 234.9 1769.3 235.8 1767.4 271.8 1751.7 271.0
1 0.51 1735.6 232.9 1751.2 234.3 1748.0 270.4 1732.4 269.0
1 0.52 1792.8 237.0 1808.2 239.2 1803.1 275.4 1787.7 273.2
1 0.52 1812.7 234.1 1829.1 236.4 1823.8 274.1 1807.4 271.8
1 0.52 1736.8 359.5 1720.8 360.9 1717.9 326.9 1733.9 325.5
1 0.54 1718.6 230.8 1734.8 233.1 1729.5 270.6 1713.3 268.4
1 0.54 1841.7 368.6 1827.4 369.3 1825.7 338.4 1840.0 337.7
1 0.54 1897.7 366.8 1884.2 367.6 1882.5 334.8 1896.0 334.1
1 0.56 1831.3 237.0 1847.0 238.4 1843.8 275.3 1828.1 273.9
1 0.56 1526.7 350.0 1510.1 350.8 1508.4 317.1 1524.9 316.3
1 0.59 1656.0 358.5 1641.0 359.3 1639.2 326.6 1654.3 325.8
1 0.59 1556.3 319.3 1573.7 319.9 1572.3 359.1 1554.9 358.5
1 0.59 1916.5 367.4 1900.1 368.3 1898.3 332.9 1914.6 332.0
1 0.6 1863.8 334.3 1879.9 335.4 1877.6 368.2 1861.5 367.1
1 0.62 1756.4 361.9 1740.4 362.8 1738.5 326.7 1754.5 325.9
1 0.62 1859.1 365.8 1844.9 366.5 1843.3 335.8 1857.5 335.1
1 0.62 1692.3 358.4 1676.7 358.9 1675.5 323.7 1691.1 323.2
1 0.32 1596.8 357.3 1580.2 358.7 1577.1 322.4 1593.6 321.0
1 0.63 1208.6 1005.4 1208.6 1022.3 1169.8 1022.3 1169.8 1005.4
1 0.61 1199.7 984.3 1199.1 999.7 1163.5 998.4 1164.0 983.0
1 0.61 1269.0 1042.5 1284.4 1044.7 1279.7 1078.4 1264.2 1076.2
1 0.29 1183.1 886.3 1185.1 896.5 1164.4 900.5 1162.4 890.3
1 0.6 1633.7 1042.4 1618.1 1044.9 1612.6 1010.5 1628.2 1008.0
1 0.59 1268.9 1042.5 1284.4 1044.6 1279.6 1078.5 1264.2 1076.3
1 0.28 1438.5 1091.5 1421.6 1093.0 1418.4 1055.6 1435.2 1054.1
1 0.53 1104.7 349.0 1114.4 360.4 1086.2 384.1 1076.6 372.6
1 0.58 1556.3 319.3 1573.6 319.9 1572.3 359.0 1554.9 358.4
1 0.54 1526.7 350.0 1510.1 350.8 1508.4 317.1 1524.9 316.3
1 0.54 1104.7 349.0 1114.3 360.5 1086.2 384.0 1076.6 372.6
1 0.35 1549.1 351.7 1533.0 352.3 1531.9 320.2 1548.0 319.6
1 0.54 1104.7 348.9 1114.4 360.5 1086.2 384.1 1076.5 372.6
1 0.64 1620.7 322.8 1636.9 323.4 1635.8 357.0 1619.5 356.4
1 0.53 1736.8 359.4 1720.9 360.8 1717.9 326.8 1733.9 325.4
1 0.35 1549.0 351.8 1533.1 352.4 1532.0 320.3 1547.9 319.8
1 0.37 1698.7 232.0 1714.4 233.3 1711.3 268.4 1695.7 267.1
1 0.44 1805.2 366.4 1790.4 367.2 1788.8 336.8 1803.6 336.0
1 0.46 1831.9 239.7 1847.1 241.9 1842.2 276.7 1827.0 274.6
1 0.46 1696.1 329.7 1710.6 330.7 1708.4 362.3 1693.9 361.3
1 0.47 1823.6 367.9 1809.9 368.8 1807.7 337.9 1821.4 336.9
1 0.47 1660.3 326.4 1674.4 327.4 1672.3 357.9 1658.2 356.9
1 0.48 1615.2 358.5 1600.5 359.6 1598.3 328.2 1613.0 327.2
1 0.49 1843.0 369.8 1827.6 370.6 1825.9 338.3 1841.3 337.5
1 0.5 1677.6 229.1 1695.9 230.1 1694.0 266.1 1675.7 265.1
1 0.55 1526.3 350.1 1509.9 350.6 1508.8 317.1 1525.1 316.5
1 0.63 1784.5 362.8 1769.6 362.8 1769.6 331.1 1784.5 331.1
1 0.55 1811.7 237.5 1827.7 238.9 1824.6 273.7 1808.7 272.3
1 0.56 1773.3 238.4 1789.3 239.8 1786.2 275.0 1770.2 273.6
1 0.57 1753.5 235.5 1769.1 236.3 1767.2 271.4 1751.6 270.6
1 0.59 1791.7 239.1 1807.1 240.4 1804.0 275.3 1788.6 273.9
1 0.59 1556.4 319.5 1573.6 320.1 1572.2 359.0 1555.0 358.4
1 0.59 1656.0 358.5 1641.0 359.2 1639.3 326.7 1654.3 325.9
1 0.6 1735.8 234.9 1750.6 236.2 1747.7 269.8 1732.9 268.5
1 0.61 1717.6 232.9 1733.4 234.3 1730.2 270.0 1714.5 268.6
1 0.62 1756.4 361.9 1740.4 362.7 1738.5 326.7 1754.5 325.9
1 0.63 1692.3 358.3 1676.7 358.9 1675.5 323.7 1691.0 323.2
1 0.3 1596.8 357.3 1580.4 358.7 1577.2 322.7 1593.6 321.3
1 0.63 1208.5 1005.4 1208.5 1022.3 1169.7 1022.3 1169.7 1005.4
1 0.61 1199.6 984.3 1199.1 999.7 1163.4 998.4 1164.0 983.0
1 0.6 1268.9 1042.5 1284.4 1044.6 1279.7 1078.4 1264.2 1076.2
1 0.28 1438.5 1091.4 1421.7 1092.9 1418.4 1055.6 1435.2 1054.1
1 0.28 1183.1 886.3 1185.1 896.5 1164.5 900.5 1162.5 890.3
1 0.57 1556.4 319.5 1573.5 320.1 1572.2 359.0 1555.0 358.4
1 0.53 1104.7 349.0 1114.3 360.5 1086.2 384.1 1076.6 372.6
1 0.53 1526.3 350.1 1510.0 350.7 1508.8 317.1 1525.1 316.5
1 0.33 1549.0 351.8 1533.2 352.3 1532.0 320.3 1547.9 319.8
1 0.53 1104.7 349.0 1114.4 360.4 1086.2 384.1 1076.6 372.6
