1 0.35 1606.1 873.5 1590.8 874.8 1587.9 841.6 1603.2 840.2
1 0.54 1606.0 872.7 1591.4 874.0 1588.6 842.1 1603.2 840.8
1 0.53 1802.4 854.9 1786.1 857.8 1780.4 825.8 1796.8 822.9
1 0.55 1606.0 872.7 1591.4 874.0 1588.6 842.1 1603.2 840.8
1 0.53 1802.4 854.9 1786.1 857.8 1780.4 825.8 1796.8 822.9
1 0.52 1802.4 854.9 1786.1 857.7 1780.4 825.7 1796.8 822.8
1 0.49 1606.0 872.6 1591.4 873.8 1588.6 841.9 1603.2 840.7
1 0.27 1606.1 873.4 1590.9 874.8 1588.0 841.4 1603.2 840.0
1 0.52 1802.4 854.9 1786.1 857.7 1780.4 825.7 1796.8 822.8
1 0.47 1605.8 871.8 1591.4 873.0 1588.6 841.5 1603.0 840.2
