1 0.6 740.7 442.1 756.3 442.9 754.3 481.9 738.7 481.0
1 0.53 911.3 745.3 910.8 761.6 872.3 760.2 872.9 743.9
1 0.6 740.9 443.1 756.1 443.9 754.1 481.6 738.9 480.8
1 0.57 760.7 339.5 773.5 343.2 764.1 376.2 751.3 372.5
1 0.55 744.7 395.8 758.6 398.5 751.8 433.6 737.8 430.9
1 0.53 911.5 745.3 910.9 761.5 872.3 760.2 872.9 743.9
1 0.6 740.9 443.1 756.1 443.9 754.1 481.7 738.9 480.9
1 0.56 760.7 339.5 773.5 343.2 764.1 376.2 751.3 372.5
1 0.54 744.7 395.8 758.6 398.5 751.8 433.6 737.9 430.9
1 0.53 911.4 744.6 910.8 760.8 872.3 759.5 872.8 743.2
1 0.64 1319.2 61.6 1301.4 63.1 1298.0 23.3 1315.7 21.7
1 0.64 1806.6 527.1 1802.7 542.6 1766.6 533.6 1770.5 518.1
1 0.58 1763.6 523.3 1764.2 538.4 1728.8 539.7 1728.3 524.6
1 0.52 1783.0 541.6 1783.0 555.1 1749.8 555.1 1749.8 541.6
1 0.62 220.7 156.2 209.6 167.2 183.5 141.2 194.6 130.1
1 0.56 186.3 0.5 181.8 16.2 147.5 6.4 152.0 -9.3
1 0.52 321.6 293.2 312.0 303.9 285.4 280.0 295.0 269.3
1 0.47 194.3 51.5 179.8 57.0 167.7 25.6 182.2 20.0
1 0.39 372.4 359.7 358.3 368.5 339.1 337.8 353.3 329.0
1 0.65 1806.5 527.1 1802.6 542.6 1766.8 533.6 1770.6 518.2
1 0.58 1763.7 523.3 1764.2 538.5 1728.7 539.7 1728.2 524.5
1 0.48 1783.3 541.9 1783.0 555.5 1749.6 554.9 1749.8 541.3
1 0.6 740.9 443.0 756.1 443.8 754.1 481.7 738.9 480.9
1 0.56 760.7 339.5 773.5 343.2 764.1 376.2 751.3 372.5
1 0.54 744.7 395.8 758.6 398.5 751.8 433.6 737.8 430.9
1 0.53 321.6 293.2 312.0 303.9 285.4 279.9 295.0 269.3
1 0.43 372.2 359.5 358.3 368.2 339.2 337.8 353.2 329.1
1 0.64 1319.2 61.5 1301.5 63.1 1298.0 23.3 1315.7 21.8
1 0.64 1806.6 527.1 1802.7 542.6 1766.6 533.6 1770.5 518.1
1 0.58 1763.6 523.3 1764.2 538.4 1728.7 539.7 1728.2 524.6
1 0.52 1783.0 541.6 1783.0 555.0 1749.8 555.0 1749.8 541.6
1 0.53 321.6 293.2 312.0 303.9 285.4 279.9 295.0 269.2
1 0.41 372.4 359.6 358.3 368.4 339.2 337.8 353.2 329.0
1 0.6 740.7 442.1 756.3 442.9 754.3 481.9 738.7 481.1
1 0.51 911.3 745.3 910.8 761.6 872.3 760.3 872.9 743.9
1 0.31 762.9 668.0 758.7 684.7 711.1 672.8 715.3 656.1
1 0.66 1806.4 527.1 1802.6 542.5 1766.8 533.6 1770.6 518.2
1 0.59 1763.7 523.3 1764.2 538.5 1728.7 539.7 1728.2 524.5
1 0.49 1783.3 541.9 1783.0 555.5 1749.6 554.9 1749.9 541.3
1 0.61 823.1 146.4 834.0 158.5 805.3 184.3 794.4 172.2
1 0.6 740.9 443.1 756.1 443.9 754.1 481.6 738.9 480.9
1 0.56 760.7 339.5 773.6 343.2 764.1 376.3 751.2 372.6
1 0.55 798.6 107.2 804.5 122.4 771.5 135.0 765.7 119.9
1 0.54 744.7 395.7 758.6 398.4 751.8 433.6 737.8 430.9
1 0.53 321.5 293.2 312.0 303.8 285.4 279.9 295.0 269.3
1 0.41 372.2 359.5 358.2 368.3 339.2 337.8 353.2 329.1
1 0.4 817.7 176.8 827.5 185.9 807.0 207.9 797.2 198.8
1 0.4 760.8 114.0 758.2 127.3 730.0 121.8 732.6 108.5
1 0.61 823.1 146.4 834.0 158.5 805.3 184.3 794.5 172.2
1 0.6 740.9 443.1 756.1 443.9 754.1 481.6 738.9 480.8
1 0.56 760.7 339.5 773.6 343.2 764.1 376.3 751.2 372.6
1 0.55 798.7 107.2 804.5 122.4 771.5 135.1 765.7 119.9
1 0.54 744.7 395.8 758.6 398.5 751.8 433.6 737.9 430.9
1 0.4 760.8 114.0 758.2 127.3 730.0 121.8 732.5 108.5
1 0.39 817.7 176.8 827.5 185.9 806.9 207.9 797.1 198.8
1 0.64 1806.6 527.0 1802.8 542.7 1766.6 533.6 1770.5 518.0
1 0.58 1763.7 523.3 1764.2 538.4 1728.7 539.7 1728.2 524.5
1 0.51 1783.0 541.6 1783.0 555.1 1749.7 555.1 1749.7 541.6
1 0.64 1319.2 61.5 1301.5 63.1 1298.0 23.3 1315.7 21.8
1 0.64 1806.6 527.1 1802.7 542.6 1766.6 533.6 1770.5 518.0
1 0.58 1763.7 523.3 1764.2 538.5 1728.7 539.7 1728.2 524.5
1 0.51 1783.0 541.6 1783.0 555.1 1749.8 555.1 1749.8 541.6
1 0.59 740.7 442.1 756.4 442.9 754.3 481.9 738.7 481.1
1 0.26 763.0 668.0 758.8 684.7 711.1 672.8 715.2 656.1
1 0.64 1319.2 61.5 1301.5 63.1 1298.1 23.3 1315.7 21.8
1 0.61 823.1 146.4 834.0 158.5 805.3 184.3 794.4 172.2
1 0.6 740.9 443.1 756.1 443.9 754.1 481.6 738.9 480.8
1 0.56 760.7 339.5 773.6 343.2 764.1 376.3 751.2 372.6
1 0.55 744.7 395.7 758.6 398.4 751.8 433.6 737.8 430.9
1 0.55 798.6 107.2 804.5 122.4 771.5 135.0 765.7 119.9
1 0.38 760.8 113.9 758.2 127.3 730.0 121.8 732.6 108.4
1 0.38 817.7 176.8 827.5 185.9 807.0 207.9 797.2 198.8
