1 0.64 812.2 806.7 816.0 820.8 782.6 829.7 778.9 815.6
1 0.61 834.0 843.6 844.1 855.6 815.2 879.9 805.0 867.8
1 0.53 773.5 812.4 769.6 824.4 741.8 815.3 745.7 803.3
1 0.64 1327.1 798.9 1309.5 800.1 1306.8 761.9 1324.5 760.7
1 0.53 1305.5 709.1 1321.2 709.6 1319.9 745.4 1304.2 744.8
1 0.64 225.6 817.6 236.2 829.4 210.0 852.9 199.4 841.2
1 0.62 208.0 661.1 202.6 674.5 171.8 662.0 177.2 648.7
1 0.62 204.4 641.9 194.1 653.8 167.5 630.7 177.8 618.8
1 0.6 165.8 565.5 160.0 580.6 124.0 566.8 129.8 551.7
1 0.54 333.1 954.1 323.0 964.9 299.4 942.8 309.5 932.1
1 0.5 188.8 605.6 181.8 619.9 150.3 604.5 157.2 590.2
1 0.43 212.7 708.1 198.9 711.6 191.2 681.0 205.1 677.5
1 0.41 377.8 1017.3 365.4 1025.1 349.2 999.2 361.6 991.4
1 0.38 71.3 486.7 57.8 490.1 50.9 462.4 64.4 459.0
1 0.26 431.3 1030.4 439.6 1046.7 395.3 1069.2 387.0 1053.0
1 0.63 1327.3 799.1 1309.6 800.3 1306.9 761.9 1324.6 760.6
1 0.63 812.1 806.7 815.9 820.8 782.6 829.7 778.8 815.6
1 0.62 833.8 843.6 843.8 855.5 814.9 879.7 804.9 867.8
1 0.58 763.4 1025.8 776.8 1030.7 764.7 1064.0 751.3 1059.1
1 0.55 1305.5 709.0 1321.1 709.5 1319.9 745.2 1304.2 744.6
1 0.52 773.4 812.3 769.5 824.4 741.8 815.4 745.8 803.3
1 0.45 828.2 875.2 836.1 884.4 815.7 902.1 807.7 893.0
1 0.63 1327.3 799.1 1309.6 800.4 1306.9 761.9 1324.6 760.6
1 0.54 1305.5 709.0 1321.1 709.5 1319.9 745.2 1304.2 744.6
1 0.62 812.2 806.7 815.9 820.8 782.6 829.7 778.8 815.6
1 0.62 833.8 843.6 843.7 855.5 814.9 879.7 804.9 867.8
1 0.58 763.4 1025.8 776.9 1030.7 764.7 1064.0 751.3 1059.1
1 0.51 773.4 812.3 769.5 824.4 741.9 815.4 745.8 803.4
1 0.45 828.2 875.2 836.1 884.4 815.7 902.1 807.8 893.0
1 0.63 1327.2 799.1 1309.6 800.3 1306.9 761.9 1324.6 760.6
1 0.54 1305.5 709.0 1321.1 709.5 1319.9 745.2 1304.2 744.7
1 0.64 1327.2 798.9 1309.5 800.1 1306.8 761.9 1324.5 760.6
1 0.53 1305.5 709.1 1321.2 709.6 1319.9 745.4 1304.2 744.8
1 0.63 812.2 806.6 816.0 820.8 782.6 829.7 778.8 815.6
1 0.61 834.0 843.6 844.0 855.6 815.1 879.9 805.0 867.9
1 0.52 773.5 812.4 769.6 824.4 741.8 815.3 745.7 803.3
1 0.53 267.8 56.2 282.1 64.1 263.7 97.2 249.5 89.3
1 0.65 225.6 817.5 236.2 829.3 210.0 852.9 199.4 841.1
1 0.61 34.3 358.1 40.4 372.6 6.9 386.9 0.7 372.4
1 0.6 204.5 641.9 194.1 653.9 167.5 630.7 177.9 618.8
1 0.6 208.1 660.4 203.1 674.2 171.7 662.7 176.7 649.0
1 0.6 165.7 565.8 159.6 580.9 124.0 566.5 130.1 551.4
1 0.5 188.9 605.7 181.9 620.0 150.2 604.6 157.2 590.2
1 0.45 16.8 339.7 24.1 354.7 -9.1 370.9 -16.5 355.9
1 0.43 71.2 486.8 57.8 490.2 50.9 462.5 64.3 459.1
1 0.41 212.6 707.9 198.8 711.3 191.2 680.9 205.0 677.4
1 0.27 585.5 428.4 578.4 444.3 535.4 425.2 542.5 409.2
1 0.63 1327.2 799.1 1309.6 800.4 1306.9 761.9 1324.5 760.7
1 0.54 1305.5 709.0 1321.1 709.6 1319.9 745.2 1304.3 744.6
1 0.65 1327.2 798.9 1309.5 800.1 1306.9 761.9 1324.5 760.7
1 0.64 812.2 806.7 816.0 820.7 782.6 829.7 778.9 815.6
1 0.62 834.0 843.6 844.0 855.6 815.1 879.8 805.1 867.8
1 0.54 773.4 811.8 769.9 824.0 741.8 815.9 745.3 803.8
1 0.54 1305.5 709.0 1321.2 709.6 1319.9 745.4 1304.2 744.8
1 0.63 812.1 806.7 815.9 820.8 782.5 829.7 778.8 815.6
1 0.63 833.8 843.6 843.8 855.5 814.9 879.7 804.9 867.8
1 0.58 763.4 1025.8 776.8 1030.7 764.7 1064.0 751.3 1059.1
1 0.53 773.4 812.3 769.5 824.4 741.8 815.4 745.7 803.3
1 0.53 333.1 954.1 323.0 964.9 299.4 942.8 309.4 932.1
1 0.47 828.2 875.2 836.2 884.4 815.7 902.2 807.7 893.0
1 0.41 377.8 1017.3 365.4 1025.0 349.2 999.2 361.6 991.4
1 0.27 431.3 1030.4 439.6 1046.7 395.3 1069.2 387.0 1053.0
1 0.64 1327.1 798.9 1309.5 800.1 1306.8 761.9 1324.5 760.7
1 0.53 1305.5 709.0 1321.1 709.6 1319.9 745.4 1304.2 744.8
1 0.61 34.2 358.1 40.4 372.6 6.9 386.8 0.8 372.4
1 0.6 165.7 565.8 159.6 580.9 124.0 566.4 130.0 551.4
1 0.57 1.2 223.6 18.9 227.4 11.3 262.9 -6.4 259.2
1 0.52 267.8 56.2 282.1 64.1 263.8 97.0 249.6 89.1
1 0.5 189.0 605.7 182.0 620.1 150.2 604.6 157.2 590.2
1 0.45 16.8 339.7 24.1 354.7 -9.1 370.9 -16.5 355.9
1 0.45 71.2 486.8 57.8 490.1 50.9 462.5 64.3 459.1
1 0.32 203.3 642.6 192.6 654.2 167.6 630.9 178.4 619.3
1 0.28 585.3 428.4 578.3 444.3 535.4 425.2 542.5 409.3
