1 0.62 1328.8 798.4 1311.5 799.3 1309.5 761.4 1326.8 760.5
1 0.61 814.0 806.8 817.8 820.9 784.6 829.8 780.8 815.6
1 0.61 835.7 843.8 845.7 855.6 817.0 879.7 807.0 867.9
1 0.61 1306.6 708.9 1322.5 709.5 1321.3 744.8 1305.4 744.2
1 0.52 775.8 811.0 772.6 823.9 744.0 816.7 747.2 803.9
1 0.62 1328.7 798.5 1311.4 799.4 1309.4 761.4 1326.7 760.5
1 0.6 1306.7 709.0 1322.5 709.5 1321.3 744.8 1305.4 744.2
1 0.61 835.7 843.8 845.5 855.6 816.9 879.6 807.0 867.9
1 0.6 766.0 1025.4 779.5 1030.0 767.8 1064.0 754.3 1059.3
1 0.6 813.9 806.7 817.8 821.0 784.5 829.9 780.7 815.6
1 0.5 775.7 811.0 772.5 823.8 744.1 816.7 747.3 803.9
1 0.28 830.2 875.6 838.0 884.6 817.5 902.4 809.7 893.4
1 0.62 1328.7 798.5 1311.4 799.4 1309.4 761.4 1326.7 760.5
1 0.61 1306.6 708.9 1322.5 709.5 1321.3 744.8 1305.4 744.2
1 0.64 2.6 224.9 19.9 228.2 13.0 263.9 -4.3 260.5
1 0.61 35.8 358.7 42.1 373.6 7.8 388.1 1.5 373.3
1 0.61 167.9 567.2 162.0 582.5 125.5 568.5 131.4 553.2
1 0.53 290.9 25.5 304.0 35.0 281.5 66.0 268.4 56.5
1 0.52 190.5 606.5 183.5 620.9 152.0 605.5 159.0 591.2
1 0.49 17.6 341.0 24.9 356.1 -8.8 372.5 -16.1 357.5
1 0.47 72.5 488.0 59.0 491.3 52.1 463.4 65.6 460.0
1 0.26 203.8 643.1 192.6 654.3 169.5 631.1 180.6 619.9
1 0.61 1306.6 708.8 1322.5 709.4 1321.3 744.6 1305.4 744.1
1 0.61 1328.8 798.6 1311.4 799.5 1309.4 761.3 1326.8 760.4
1 0.62 1328.8 798.5 1311.4 799.4 1309.5 761.4 1326.8 760.5
1 0.6 1306.6 709.0 1322.5 709.5 1321.3 744.8 1305.4 744.2
1 0.62 835.7 843.8 845.6 855.6 816.9 879.6 807.0 867.9
1 0.6 813.9 806.7 817.7 821.0 784.5 829.9 780.6 815.6
1 0.6 766.0 1025.3 779.5 1030.0 767.8 1064.0 754.3 1059.3
1 0.58 335.5 954.8 325.8 965.2 302.2 943.2 311.9 932.8
1 0.52 775.7 810.9 772.5 823.8 744.1 816.7 747.3 803.8
1 0.37 380.6 1018.1 367.6 1026.2 351.4 1000.3 364.4 992.2
1 0.3 830.2 875.5 838.1 884.6 817.5 902.5 809.6 893.5
1 0.61 1328.8 798.6 1311.4 799.5 1309.4 761.4 1326.8 760.4
1 0.61 1306.6 708.8 1322.5 709.4 1321.3 744.7 1305.4 744.1
1 0.61 1306.6 708.8 1322.5 709.4 1321.3 744.6 1305.4 744.1
1 0.6 1328.8 798.6 1311.4 799.5 1309.4 761.4 1326.8 760.5
1 0.53 290.9 25.5 304.0 35.0 281.5 66.0 268.4 56.5
1 0.65 243.8 814.1 248.1 828.2 214.9 838.3 210.6 824.2
1 0.61 206.2 642.7 195.8 654.7 169.4 631.7 179.8 619.8
1 0.61 167.9 567.1 162.0 582.4 125.7 568.5 131.5 553.2
1 0.59 209.4 661.6 204.4 674.8 173.9 663.1 179.0 649.9
1 0.59 335.5 954.8 325.8 965.2 302.2 943.2 311.9 932.8
1 0.52 190.4 606.5 183.4 620.8 152.0 605.5 159.0 591.2
1 0.43 214.6 709.2 201.4 712.5 193.9 682.4 207.1 679.1
1 0.4 72.5 487.9 59.0 491.2 52.1 463.4 65.6 460.1
1 0.38 380.5 1018.0 367.6 1026.1 351.4 1000.3 364.4 992.2
1 0.61 814.0 806.7 817.8 820.9 784.6 829.8 780.8 815.6
1 0.61 835.7 843.7 845.7 855.6 817.0 879.8 807.0 867.9
1 0.52 775.8 811.0 772.6 823.8 744.0 816.7 747.2 803.9
1 0.6 835.7 843.7 845.7 855.6 816.9 879.8 806.9 867.9
1 0.6 814.0 806.7 817.8 821.0 784.5 829.9 780.7 815.6
1 0.5 775.8 811.0 772.6 823.9 744.0 816.7 747.2 803.9
1 0.61 835.7 843.8 845.5 855.5 816.9 879.6 807.0 867.9
1 0.61 1306.6 708.8 1322.6 709.4 1321.3 744.6 1305.4 744.1
1 0.61 1328.8 798.5 1311.4 799.4 1309.4 761.3 1326.8 760.4
1 0.6 813.9 806.7 817.7 821.0 784.5 829.9 780.7 815.6
1 0.6 766.0 1025.4 779.5 1030.0 767.8 1063.9 754.3 1059.3
1 0.51 775.7 810.9 772.5 823.8 744.0 816.8 747.3 803.8
1 0.28 830.2 875.6 838.0 884.6 817.5 902.4 809.7 893.4
1 0.25 1164.8 493.3 1175.4 493.6 1174.7 516.2 1164.0 515.8
1 0.65 243.7 814.1 248.0 828.2 214.8 838.4 210.5 824.3
1 0.61 35.8 358.7 42.1 373.6 7.8 388.1 1.6 373.3
1 0.61 167.9 567.2 162.0 582.5 125.6 568.5 131.5 553.2
1 0.6 206.2 643.1 195.5 654.9 169.5 631.5 180.1 619.6
1 0.57 209.6 661.3 204.3 675.0 173.9 663.3 179.2 649.6
1 0.52 190.4 606.5 183.4 620.9 151.9 605.5 158.9 591.2
1 0.49 17.6 341.0 24.9 356.1 -8.8 372.5 -16.1 357.5
1 0.45 72.5 488.0 59.0 491.3 52.1 463.4 65.6 460.0
1 0.44 214.5 709.1 201.4 712.3 193.9 682.3 207.0 679.0
