1 0.61 210.0 660.2 205.3 673.8 174.1 663.1 178.8 649.4
1 0.6 168.0 566.1 161.8 581.2 125.7 566.6 131.8 551.4
1 0.6 206.7 641.7 196.1 653.8 169.7 630.8 180.2 618.7
1 0.57 239.2 814.8 240.3 830.5 205.8 832.9 204.7 817.3
1 0.54 335.8 952.8 326.4 963.6 302.4 942.7 311.8 931.9
1 0.51 190.6 606.4 183.1 620.5 151.8 603.9 159.3 589.8
1 0.43 214.8 708.3 201.8 711.6 194.3 681.6 207.4 678.3
1 0.39 72.8 486.8 59.1 490.2 52.3 462.6 65.9 459.2
1 0.35 382.2 1018.0 368.7 1026.4 351.9 999.5 365.4 991.0
1 0.6 835.7 842.5 845.8 854.6 817.2 878.6 807.0 866.6
1 0.48 813.8 803.8 817.8 818.5 784.4 827.5 780.4 812.7
1 0.44 775.9 810.4 772.2 823.3 744.1 815.2 747.8 802.3
1 0.63 1306.6 707.3 1322.8 707.9 1321.5 743.6 1305.4 743.0
1 0.59 1329.4 796.7 1311.7 798.2 1308.3 760.0 1326.1 758.5
1 0.63 1306.6 707.3 1322.8 707.9 1321.6 743.6 1305.4 743.0
1 0.62 835.7 842.6 845.7 854.5 817.1 878.4 807.1 866.5
1 0.6 765.9 1024.2 779.5 1028.6 768.4 1062.6 754.8 1058.2
1 0.59 1329.4 796.6 1311.7 798.2 1308.3 760.0 1326.1 758.4
1 0.51 813.4 803.6 817.6 818.2 784.6 827.7 780.5 813.1
1 0.44 775.8 810.3 772.1 823.3 744.1 815.2 747.8 802.3
1 0.43 831.6 873.1 839.3 881.9 818.2 900.3 810.6 891.4
1 0.27 1165.1 492.3 1175.4 492.7 1174.7 514.9 1164.3 514.6
1 0.63 1306.7 707.4 1322.8 707.9 1321.6 743.7 1305.4 743.1
1 0.61 835.7 842.6 845.8 854.6 817.2 878.6 807.1 866.5
1 0.6 1329.0 796.6 1311.3 797.9 1308.7 759.9 1326.4 758.7
1 0.48 813.8 803.8 817.7 818.5 784.4 827.5 780.4 812.8
1 0.46 775.9 810.4 772.2 823.3 744.0 815.2 747.7 802.3
1 0.63 1306.7 707.4 1322.8 708.0 1321.6 743.7 1305.4 743.1
1 0.6 1329.0 796.7 1311.3 797.9 1308.6 759.9 1326.3 758.7
1 0.62 2.3 223.7 19.8 227.1 12.8 263.1 -4.7 259.7
1 0.62 35.4 358.2 41.5 372.7 8.0 386.9 1.8 372.4
1 0.6 168.0 566.0 161.8 581.2 125.6 566.6 131.8 551.4
1 0.52 190.7 605.8 183.7 620.2 151.8 604.6 158.8 590.2
1 0.52 17.5 340.0 24.9 354.6 -7.8 371.2 -15.2 356.7
1 0.51 302.6 14.8 314.3 25.1 289.6 53.5 277.9 43.2
1 0.45 72.7 486.9 59.2 490.3 52.3 462.7 65.8 459.3
1 0.34 205.1 642.7 193.8 654.0 169.9 630.2 181.2 618.9
1 0.51 302.6 14.8 314.3 25.0 289.6 53.5 277.9 43.2
1 0.61 35.4 358.2 41.5 372.7 8.0 386.9 1.9 372.4
1 0.6 168.0 566.0 161.8 581.2 125.6 566.6 131.8 551.4
1 0.6 210.1 660.3 205.5 673.7 174.1 662.9 178.7 649.5
1 0.59 206.8 641.7 196.2 653.9 169.7 630.9 180.3 618.7
1 0.57 239.0 814.5 240.3 830.2 206.0 833.2 204.6 817.5
1 0.52 190.7 605.8 183.7 620.2 151.8 604.6 158.8 590.2
1 0.52 17.5 340.0 24.9 354.6 -7.8 371.2 -15.2 356.7
1 0.43 72.7 486.9 59.2 490.3 52.3 462.7 65.8 459.3
1 0.43 214.8 708.2 201.7 711.4 194.3 681.5 207.3 678.2
1 0.63 1306.7 707.3 1322.8 707.9 1321.5 743.6 1305.4 743.0
1 0.59 1329.1 796.9 1311.3 798.1 1308.6 759.8 1326.4 758.6
1 0.61 835.7 842.6 845.6 854.5 817.1 878.4 807.1 866.5
1 0.6 765.9 1024.2 779.5 1028.6 768.4 1062.7 754.8 1058.3
1 0.51 813.5 803.6 817.6 818.2 784.6 827.7 780.4 813.1
1 0.43 831.7 873.1 839.3 881.9 818.2 900.3 810.6 891.5
1 0.42 775.9 810.4 772.2 823.3 744.2 815.2 747.9 802.3
1 0.63 1306.7 707.4 1322.8 708.0 1321.5 743.7 1305.4 743.1
1 0.6 1329.0 796.7 1311.3 797.9 1308.7 759.9 1326.4 758.7
1 0.61 835.7 842.5 845.8 854.6 817.2 878.6 807.1 866.5
1 0.49 813.8 803.8 817.7 818.5 784.4 827.5 780.4 812.7
1 0.47 775.9 810.4 772.2 823.3 744.1 815.2 747.8 802.3
1 0.62 835.7 842.5 845.7 854.5 817.1 878.4 807.1 866.5
1 0.6 765.9 1024.2 779.5 1028.6 768.4 1062.7 754.8 1058.2
1 0.54 335.8 952.8 326.4 963.6 302.4 942.7 311.8 931.9
1 0.51 813.4 803.6 817.6 818.2 784.6 827.7 780.5 813.1
1 0.45 831.7 873.1 839.4 881.9 818.2 900.3 810.5 891.4
1 0.45 775.9 810.3 772.2 823.3 744.1 815.2 747.8 802.3
1 0.35 382.2 1018.0 368.7 1026.4 351.9 999.5 365.3 991.1
1 0.63 1306.7 707.4 1322.8 707.9 1321.5 743.7 1305.4 743.1
1 0.6 1329.0 796.7 1311.3 797.9 1308.6 759.9 1326.3 758.7
1 0.63 1306.7 707.3 1322.8 707.9 1321.5 743.6 1305.4 743.0
1 0.59 1329.4 796.7 1311.7 798.2 1308.3 760.0 1326.0 758.5
1 0.26 1165.0 492.3 1175.5 492.6 1174.7 514.9 1164.3 514.6
