1 0.65 233.4 792.2 219.5 799.9 203.0 770.1 216.9 762.4
1 0.6 236.3 653.8 231.3 666.9 200.8 655.2 205.8 642.1
1 0.6 232.4 635.4 222.1 647.2 196.0 624.6 206.3 612.8
1 0.6 194.7 562.5 188.6 577.5 154.0 563.5 160.0 548.5
1 0.54 357.5 936.5 347.5 947.1 324.6 925.7 334.5 915.1
1 0.42 241.5 699.9 228.1 703.7 219.4 673.6 232.8 669.8
1 0.41 217.2 600.9 210.2 615.2 179.6 600.3 186.6 586.0
1 0.34 102.8 485.5 90.2 488.9 83.0 461.9 95.6 458.5
1 0.28 402.0 997.9 389.1 1006.0 373.1 980.5 386.0 972.4
1 0.62 1294.5 698.9 1310.0 699.5 1308.8 733.4 1293.3 732.9
1 0.59 1316.4 784.4 1299.5 785.9 1296.2 749.1 1313.2 747.6
1 0.62 819.5 793.0 823.3 806.4 791.6 815.5 787.7 802.1
1 0.6 841.0 828.6 850.6 840.1 822.7 863.5 813.1 852.1
1 0.35 835.3 859.5 843.0 868.4 823.8 885.1 816.1 876.2
1 0.28 782.7 799.1 779.0 811.2 751.7 802.8 755.4 790.7
1 0.62 1294.5 698.9 1310.0 699.5 1308.8 733.3 1293.3 732.8
1 0.59 1316.4 784.4 1299.4 785.8 1296.2 749.1 1313.2 747.6
1 0.66 48.9 344.7 55.6 358.4 23.2 374.2 16.5 360.5
1 0.65 233.4 792.1 219.4 799.9 202.9 770.1 216.9 762.4
1 0.61 236.2 653.3 231.7 666.3 201.0 655.7 205.5 642.7
1 0.61 232.4 635.5 222.2 647.3 196.1 624.6 206.4 612.8
1 0.6 194.6 562.4 188.5 577.4 153.9 563.4 159.9 548.4
1 0.58 66.1 360.9 72.3 375.0 40.0 389.4 33.7 375.3
1 0.46 35.3 230.4 51.8 233.6 44.8 269.7 28.2 266.5
1 0.42 241.5 700.1 228.2 703.9 219.5 673.8 232.9 670.0
1 0.4 217.2 600.9 210.2 615.3 179.6 600.3 186.6 585.9
1 0.39 102.8 485.5 90.3 488.9 83.1 461.9 95.5 458.6
1 0.63 1294.4 699.0 1309.9 699.6 1308.8 733.3 1293.3 732.8
1 0.6 1316.4 784.2 1299.4 785.7 1296.2 749.1 1313.2 747.6
1 0.63 1294.4 699.1 1309.9 699.6 1308.7 733.3 1293.3 732.8
1 0.6 1316.4 784.2 1299.5 785.7 1296.3 749.2 1313.2 747.7
1 0.62 1294.4 698.9 1310.0 699.5 1308.8 733.4 1293.2 732.9
1 0.6 819.8 793.2 823.4 806.7 791.3 815.3 787.7 801.8
1 0.6 841.1 828.5 850.8 840.0 822.6 863.6 812.9 852.1
1 0.58 1316.5 784.4 1299.4 785.9 1296.2 749.1 1313.2 747.6
1 0.56 772.5 1004.6 785.3 1008.8 775.0 1040.7 762.1 1036.6
1 0.4 754.8 1056.2 768.9 1059.0 762.5 1091.6 748.5 1088.9
1 0.4 835.5 859.4 843.2 868.3 823.5 885.4 815.8 876.5
1 0.31 782.8 799.1 779.1 811.3 751.6 802.9 755.3 790.7
1 0.62 1294.5 698.9 1310.0 699.5 1308.8 733.4 1293.3 732.8
1 0.58 1316.4 784.4 1299.4 785.9 1296.2 749.1 1313.2 747.6
1 0.62 1294.4 699.0 1309.9 699.6 1308.8 733.3 1293.3 732.8
1 0.59 1316.4 784.3 1299.5 785.7 1296.3 749.1 1313.2 747.7
1 0.61 819.8 793.2 823.4 806.7 791.3 815.3 787.7 801.8
1 0.61 841.1 828.5 850.8 840.0 822.6 863.6 812.9 852.1
1 0.56 772.5 1004.6 785.4 1008.8 775.0 1040.8 762.1 1036.6
1 0.54 357.4 936.5 347.5 947.1 324.6 925.7 334.5 915.1
1 0.42 835.5 859.4 843.2 868.3 823.5 885.4 815.8 876.6
1 0.41 754.8 1056.2 768.9 1058.9 762.5 1091.7 748.5 1089.0
1 0.32 782.8 799.1 779.1 811.4 751.6 802.9 755.3 790.7
1 0.3 401.7 997.8 389.0 1005.7 373.2 980.4 385.9 972.5
1 0.63 819.5 793.0 823.3 806.3 791.6 815.5 787.7 802.1
1 0.63 1294.4 699.0 1309.9 699.6 1308.8 733.3 1293.2 732.8
1 0.61 841.0 828.7 850.6 840.1 822.7 863.5 813.1 852.1
1 0.6 1316.4 784.2 1299.5 785.7 1296.3 749.1 1313.2 747.7
1 0.37 835.3 859.6 843.0 868.4 823.9 884.9 816.2 876.1
1 0.32 782.7 799.1 779.0 811.2 751.7 802.8 755.4 790.7
1 0.63 819.5 793.0 823.3 806.3 791.6 815.5 787.7 802.1
1 0.61 841.0 828.6 850.6 840.1 822.7 863.5 813.1 852.1
1 0.38 835.3 859.5 843.0 868.4 823.9 885.0 816.2 876.1
1 0.3 782.7 799.1 779.0 811.1 751.7 802.8 755.4 790.8
1 0.5 332.5 21.9 343.3 32.3 318.1 58.4 307.3 48.0
1 0.6 819.8 793.2 823.4 806.7 791.3 815.3 787.7 801.8
1 0.59 841.1 828.4 850.8 840.0 822.6 863.7 812.9 852.1
1 0.55 772.4 1004.6 785.4 1008.8 775.0 1040.8 762.1 1036.6
1 0.39 835.5 859.4 843.2 868.3 823.5 885.4 815.8 876.5
1 0.39 754.8 1056.2 768.9 1058.9 762.5 1091.9 748.4 1089.2
1 0.28 782.9 799.1 779.1 811.4 751.6 803.0 755.3 790.7
1 0.66 48.9 344.7 55.7 358.5 23.2 374.3 16.5 360.5
1 0.62 34.6 231.8 50.7 234.4 45.2 269.2 29.1 266.6
1 0.6 194.6 562.4 188.5 577.4 153.9 563.4 159.9 548.4
1 0.58 66.1 360.9 72.4 375.0 40.0 389.4 33.7 375.3
1 0.55 232.2 636.0 221.3 647.7 196.2 624.3 207.1 612.5
1 0.5 332.5 21.9 343.2 32.3 318.1 58.3 307.3 48.0
1 0.4 102.7 486.4 89.8 489.7 83.0 462.1 95.8 458.9
1 0.4 217.2 600.9 210.2 615.2 179.6 600.3 186.6 585.9
1 0.31 246.6 206.5 248.9 221.0 211.6 226.9 209.3 212.4
