1 0.65 845.9 800.7 850.0 814.0 819.7 823.3 815.6 810.0
1 0.61 801.4 1004.1 814.1 1008.2 804.0 1039.3 791.3 1035.2
1 0.6 1316.7 743.6 1302.0 744.1 1300.9 711.1 1315.5 710.6
1 0.59 866.8 835.5 876.1 846.6 849.0 869.3 839.7 858.2
1 0.52 1322.6 792.6 1306.4 794.0 1303.3 758.5 1319.5 757.1
1 0.46 811.3 805.9 808.4 817.5 782.3 811.1 785.2 799.4
1 0.44 862.3 864.8 869.5 873.1 850.1 889.9 842.9 881.6
1 0.41 785.4 1053.6 799.2 1057.0 791.0 1090.1 777.2 1086.6
1 0.27 1181.9 533.6 1171.1 534.1 1170.0 512.0 1180.7 511.5
1 0.6 1316.7 743.6 1302.0 744.1 1300.9 711.2 1315.5 710.6
1 0.52 1322.5 792.6 1306.4 794.0 1303.3 758.5 1319.4 757.1
1 0.6 1316.1 744.4 1301.6 744.4 1301.6 711.5 1316.1 711.5
1 0.52 1322.5 792.7 1306.5 794.1 1303.4 758.6 1319.4 757.2
1 0.65 845.9 800.7 849.9 814.0 819.7 823.3 815.6 810.0
1 0.64 286.2 668.3 281.8 681.1 251.2 670.5 255.6 657.8
1 0.64 282.2 651.3 272.8 662.2 247.5 640.2 257.0 629.4
1 0.62 801.4 1004.1 814.1 1008.2 804.0 1039.3 791.3 1035.2
1 0.61 866.7 835.5 876.1 846.6 849.0 869.3 839.7 858.2
1 0.5 402.5 939.4 393.3 949.3 371.6 929.1 380.8 919.2
1 0.49 862.3 864.8 869.5 873.1 850.2 889.9 842.9 881.6
1 0.48 811.3 805.9 808.4 817.5 782.4 811.1 785.3 799.4
1 0.42 785.4 1053.6 799.2 1057.0 791.0 1090.1 777.2 1086.6
1 0.36 291.9 712.5 278.0 716.8 269.3 688.1 283.1 683.8
1 0.27 444.1 998.3 432.3 1005.7 417.1 981.4 429.0 974.0
1 0.59 1316.7 743.7 1302.0 744.2 1300.9 711.1 1315.5 710.6
1 0.51 1322.6 792.6 1306.4 794.1 1303.3 758.5 1319.4 757.0
1 0.6 1316.1 744.4 1301.6 744.4 1301.6 711.5 1316.1 711.5
1 0.52 1322.5 792.7 1306.5 794.1 1303.4 758.6 1319.4 757.2
1 0.53 376.7 60.1 387.9 70.2 364.1 96.6 352.9 86.5
1 0.64 845.9 800.6 850.0 814.0 819.7 823.3 815.6 809.9
1 0.61 801.4 1004.1 814.1 1008.2 804.0 1039.4 791.3 1035.2
1 0.59 866.8 835.5 876.1 846.6 849.0 869.4 839.6 858.2
1 0.44 811.3 805.9 808.4 817.6 782.3 811.1 785.2 799.4
1 0.43 862.3 864.8 869.5 873.1 850.2 889.9 842.9 881.6
1 0.4 785.4 1053.6 799.3 1057.0 791.0 1090.2 777.1 1086.7
1 0.59 1316.7 743.6 1302.0 744.1 1300.9 711.2 1315.5 710.6
1 0.51 1322.6 792.6 1306.4 794.0 1303.3 758.5 1319.4 757.1
1 0.6 1316.1 744.5 1301.6 744.5 1301.6 711.5 1316.1 711.5
1 0.52 1322.5 792.7 1306.5 794.1 1303.4 758.6 1319.4 757.2
1 0.63 845.9 800.8 850.0 814.0 819.7 823.3 815.6 810.0
1 0.61 866.7 835.4 876.1 846.6 849.0 869.4 839.6 858.2
1 0.6 1316.2 744.5 1301.5 744.5 1301.5 711.5 1316.2 711.5
1 0.53 1322.6 792.7 1306.5 794.1 1303.3 758.6 1319.5 757.2
1 0.46 811.2 805.9 808.3 817.6 782.4 811.1 785.3 799.5
1 0.62 845.9 800.7 850.0 814.0 819.7 823.3 815.6 810.0
1 0.6 866.7 835.5 876.1 846.7 849.0 869.4 839.6 858.2
1 0.44 811.2 806.0 808.3 817.6 782.4 811.1 785.3 799.5
1 0.65 286.1 668.3 281.8 680.9 251.5 670.5 255.8 657.9
1 0.65 211.9 615.6 198.9 623.7 181.4 595.6 194.3 587.5
1 0.65 282.3 651.4 272.9 662.2 247.6 640.3 257.0 629.4
1 0.64 103.8 371.0 110.6 384.5 79.3 400.5 72.4 387.0
1 0.6 244.9 580.1 239.1 594.4 205.8 581.0 211.6 566.6
1 0.6 119.9 387.3 126.1 400.6 96.0 414.7 89.8 401.4
1 0.59 49.0 483.3 45.3 498.0 11.6 489.6 15.2 474.9
1 0.57 36.8 371.9 21.5 374.6 16.0 343.5 31.3 340.8
1 0.57 89.8 261.5 105.7 264.6 99.3 297.6 83.3 294.5
1 0.5 155.7 506.8 143.9 510.0 137.0 484.1 148.8 480.9
1 0.37 292.2 712.4 278.5 716.9 269.2 688.3 282.9 683.9
1 0.36 267.7 617.6 260.8 631.7 230.7 617.0 237.6 602.9
1 0.65 212.0 615.7 199.0 623.8 181.3 595.6 194.3 587.4
1 0.64 103.8 371.0 110.6 384.5 79.3 400.5 72.4 387.0
1 0.6 244.9 580.1 239.1 594.5 205.8 581.0 211.6 566.6
1 0.6 119.9 387.3 126.1 400.6 96.0 414.7 89.8 401.4
1 0.59 48.9 483.3 45.3 498.0 11.6 489.6 15.3 474.9
1 0.57 36.8 371.9 21.4 374.6 15.9 343.4 31.3 340.7
1 0.56 89.7 261.5 105.8 264.6 99.3 297.7 83.3 294.6
1 0.52 376.7 60.0 387.9 70.1 364.1 96.6 352.9 86.5
1 0.51 155.8 506.9 143.9 510.0 137.0 484.1 148.8 480.9
1 0.34 267.9 617.6 260.9 631.9 230.6 617.1 237.6 602.8
1 0.66 286.1 668.3 281.7 680.9 251.4 670.5 255.7 657.9
1 0.66 282.2 651.4 272.9 662.2 247.6 640.2 256.9 629.4
1 0.63 845.9 800.8 849.9 814.0 819.7 823.3 815.6 810.0
1 0.61 866.7 835.4 876.1 846.6 849.0 869.4 839.6 858.2
1 0.46 811.2 805.9 808.3 817.6 782.4 811.1 785.3 799.5
1 0.4 292.1 712.4 278.5 716.9 269.2 688.4 282.9 684.0
1 0.65 211.8 615.6 199.0 623.7 181.4 595.6 194.2 587.5
1 0.64 286.2 668.3 281.8 681.1 251.3 670.6 255.7 657.8
1 0.63 282.2 651.3 272.8 662.1 247.6 640.2 257.0 629.4
1 0.6 244.9 580.1 239.2 594.5 205.9 581.0 211.7 566.7
1 0.59 49.0 483.3 45.4 498.0 11.6 489.6 15.2 474.9
1 0.51 155.7 506.8 144.0 510.0 137.1 484.2 148.8 481.1
1 0.5 402.5 939.4 393.3 949.3 371.6 929.1 380.8 919.2
1 0.34 267.7 617.6 260.8 631.7 230.7 617.0 237.6 602.8
1 0.31 292.0 712.5 278.1 716.7 269.3 688.0 283.2 683.7
1 0.3 444.0 998.2 432.2 1005.6 417.2 981.4 428.9 974.1
1 0.27 634.9 451.7 628.0 466.4 589.1 448.3 596.0 433.5
