1 0.66 168.2 445.5 175.2 459.1 143.6 475.3 136.6 461.6
1 0.65 27.5 474.5 15.6 483.1 -3.3 457.1 8.6 448.5
1 0.63 310.7 655.5 305.2 669.7 272.2 657.0 277.7 642.8
1 0.62 348.2 726.3 338.7 737.2 313.7 715.6 323.2 704.6
1 0.61 184.5 462.2 190.8 475.8 160.2 490.1 153.9 476.5
1 0.58 113.5 559.1 109.8 573.8 76.5 565.5 80.1 550.7
1 0.57 468.7 1012.9 459.7 1022.6 438.3 1002.5 447.3 992.9
1 0.57 232.7 630.3 221.8 640.2 199.8 615.9 210.8 606.0
1 0.54 352.5 743.3 348.1 756.3 317.3 745.7 321.7 732.7
1 0.48 221.5 582.5 209.4 585.8 202.2 558.9 214.3 555.6
1 0.43 333.2 692.2 326.4 706.2 297.0 691.8 303.8 677.8
1 0.4 511.7 1071.6 499.9 1079.0 484.3 1054.2 496.1 1046.8
1 0.4 47.1 443.3 50.4 455.9 23.8 463.0 20.4 450.5
1 0.36 358.5 786.0 344.8 790.5 335.8 762.8 349.5 758.3
1 0.63 1386.9 867.8 1370.8 868.7 1368.9 833.6 1385.1 832.7
1 0.62 1382.2 819.3 1366.9 819.3 1366.9 786.4 1382.2 786.4
1 0.59 932.3 908.5 942.0 920.0 914.9 942.7 905.2 931.3
1 0.57 912.5 874.2 916.5 887.3 885.7 896.7 881.7 883.6
1 0.48 878.0 880.7 874.5 892.6 847.8 884.9 851.2 873.0
1 0.39 928.8 937.9 936.1 946.3 916.7 963.2 909.4 954.8
1 0.36 512.0 1071.9 500.0 1079.4 484.2 1054.2 496.3 1046.6
1 0.55 442.7 135.5 453.6 146.0 428.5 171.9 417.6 161.4
1 0.65 168.2 445.6 175.1 459.2 143.6 475.2 136.6 461.7
1 0.64 27.4 474.4 15.5 483.0 -3.2 457.3 8.7 448.7
1 0.62 184.5 462.1 190.8 475.8 160.2 490.1 153.8 476.4
1 0.62 154.0 337.0 169.7 339.5 164.4 373.2 148.7 370.7
1 0.59 113.4 559.0 109.7 573.6 76.6 565.4 80.2 550.8
1 0.57 233.1 630.2 222.2 640.4 199.7 616.2 210.6 606.0
1 0.57 99.9 447.7 85.4 450.0 80.4 418.5 95.0 416.2
1 0.55 64.6 441.9 52.3 451.8 30.9 425.3 43.1 415.4
1 0.54 442.7 135.4 453.6 146.0 428.5 172.0 417.6 161.4
1 0.48 221.5 582.5 209.3 585.7 202.2 559.0 214.3 555.7
1 0.42 30.7 444.7 16.8 447.4 11.5 420.1 25.4 417.4
1 0.29 46.6 443.9 49.8 455.9 24.1 462.8 20.9 450.8
1 0.63 1386.9 867.8 1370.7 868.6 1368.9 833.6 1385.1 832.8
1 0.62 1383.0 818.9 1367.7 819.7 1366.0 786.9 1381.3 786.1
1 0.63 310.7 655.5 305.3 669.7 272.2 657.0 277.7 642.8
1 0.61 348.2 726.2 338.0 737.0 313.8 714.5 323.9 703.6
1 0.55 352.6 743.4 348.1 756.4 317.3 745.8 321.8 732.7
1 0.39 333.1 692.1 326.2 706.1 296.9 691.8 303.8 677.8
1 0.38 358.1 786.5 345.4 790.6 336.3 762.5 348.9 758.4
1 0.63 1386.9 867.8 1370.7 868.7 1368.9 833.6 1385.1 832.8
1 0.62 1383.0 818.9 1367.8 819.7 1366.0 786.9 1381.3 786.1
1 0.63 1386.9 867.9 1370.8 868.7 1368.9 833.6 1385.1 832.7
1 0.62 1382.1 819.2 1366.9 819.2 1366.9 786.4 1382.1 786.4
1 0.65 168.2 445.6 175.1 459.2 143.5 475.3 136.6 461.7
1 0.64 27.4 474.4 15.5 483.0 -3.2 457.3 8.7 448.7
1 0.63 310.7 655.4 305.3 669.7 272.2 657.0 277.7 642.7
1 0.62 184.5 462.1 190.9 475.8 160.1 490.1 153.7 476.4
1 0.62 154.0 337.0 169.7 339.5 164.4 373.1 148.7 370.6
1 0.61 348.1 726.2 338.0 737.0 313.8 714.5 323.9 703.6
1 0.58 113.4 559.0 109.7 573.7 76.5 565.4 80.2 550.7
1 0.58 232.8 630.3 221.8 640.2 199.8 615.9 210.9 605.9
1 0.57 100.0 447.7 85.3 450.1 80.3 418.5 95.0 416.2
1 0.55 352.6 743.4 348.1 756.4 317.3 745.8 321.8 732.7
1 0.55 64.6 441.8 52.3 451.8 30.9 425.3 43.1 415.4
1 0.47 221.5 582.5 209.3 585.7 202.2 559.0 214.3 555.7
1 0.42 30.3 445.0 16.3 447.3 11.9 419.8 25.9 417.6
1 0.39 333.1 692.0 326.2 706.1 297.0 691.8 303.8 677.8
1 0.39 358.1 786.5 345.4 790.6 336.3 762.5 349.0 758.4
1 0.28 46.6 443.8 49.8 455.9 24.1 462.8 20.8 450.7
1 0.63 310.7 655.5 305.2 669.7 272.2 657.0 277.7 642.8
1 0.63 348.1 726.3 338.7 737.2 313.8 715.5 323.2 704.7
1 0.57 468.7 1012.9 459.7 1022.6 438.3 1002.5 447.3 992.9
1 0.55 352.5 743.3 348.0 756.3 317.3 745.7 321.8 732.7
1 0.47 878.6 880.7 875.1 892.9 847.7 885.1 851.2 872.9
1 0.41 333.2 692.2 326.4 706.1 297.0 691.8 303.8 677.9
1 0.39 511.7 1071.7 499.9 1079.1 484.3 1054.2 496.2 1046.8
1 0.33 358.4 786.1 344.8 790.5 335.8 762.8 349.4 758.4
1 0.59 932.4 908.5 942.0 920.0 914.9 942.7 905.2 931.3
1 0.57 912.5 874.2 916.5 887.3 885.7 896.7 881.7 883.6
1 0.48 877.9 880.7 874.5 892.6 847.8 884.9 851.2 873.0
1 0.38 928.8 937.9 936.1 946.3 916.6 963.2 909.4 954.8
1 0.63 1386.9 867.8 1370.7 868.6 1368.9 833.6 1385.1 832.8
1 0.61 1383.1 818.9 1367.7 819.7 1366.0 786.9 1381.3 786.0
1 0.63 1386.9 867.8 1370.8 868.7 1368.9 833.6 1385.1 832.8
1 0.62 1382.2 819.3 1366.9 819.3 1366.9 786.4 1382.2 786.4
1 0.26 1238.1 590.1 1248.6 591.0 1246.8 611.9 1236.3 611.0
