1 0.62 253.0 436.2 268.4 439.2 262.0 472.5 246.5 469.5
1 0.56 266.1 544.9 273.1 558.3 241.4 575.2 234.3 561.8
1 0.54 282.7 561.3 289.0 574.4 258.7 589.2 252.3 576.1
1 0.45 542.9 237.4 553.2 247.4 528.6 272.8 518.3 262.8
1 0.64 1010.4 973.0 1014.0 986.5 983.0 994.8 979.3 981.3
1 0.59 1483.0 967.1 1467.1 967.9 1465.3 933.0 1481.2 932.2
1 0.59 1029.7 1007.1 1038.9 1018.4 1012.0 1040.1 1002.9 1028.8
1 0.55 1464.7 885.8 1479.6 886.9 1477.3 919.8 1462.3 918.8
1 0.34 1025.6 1035.8 1033.0 1044.3 1014.4 1060.3 1007.1 1051.9
1 0.26 1013.6 948.2 1011.6 967.7 970.4 963.3 972.5 943.9
1 0.69 281.2 679.6 272.4 690.9 246.1 670.4 255.0 659.1
1 0.57 211.1 656.8 208.2 671.6 175.0 665.1 177.8 650.4
1 0.38 143.2 543.0 146.4 554.9 121.3 561.7 118.1 549.7
1 0.43 432.1 790.7 425.4 804.4 396.4 790.2 403.0 776.5
1 0.43 456.1 885.3 443.2 889.0 434.9 860.1 447.8 856.4
1 0.51 108.0 580.8 96.8 590.3 76.7 566.3 87.9 556.9
1 0.52 319.9 681.8 307.6 684.9 300.8 657.6 313.1 654.5
1 0.55 282.6 561.2 289.0 574.5 258.7 589.3 252.3 576.0
1 0.58 198.0 546.5 183.1 548.8 178.2 517.5 193.0 515.1
1 0.64 451.7 841.5 447.2 854.5 416.6 843.9 421.1 831.0
1 0.6 265.9 545.0 273.0 558.3 241.9 574.9 234.8 561.5
1 0.61 409.4 753.3 404.3 768.0 371.3 756.6 376.3 741.9
1 0.61 253.1 434.9 268.9 438.0 262.2 472.4 246.4 469.4
1 0.63 447.5 825.0 437.9 836.0 413.0 814.3 422.5 803.3
1 0.63 125.0 572.8 113.2 582.0 93.7 557.1 105.5 547.9
1 0.63 161.5 540.9 149.7 550.2 128.8 523.4 140.7 514.2
1 0.36 128.6 544.7 113.9 547.3 108.9 519.2 123.6 516.6
1 0.45 542.9 237.4 553.2 247.4 528.6 272.8 518.3 262.8
1 0.45 543.0 237.4 553.2 247.2 528.6 272.6 518.5 262.8
1 0.65 1010.4 973.0 1014.0 986.5 983.0 994.8 979.4 981.3
1 0.6 1029.7 1007.1 1038.9 1018.3 1012.0 1040.1 1002.9 1028.8
1 0.48 976.0 978.6 972.5 991.1 945.3 983.3 948.8 970.8
1 0.38 1025.6 1035.9 1033.3 1044.8 1014.7 1061.0 1007.0 1052.2
1 0.7 281.3 679.6 272.4 690.9 246.1 670.4 255.0 659.0
1 0.65 451.8 841.6 447.3 854.5 416.7 844.0 421.1 831.0
1 0.63 447.5 825.0 437.9 836.0 412.9 814.3 422.5 803.2
1 0.62 253.0 436.2 268.4 439.2 262.0 472.5 246.5 469.5
1 0.61 409.4 753.2 404.3 768.0 371.3 756.6 376.4 741.8
1 0.57 266.0 544.9 273.1 558.3 241.4 575.2 234.3 561.8
1 0.55 282.7 561.3 289.1 574.4 258.7 589.2 252.3 576.1
1 0.55 319.8 681.8 307.6 684.8 300.8 657.6 313.0 654.6
1 0.46 543.0 237.4 553.2 247.2 528.6 272.6 518.4 262.8
1 0.44 432.0 790.8 425.3 804.5 396.3 790.3 403.0 776.6
1 0.25 455.2 884.4 442.0 887.7 435.1 860.1 448.3 856.8
1 0.64 1010.4 972.9 1014.0 986.5 983.0 994.9 979.3 981.3
1 0.59 1029.7 1007.1 1038.9 1018.3 1012.0 1040.1 1002.9 1028.8
1 0.47 976.0 978.7 972.5 991.0 945.3 983.2 948.8 970.9
1 0.35 1025.6 1035.8 1032.9 1044.2 1014.5 1060.3 1007.2 1051.9
1 0.59 1483.0 967.1 1467.1 968.0 1465.3 933.0 1481.2 932.2
1 0.55 1464.6 885.8 1479.6 886.9 1477.3 919.8 1462.3 918.8
1 0.59 1483.0 967.1 1467.1 968.0 1465.3 933.0 1481.2 932.2
1 0.55 1464.7 885.8 1479.6 886.9 1477.3 919.8 1462.3 918.8
1 0.7 281.2 679.6 272.4 690.9 246.1 670.4 254.9 659.1
1 0.64 451.7 841.5 447.2 854.5 416.6 843.9 421.1 831.0
1 0.64 447.5 825.0 437.9 836.0 413.0 814.3 422.5 803.3
1 0.61 253.1 434.8 268.9 437.9 262.2 472.5 246.3 469.4
1 0.6 409.4 753.3 404.3 768.0 371.3 756.6 376.3 741.9
1 0.58 265.9 545.0 273.0 558.3 241.5 575.1 234.4 561.8
1 0.55 282.6 561.2 289.1 574.4 258.7 589.2 252.3 576.1
1 0.53 319.8 681.8 307.6 684.9 300.8 657.6 313.0 654.6
1 0.43 432.1 790.7 425.4 804.4 396.3 790.2 403.0 776.5
1 0.4 456.0 885.3 443.2 889.0 435.0 860.1 447.7 856.4
1 0.7 281.3 679.6 272.4 690.9 246.2 670.4 255.0 659.1
1 0.65 451.8 841.6 447.3 854.5 416.7 844.0 421.1 831.0
1 0.29 128.6 544.7 113.9 547.3 108.9 519.1 123.7 516.5
1 0.32 142.9 543.0 146.1 555.0 121.4 561.6 118.2 549.6
1 0.43 432.0 790.8 425.3 804.5 396.3 790.4 403.0 776.6
1 0.45 543.0 237.3 553.2 247.2 528.6 272.6 518.4 262.8
1 0.52 108.0 580.9 96.8 590.3 76.8 566.4 88.0 557.0
1 0.54 319.9 681.8 307.6 684.8 300.8 657.6 313.1 654.5
1 0.55 282.6 561.3 289.0 574.4 258.7 589.2 252.3 576.0
1 0.57 198.0 546.5 183.1 548.9 178.1 517.4 193.0 515.0
1 0.58 211.1 656.9 208.2 671.5 175.0 665.1 177.8 650.4
1 0.59 265.9 545.0 273.0 558.4 242.0 574.8 234.9 561.5
1 0.61 409.4 753.2 404.4 768.0 371.3 756.6 376.4 741.8
1 0.62 253.0 436.2 268.5 439.2 262.1 472.4 246.5 469.4
1 0.62 447.5 825.0 437.9 836.0 412.9 814.3 422.5 803.2
1 0.62 161.5 541.2 149.4 550.3 128.8 523.0 140.9 513.8
1 0.64 125.0 572.9 113.3 582.0 93.7 557.0 105.4 547.8
1 0.27 455.2 884.4 442.0 887.7 435.1 860.1 448.3 856.8
1 0.65 125.0 572.9 113.3 582.0 93.8 557.0 105.4 547.9
1 0.63 161.5 541.2 149.4 550.3 128.8 523.0 140.9 513.9
1 0.62 253.0 436.2 268.5 439.2 262.1 472.4 246.5 469.4
1 0.59 265.9 545.1 273.0 558.3 242.0 574.8 234.9 561.5
1 0.58 197.9 546.5 183.1 548.8 178.2 517.4 193.0 515.0
1 0.54 282.6 561.3 289.0 574.4 258.7 589.2 252.3 576.1
1 0.52 108.0 580.9 96.9 590.3 76.8 566.4 88.0 557.1
1 0.44 542.8 237.4 553.2 247.4 528.6 272.8 518.3 262.8
1 0.33 142.9 543.1 146.0 554.9 121.5 561.5 118.3 549.6
1 0.32 128.5 544.7 113.9 547.2 109.0 519.1 123.6 516.5
