1 0.65 591.2 799.1 598.1 812.2 567.2 828.7 560.2 815.6
1 0.63 579.6 691.7 594.7 694.6 588.2 727.9 573.2 725.0
1 0.58 607.1 816.6 613.0 829.3 583.3 843.1 577.4 830.4
1 0.52 873.3 497.2 882.7 507.2 856.3 531.9 846.9 521.8
1 0.5 520.6 800.4 506.3 801.9 503.1 771.4 517.4 769.9
1 0.65 468.3 866.3 464.8 880.5 433.2 872.6 436.8 858.4
1 0.65 591.1 799.2 598.1 812.2 567.2 828.6 560.3 815.6
1 0.64 769.9 1074.1 760.0 1084.8 735.8 1062.3 745.7 1051.6
1 0.63 485.1 794.1 473.0 803.6 451.7 776.4 463.8 767.0
1 0.63 579.6 691.7 594.7 694.6 588.3 727.9 573.1 725.0
1 0.61 534.4 909.6 531.6 923.8 499.6 917.6 502.4 903.3
1 0.59 732.3 1003.2 727.3 1017.7 695.4 1006.7 700.3 992.2
1 0.57 447.8 826.2 435.8 835.5 415.7 809.8 427.7 800.4
1 0.57 607.0 816.6 613.0 829.3 583.4 843.1 577.5 830.4
1 0.55 645.3 934.7 633.3 938.0 625.6 909.1 637.6 905.9
1 0.52 520.5 800.4 506.3 801.9 503.1 771.3 517.3 769.8
1 0.52 430.1 832.5 419.3 842.6 397.9 819.7 408.7 809.6
1 0.5 872.3 497.9 881.6 507.6 856.3 532.1 846.9 522.4
1 0.42 272.8 895.5 281.6 905.5 258.3 925.7 249.6 915.7
1 0.36 451.0 799.4 436.9 801.2 433.3 771.4 447.4 769.6
1 0.26 466.9 798.0 470.0 809.5 444.9 816.3 441.8 804.8
1 0.65 468.4 866.2 464.8 880.5 433.2 872.6 436.8 858.4
1 0.65 591.2 799.2 598.1 812.2 567.2 828.6 560.3 815.6
1 0.63 485.1 794.1 472.9 803.6 451.7 776.4 463.8 767.0
1 0.63 579.6 691.7 594.8 694.6 588.3 727.9 573.1 725.0
1 0.61 534.4 909.5 531.6 923.9 499.6 917.6 502.4 903.3
1 0.57 607.0 816.6 612.9 829.3 583.4 843.1 577.5 830.3
1 0.57 447.8 826.2 435.8 835.5 415.7 809.8 427.7 800.4
1 0.52 520.5 800.4 506.3 801.9 503.1 771.3 517.3 769.8
1 0.52 430.1 832.5 419.3 842.6 397.9 819.7 408.8 809.6
1 0.44 236.9 922.0 247.6 933.9 215.4 963.0 204.6 951.0
1 0.38 646.6 935.3 633.5 938.8 625.6 909.4 638.7 905.8
1 0.37 451.0 799.4 436.9 801.2 433.3 771.4 447.4 769.6
1 0.36 272.8 895.5 281.5 905.6 258.4 925.7 249.6 915.6
1 0.33 169.2 993.4 178.2 1003.7 154.2 1024.6 145.2 1014.3
1 0.28 466.9 798.0 470.0 809.5 444.9 816.3 441.8 804.8
1 0.65 769.8 1074.1 759.9 1084.7 735.8 1062.2 745.7 1051.6
1 0.53 873.3 497.2 882.7 507.2 856.2 532.0 846.8 521.9
1 0.27 754.0 1040.3 747.2 1053.1 719.2 1038.2 726.0 1025.5
1 0.68 468.1 866.2 464.5 880.5 433.1 872.7 436.7 858.3
1 0.65 591.1 799.1 598.1 812.2 567.2 828.7 560.2 815.6
1 0.63 579.6 691.7 594.7 694.6 588.2 727.9 573.2 725.0
1 0.63 485.0 794.0 472.9 803.5 451.7 776.4 463.9 766.9
1 0.59 447.6 826.1 435.8 835.3 415.9 809.9 427.7 800.7
1 0.58 607.1 816.6 613.0 829.3 583.3 843.1 577.4 830.4
1 0.53 430.2 832.6 419.3 842.7 397.9 819.7 408.7 809.6
1 0.51 520.5 800.3 506.3 801.8 503.1 771.4 517.3 769.9
1 0.48 872.7 498.0 881.8 507.8 856.0 531.9 846.9 522.1
1 0.34 450.9 799.1 436.9 800.8 433.3 771.5 447.3 769.7
1 0.65 591.2 799.2 598.1 812.2 567.2 828.6 560.3 815.6
1 0.64 769.9 1074.2 760.0 1084.7 735.9 1062.3 745.7 1051.7
1 0.63 579.6 691.7 594.7 694.6 588.2 728.0 573.1 725.0
1 0.62 534.4 909.6 531.7 923.9 499.5 917.6 502.3 903.3
1 0.59 732.3 1003.2 727.3 1017.7 695.4 1006.7 700.3 992.2
1 0.57 607.1 816.6 613.0 829.3 583.4 843.0 577.5 830.4
1 0.55 645.3 934.7 633.3 938.0 625.6 909.1 637.6 905.9
1 0.52 873.3 497.2 882.7 507.3 856.2 532.0 846.7 521.9
1 0.51 520.9 800.7 506.8 802.2 503.6 771.3 517.7 769.8
1 0.26 754.2 1039.8 747.7 1053.1 719.1 1039.1 725.6 1025.8
1 0.47 872.7 498.0 881.8 507.8 856.0 531.9 846.9 522.1
1 0.52 873.3 497.2 882.7 507.2 856.3 531.9 846.9 521.8
1 0.68 468.1 866.2 464.6 880.6 433.1 872.7 436.7 858.3
1 0.64 591.1 799.1 598.1 812.2 567.2 828.7 560.2 815.6
1 0.63 485.0 794.0 472.9 803.5 451.7 776.4 463.9 766.9
1 0.63 579.6 691.7 594.7 694.6 588.2 727.9 573.1 725.0
1 0.59 447.6 826.1 435.8 835.4 415.8 809.9 427.7 800.6
1 0.57 607.0 816.6 613.0 829.3 583.3 843.2 577.3 830.4
1 0.54 430.2 832.5 419.3 842.7 397.9 819.7 408.7 809.6
1 0.51 520.5 800.3 506.3 801.8 503.1 771.4 517.4 769.9
1 0.34 451.0 799.1 436.9 800.8 433.3 771.5 447.4 769.7
1 0.25 466.9 798.2 469.9 809.4 445.1 816.0 442.1 804.8
1 0.51 873.3 497.2 882.7 507.2 856.2 531.9 846.9 521.8
1 0.51 873.4 497.1 882.7 507.2 856.3 531.9 846.9 521.8
