1 0.51 351.6 236.2 355.9 250.1 324.1 259.8 319.8 245.9
1 0.47 288.7 254.1 292.2 267.4 260.2 276.0 256.6 262.7
1 0.31 1324.1 246.6 1322.2 258.8 1296.5 254.8 1298.5 242.5
1 0.58 1428.9 42.3 1433.9 56.0 1401.5 67.8 1396.5 54.1
1 0.47 1378.7 62.2 1383.1 73.5 1354.8 84.4 1350.4 73.0
1 0.4 1519.3 3.9 1525.8 16.7 1497.2 31.3 1490.7 18.5
1 0.3 1324.2 246.2 1322.2 258.8 1296.4 254.7 1298.4 242.1
1 0.58 1428.9 42.3 1433.9 56.0 1401.5 67.8 1396.5 54.1
1 0.47 1378.7 62.2 1383.1 73.5 1354.8 84.4 1350.4 73.0
1 0.43 1519.3 3.9 1525.8 16.7 1497.1 31.3 1490.6 18.5
1 0.29 1324.3 246.2 1322.3 258.9 1296.3 254.8 1298.3 242.1
1 0.64 979.6 1027.2 994.1 1030.3 987.1 1063.0 972.6 1059.9
1 0.55 1269.3 839.0 1277.7 849.5 1251.5 870.7 1243.1 860.2
1 0.58 1428.9 42.3 1433.9 56.0 1401.5 67.8 1396.5 54.1
1 0.48 1378.7 62.2 1383.1 73.5 1354.8 84.4 1350.4 73.0
1 0.41 1519.3 3.9 1525.8 16.7 1497.1 31.3 1490.6 18.5
1 0.32 1324.3 246.2 1322.2 258.9 1296.3 254.8 1298.3 242.1
1 0.67 251.6 263.8 254.6 277.9 221.1 285.0 218.1 270.9
1 0.65 114.7 310.0 119.2 323.7 87.5 334.0 83.1 320.3
1 0.63 161.3 293.1 165.4 307.3 131.1 317.1 127.1 302.9
1 0.51 350.7 235.2 355.2 249.1 324.5 259.1 320.0 245.2
1 0.5 43.4 337.5 48.2 350.0 19.9 360.9 15.1 348.3
1 0.46 288.9 254.0 292.4 267.3 260.3 275.9 256.7 262.6
1 0.56 1269.5 837.9 1278.4 848.5 1251.6 870.9 1242.7 860.3
1 0.32 1324.2 246.6 1322.3 258.8 1296.6 254.7 1298.5 242.5
1 0.56 1269.5 837.9 1278.4 848.5 1251.6 871.0 1242.7 860.3
1 0.33 1324.2 246.6 1322.2 258.8 1296.6 254.7 1298.5 242.5
1 0.64 979.6 1027.2 994.0 1030.3 987.1 1063.0 972.7 1059.9
1 0.56 1269.2 839.1 1277.7 849.5 1251.5 870.6 1243.1 860.2
1 0.56 1269.5 837.9 1278.4 848.5 1251.6 871.0 1242.7 860.3
1 0.39 1324.2 246.6 1322.3 258.7 1296.7 254.7 1298.6 242.6
1 0.52 350.7 235.3 355.2 249.1 324.5 259.1 320.0 245.3
1 0.47 288.7 254.0 292.3 267.4 260.1 276.1 256.5 262.7
1 0.64 979.7 1027.2 994.0 1030.3 987.1 1062.8 972.7 1059.8
1 0.55 1269.3 839.0 1277.8 849.4 1251.5 870.7 1243.0 860.2
1 0.36 1324.2 246.3 1322.3 258.8 1296.5 254.7 1298.4 242.2
1 0.66 251.6 263.8 254.6 277.9 221.1 285.0 218.1 270.9
1 0.65 114.7 310.0 119.2 323.7 87.5 334.0 83.1 320.3
1 0.63 161.3 293.1 165.4 307.3 131.1 317.1 127.0 302.9
1 0.5 43.4 337.5 48.2 350.0 20.0 360.9 15.1 348.3
1 0.49 351.7 236.1 356.0 250.1 324.1 259.8 319.8 245.9
1 0.45 288.8 254.0 292.4 267.3 260.3 275.9 256.8 262.6
