1 0.66 484.1 548.8 487.7 562.2 455.1 570.9 451.5 557.5
1 0.62 393.1 577.3 397.5 590.9 364.2 601.7 359.7 588.1
1 0.62 346.7 594.2 351.3 607.5 320.4 618.2 315.8 604.8
1 0.58 143.2 680.9 148.2 693.7 115.6 706.2 110.7 693.4
1 0.55 584.8 523.2 588.6 536.6 557.9 545.5 554.0 532.1
1 0.54 231.8 636.8 238.6 650.1 200.9 669.3 194.1 656.1
1 0.45 521.8 539.4 525.5 553.2 492.9 561.9 489.2 548.2
1 0.41 275.4 620.3 280.0 632.3 251.4 643.3 246.7 631.3
1 0.38 39.4 731.0 45.3 744.4 8.8 760.6 2.8 747.2
1 0.66 484.1 548.8 487.7 562.2 455.1 570.9 451.5 557.5
1 0.63 346.7 594.2 351.2 607.5 320.5 618.1 315.9 604.8
1 0.63 393.1 577.3 397.5 590.9 364.2 601.7 359.8 588.1
1 0.55 584.7 523.3 588.6 536.6 557.9 545.5 554.0 532.1
1 0.44 521.8 539.5 525.5 553.1 492.9 561.9 489.2 548.2
1 0.43 275.4 620.2 280.1 632.3 251.5 643.2 246.9 631.2
1 0.34 1585.3 545.2 1581.9 557.0 1554.2 549.0 1557.6 537.2
1 0.33 1604.5 351.1 1608.0 362.7 1576.8 372.3 1573.3 360.6
1 0.35 1585.4 545.2 1582.0 557.0 1554.2 549.0 1557.6 537.2
1 0.31 1604.6 351.0 1608.2 362.7 1576.8 372.3 1573.3 360.6
1 0.3 1585.6 545.3 1582.2 557.2 1554.1 549.1 1557.6 537.2
1 0.33 1585.8 545.3 1582.3 557.2 1554.2 549.2 1557.6 537.2
1 0.34 1585.5 545.2 1582.1 557.1 1554.2 549.1 1557.6 537.2
1 0.63 1893.2 249.1 1898.3 261.7 1867.4 274.1 1862.3 261.6
1 0.58 1651.9 330.7 1656.8 344.1 1624.0 356.0 1619.2 342.6
1 0.53 1740.6 292.8 1746.4 305.3 1717.5 318.8 1711.7 306.3
1 0.48 1603.5 350.3 1607.4 361.7 1577.1 372.1 1573.2 360.7
1 0.32 1585.4 545.2 1582.0 557.0 1554.2 549.0 1557.6 537.2
1 0.29 1391.7 505.7 1393.5 525.6 1333.3 530.9 1331.6 511.0
1 0.66 484.1 548.8 487.7 562.2 455.1 571.0 451.5 557.5
1 0.63 393.1 577.3 397.5 590.9 364.2 601.7 359.8 588.1
1 0.63 346.7 594.2 351.3 607.6 320.5 618.2 315.9 604.8
1 0.55 584.8 523.2 588.6 536.7 557.9 545.5 554.0 532.1
1 0.46 275.3 620.3 279.7 631.9 251.5 642.7 247.1 631.1
1 0.45 521.8 539.4 525.5 553.1 492.9 561.9 489.2 548.2
1 0.58 1651.9 330.7 1656.8 344.1 1624.1 356.0 1619.2 342.6
1 0.52 1740.6 292.9 1746.4 305.3 1717.6 318.7 1711.8 306.3
1 0.48 1603.4 350.3 1607.4 361.7 1577.1 372.1 1573.2 360.7
1 0.32 1585.5 545.2 1582.1 557.0 1554.2 549.0 1557.6 537.2
1 0.67 484.0 548.8 487.6 562.2 455.1 571.0 451.5 557.6
1 0.63 346.7 594.1 351.3 607.5 320.5 618.1 315.9 604.8
1 0.63 393.1 577.3 397.5 590.9 364.2 601.7 359.8 588.1
1 0.55 584.7 523.3 588.6 536.6 557.8 545.5 554.0 532.1
1 0.47 521.7 539.5 525.4 553.3 492.8 562.0 489.1 548.3
1 0.44 275.4 620.2 280.1 632.3 251.5 643.3 246.9 631.2
1 0.67 484.0 548.8 487.6 562.2 455.1 571.0 451.5 557.6
1 0.63 393.1 577.3 397.5 590.9 364.2 601.7 359.8 588.1
1 0.63 346.7 594.1 351.4 607.5 320.5 618.1 315.9 604.7
1 0.58 143.2 680.9 148.1 693.8 115.7 706.2 110.8 693.4
1 0.56 584.8 523.2 588.6 536.6 557.8 545.5 554.0 532.1
1 0.54 231.7 636.9 238.5 650.1 200.7 669.3 194.0 656.1
1 0.47 521.7 539.5 525.4 553.3 492.8 562.0 489.1 548.3
1 0.42 275.2 621.2 279.8 633.3 251.0 644.4 246.4 632.3
1 0.39 39.4 730.8 45.5 744.4 8.7 760.7 2.7 747.2
1 0.64 1893.1 249.3 1898.1 261.7 1867.5 274.1 1862.4 261.6
1 0.58 1651.9 330.7 1656.8 344.1 1624.0 356.0 1619.2 342.6
1 0.53 1740.6 292.9 1746.4 305.3 1717.5 318.8 1711.7 306.3
1 0.5 1906.9 215.6 1913.5 229.0 1882.1 244.3 1875.6 230.9
1 0.47 1603.5 350.3 1607.4 361.7 1577.1 372.1 1573.2 360.7
1 0.3 1585.3 545.2 1582.0 557.0 1554.2 549.0 1557.6 537.2
1 0.3 1391.8 505.7 1393.5 525.6 1333.3 530.9 1331.5 511.0
1 0.58 1651.9 330.7 1656.8 344.1 1624.1 356.0 1619.2 342.6
1 0.5 1740.6 292.9 1746.4 305.3 1717.6 318.7 1711.8 306.3
1 0.47 1603.5 350.3 1607.4 361.7 1577.1 372.1 1573.2 360.7
1 0.33 1585.4 545.2 1582.1 557.0 1554.2 549.0 1557.6 537.2
1 0.55 584.7 523.3 588.5 536.6 557.8 545.4 554.0 532.1
1 0.42 521.7 539.3 525.5 553.4 491.6 562.5 487.8 548.4
1 0.55 584.7 523.3 588.6 536.6 557.9 545.4 554.1 532.1
1 0.41 521.8 539.3 525.6 553.3 491.6 562.4 487.8 548.4
1 0.56 584.7 523.3 588.5 536.6 557.9 545.4 554.1 532.1
1 0.42 521.8 539.3 525.5 553.3 491.6 562.4 487.9 548.4
1 0.66 484.1 548.8 487.7 562.2 455.1 570.9 451.5 557.5
1 0.63 346.7 594.2 351.3 607.6 320.5 618.2 315.9 604.8
1 0.63 393.1 577.3 397.5 590.9 364.2 601.7 359.8 588.1
1 0.55 584.8 523.2 588.6 536.6 557.9 545.5 554.0 532.1
1 0.47 275.3 620.2 279.8 631.9 251.6 642.7 247.1 631.0
1 0.45 521.8 539.4 525.5 553.2 492.9 561.9 489.2 548.2
