1 0.64 554.4 845.5 542.9 854.6 522.0 827.9 533.6 818.8
1 0.62 661.2 851.5 667.6 864.1 637.0 879.7 630.6 867.1
1 0.62 650.0 743.6 664.9 746.8 657.9 779.7 643.0 776.5
1 0.57 590.7 851.7 576.4 853.0 573.6 821.9 588.0 820.6
1 0.56 517.5 877.5 506.0 886.5 486.1 861.0 497.6 852.0
1 0.51 943.7 549.6 952.6 559.5 925.9 583.6 916.9 573.7
1 0.41 521.3 850.7 508.1 852.8 503.4 823.1 516.6 821.0
1 0.27 536.8 849.9 540.0 861.6 514.8 868.3 511.7 856.6
1 0.5 943.7 549.6 952.6 559.5 925.9 583.6 916.9 573.7
1 0.53 801.6 1052.8 796.4 1067.9 763.9 1056.7 769.2 1041.6
1 0.49 943.8 549.4 952.8 559.5 925.9 583.7 916.9 573.6
1 0.29 940.0 441.7 954.4 447.8 939.6 482.8 925.1 476.6
1 0.63 554.5 845.5 542.8 854.6 521.9 827.9 533.6 818.8
1 0.62 517.0 876.8 505.6 885.7 486.1 860.9 497.5 852.0
1 0.61 650.0 743.6 665.0 746.8 658.0 779.7 643.0 776.5
1 0.6 661.0 850.7 668.0 863.9 637.3 880.2 630.3 867.0
1 0.58 590.8 851.8 576.3 853.1 573.6 822.0 588.1 820.7
1 0.58 603.5 959.7 600.7 974.3 568.7 968.1 571.5 953.5
1 0.58 513.5 910.0 507.6 923.8 477.4 911.0 483.2 897.2
1 0.56 714.2 985.0 702.3 987.9 695.1 959.2 707.0 956.2
1 0.55 677.9 866.7 683.8 879.9 653.3 893.4 647.5 880.3
1 0.54 801.6 1052.8 796.4 1067.9 763.9 1056.7 769.1 1041.6
1 0.5 943.8 549.4 952.8 559.5 925.9 583.7 916.9 573.6
1 0.39 521.9 851.0 507.6 853.3 502.8 823.0 517.1 820.7
1 0.32 536.9 849.8 540.1 861.7 514.7 868.5 511.5 856.6
1 0.31 940.0 441.8 954.4 447.9 939.6 482.7 925.2 476.6
1 0.28 499.2 883.0 488.7 892.7 468.3 870.9 478.8 861.1
1 0.5 943.6 549.6 952.6 559.6 925.9 583.6 916.9 573.7
1 0.64 554.4 845.5 542.9 854.5 522.0 827.9 533.6 818.9
1 0.57 590.6 851.7 576.4 852.9 573.7 821.9 587.9 820.7
1 0.54 517.6 877.5 506.0 886.5 486.0 861.0 497.6 851.9
1 0.37 521.3 850.7 508.2 852.8 503.5 823.1 516.6 821.0
1 0.25 536.8 849.9 539.9 861.6 514.8 868.3 511.7 856.7
1 0.64 554.4 845.5 542.9 854.5 522.0 827.9 533.6 818.8
1 0.62 661.1 851.5 667.5 864.1 637.0 879.6 630.6 867.1
1 0.62 650.0 743.7 664.9 746.8 657.9 779.7 643.0 776.5
1 0.56 590.7 851.7 576.4 853.0 573.7 821.9 588.0 820.6
1 0.53 517.6 877.5 506.0 886.6 486.0 861.0 497.6 851.9
1 0.37 521.2 851.1 507.3 852.8 503.6 822.7 517.5 821.0
1 0.49 943.6 549.7 952.5 559.6 925.9 583.6 917.0 573.7
1 0.63 554.4 845.5 542.8 854.6 521.9 828.0 533.6 818.8
1 0.62 516.9 876.8 505.6 885.6 486.3 860.9 497.6 852.0
1 0.61 650.0 743.6 665.0 746.8 657.9 779.7 643.0 776.5
1 0.6 661.1 851.5 667.6 864.2 636.9 879.8 630.5 867.1
1 0.58 603.4 959.7 600.6 974.3 568.7 968.1 571.5 953.5
1 0.57 590.8 851.8 576.3 853.1 573.6 822.0 588.1 820.7
1 0.57 714.2 985.0 702.3 987.9 695.1 959.2 707.0 956.2
1 0.56 513.6 909.5 508.2 923.5 477.5 911.7 482.9 897.7
1 0.54 677.9 866.8 683.7 879.9 653.3 893.4 647.5 880.3
1 0.54 801.6 1052.8 796.4 1067.9 763.9 1056.7 769.2 1041.6
1 0.48 340.8 946.2 350.3 955.6 328.7 977.3 319.2 967.8
1 0.47 499.3 883.3 488.8 893.1 467.7 870.5 478.2 860.7
1 0.41 306.5 973.1 317.2 984.6 285.5 1014.2 274.8 1002.7
1 0.37 521.9 851.0 507.7 853.2 502.9 823.1 517.2 820.8
1 0.29 536.9 849.8 540.1 861.7 514.8 868.4 511.6 856.6
1 0.63 554.4 845.5 542.8 854.6 521.9 828.0 533.6 818.8
1 0.62 517.0 876.8 505.6 885.7 486.3 860.9 497.6 852.0
1 0.57 590.8 851.8 576.3 853.0 573.6 822.0 588.0 820.7
1 0.57 603.5 959.7 600.6 974.3 568.7 968.1 571.6 953.5
1 0.56 513.6 909.5 508.3 923.5 477.5 911.7 482.9 897.7
1 0.48 237.9 1043.4 247.1 1054.0 223.2 1074.8 213.9 1064.2
1 0.47 340.8 946.1 350.4 955.6 328.7 977.4 319.1 967.8
1 0.44 499.4 883.3 488.8 893.1 467.7 870.5 478.2 860.7
1 0.41 306.5 973.1 317.3 984.6 285.5 1014.2 274.8 1002.7
1 0.36 521.9 851.0 507.7 853.2 502.9 823.1 517.2 820.8
1 0.3 536.9 849.9 540.1 861.7 514.8 868.4 511.6 856.6
