1 0.51 411.7 728.6 351.8 732.7 341.4 583.9 401.3 579.7
1 0.5 354.8 392.7 417.5 394.9 411.8 559.0 349.0 556.8
1 0.34 417.0 355.8 357.0 359.0 349.2 209.9 409.2 206.8
1 0.54 412.4 729.3 352.0 733.6 341.5 583.6 401.9 579.4
1 0.3 353.9 401.1 416.4 403.3 410.9 558.9 348.4 556.7
1 0.51 416.7 357.0 356.7 359.1 351.2 203.6 411.3 201.5
1 0.48 354.6 392.5 417.6 394.7 411.9 559.5 348.9 557.3
1 0.51 416.4 356.8 356.9 358.8 351.5 203.7 411.0 201.6
1 0.49 354.8 392.7 417.4 394.9 411.7 559.2 349.1 557.0
1 0.51 411.8 728.7 351.7 732.9 341.2 583.8 401.4 579.6
1 0.49 354.6 392.4 417.7 394.6 412.0 559.4 348.8 557.2
1 0.35 417.2 356.0 356.9 359.2 349.1 210.5 409.4 207.3
1 0.54 412.6 729.4 351.8 733.6 341.3 583.4 402.1 579.2
1 0.53 140.5 981.2 75.1 988.1 57.5 821.0 123.0 814.1
1 0.31 353.7 401.0 416.7 403.2 411.3 559.1 348.3 556.9
