1 0.53 796.4 587.5 739.2 590.5 731.1 434.9 788.3 431.9
1 0.51 795.7 586.8 738.5 589.8 730.4 435.8 787.7 432.8
1 0.46 844.0 175.7 788.3 178.6 780.3 25.8 836.0 22.8
1 0.51 795.9 588.2 738.6 590.2 733.1 433.7 790.4 431.7
1 0.47 844.4 175.9 787.9 178.8 779.9 25.8 836.3 22.8
1 0.51 795.7 588.0 738.6 590.0 733.2 433.8 790.3 431.8
1 0.49 844.3 176.0 787.9 178.9 779.9 25.6 836.2 22.6
1 0.54 796.3 587.3 738.8 590.4 730.7 434.5 788.1 431.5
1 0.51 796.0 588.2 738.5 590.2 733.0 433.8 790.5 431.8
1 0.53 796.2 587.1 739.2 590.1 731.1 434.9 788.0 431.9
1 0.52 795.8 588.1 738.2 590.1 732.7 433.6 790.4 431.6
1 0.51 795.8 587.9 738.6 589.9 733.1 433.9 790.3 431.9
