1 0.47 1581.4 149.6 1608.2 202.0 1465.0 275.0 1438.3 222.5
1 0.52 665.1 534.6 724.8 544.0 699.9 700.9 640.3 691.4
1 0.51 661.9 534.9 721.6 542.3 702.2 700.3 642.5 693.0
1 0.52 665.3 534.8 724.3 544.2 699.6 700.6 640.6 691.3
1 0.54 1701.4 521.2 1638.1 522.3 1635.2 353.9 1698.5 352.8
1 0.54 1701.2 520.7 1638.1 521.8 1635.2 354.4 1698.3 353.3
1 0.49 1582.4 149.2 1609.2 201.8 1464.9 275.3 1438.2 222.8
1 0.55 1701.6 521.3 1638.2 522.4 1635.3 354.0 1698.6 352.9
1 0.55 1701.4 521.1 1638.3 522.2 1635.4 354.4 1698.5 353.3
1 0.49 1582.6 149.2 1609.4 201.8 1465.0 275.3 1438.2 222.8
1 0.51 661.6 534.7 722.0 542.2 702.5 700.6 642.2 693.2
