1 0.43 838.1 240.9 892.5 242.8 887.1 397.4 832.7 395.5
1 0.4 1074.6 611.9 1136.1 614.1 1130.5 774.2 1069.0 772.1
1 0.42 1074.5 609.6 1137.0 611.8 1131.4 772.9 1068.9 770.8
1 0.52 945.5 -0.6 1004.3 4.5 990.7 160.1 931.9 155.0
1 0.4 1134.8 126.1 1074.6 130.4 1062.9 -36.5 1123.1 -40.7
1 0.4 890.4 399.0 834.3 399.0 834.3 244.5 890.4 244.5
1 0.56 1074.0 611.2 1132.9 613.3 1127.3 772.4 1068.5 770.4
1 0.38 1134.9 126.7 1074.3 130.9 1062.5 -37.3 1123.1 -41.6
1 0.57 1073.9 612.9 1132.0 615.0 1126.5 772.2 1068.4 770.2
1 0.41 838.2 241.0 892.2 242.9 886.8 397.4 832.8 395.6
1 0.51 945.6 -0.2 1004.1 4.9 990.5 160.0 932.1 154.9
1 0.41 891.8 401.1 835.3 402.1 832.6 245.6 889.1 244.6
1 0.56 1074.3 613.0 1131.8 615.0 1126.4 772.1 1068.8 770.1
1 0.27 836.2 227.6 897.1 229.7 891.2 400.0 830.2 397.9
1 0.56 1074.4 611.2 1132.7 613.3 1127.2 772.3 1068.9 770.2
