1 0.47 1054.3 354.2 1106.7 367.2 1071.9 506.9 1019.5 493.8
1 0.41 1484.7 556.4 1484.7 617.2 1314.5 617.2 1314.5 556.4
1 0.44 1683.7 713.0 1683.7 774.0 1518.5 774.0 1518.5 713.0
1 0.43 1478.1 556.0 1478.1 615.2 1318.7 615.2 1318.7 556.0
1 0.36 1473.1 713.9 1472.0 774.0 1320.3 771.3 1321.4 711.2
1 0.33 1925.4 715.2 1930.0 779.9 1748.8 792.6 1744.2 727.9
1 0.46 1054.4 354.3 1106.5 367.3 1071.9 506.1 1019.8 493.1
1 0.42 1484.7 556.4 1484.7 616.8 1315.2 616.8 1315.2 556.4
1 0.34 1478.2 715.9 1476.0 776.7 1315.3 771.1 1317.4 710.3
1 0.32 1238.2 750.3 1195.1 801.6 1051.0 680.6 1094.0 629.3
1 0.47 587.6 570.1 584.4 631.5 414.1 622.6 417.3 561.2
1 0.45 618.3 697.3 619.3 754.7 449.6 757.7 448.6 700.3
1 0.4 339.5 460.2 338.4 517.8 181.8 515.1 182.8 457.5
1 0.47 587.6 570.1 584.4 631.5 413.9 622.5 417.1 561.2
1 0.46 618.6 697.3 619.6 754.7 449.6 757.7 448.6 700.3
1 0.39 618.6 697.1 619.6 754.5 451.0 757.4 450.0 700.0
1 0.47 881.4 389.7 942.7 391.9 936.9 558.5 875.6 556.3
1 0.46 1054.5 354.3 1106.7 367.4 1071.9 506.8 1019.8 493.7
1 0.25 583.8 569.4 581.7 630.5 420.2 624.9 422.3 563.8
1 0.48 884.0 388.6 945.7 392.9 934.0 559.7 872.4 555.4
1 0.46 1054.3 354.3 1106.7 367.4 1072.1 506.1 1019.7 493.0
1 0.38 1246.4 755.9 1200.5 808.7 1050.3 678.2 1096.3 625.4
1 0.52 619.2 697.2 620.3 755.3 448.6 758.3 447.6 700.2
1 0.49 588.7 570.6 585.5 632.1 412.7 623.1 416.0 561.5
1 0.42 1484.8 556.4 1484.8 617.2 1314.6 617.2 1314.6 556.4
1 0.42 1679.5 712.1 1679.5 773.6 1523.8 773.6 1523.8 712.1
1 0.42 1480.3 556.6 1480.3 616.4 1321.1 616.4 1321.1 556.6
1 0.35 1475.8 713.8 1474.7 774.7 1321.4 772.0 1322.4 711.1
1 0.48 589.0 570.7 585.7 632.8 412.3 623.7 415.6 561.6
1 0.43 341.9 461.3 340.9 515.8 175.3 513.0 176.3 458.4
1 0.42 1484.6 556.4 1484.6 617.3 1314.3 617.3 1314.3 556.4
1 0.43 1680.9 713.5 1679.8 775.1 1523.8 772.3 1524.8 710.7
1 0.42 1479.6 556.0 1479.6 616.8 1319.2 616.8 1319.2 556.0
1 0.36 1473.8 713.6 1472.7 774.5 1320.4 771.9 1321.4 710.9
1 0.34 1923.2 714.4 1927.8 778.8 1748.5 791.3 1744.0 726.9
1 0.41 1479.8 556.2 1479.8 616.5 1319.6 616.5 1319.6 556.2
1 0.34 1240.5 752.0 1197.0 803.8 1052.2 682.3 1095.7 630.5
1 0.34 1473.8 713.8 1472.8 774.4 1320.7 771.8 1321.8 711.2
1 0.49 589.1 570.7 585.8 632.8 412.4 623.7 415.6 561.6
1 0.43 1683.7 713.0 1683.7 774.0 1518.6 774.0 1518.6 713.0
1 0.43 1479.3 556.3 1479.3 614.8 1320.7 614.8 1320.7 556.3
1 0.35 1475.1 713.8 1474.1 774.0 1322.1 771.3 1323.1 711.1
1 0.35 1243.9 753.3 1199.8 805.9 1053.2 682.9 1097.3 630.3
1 0.48 881.4 389.6 942.8 391.8 937.0 558.6 875.5 556.4
1 0.46 1054.5 354.4 1106.6 367.4 1072.0 506.2 1019.9 493.2
1 0.44 619.1 697.3 620.1 755.1 450.3 758.1 449.3 700.3
1 0.47 884.1 388.8 945.6 393.1 933.9 559.6 872.4 555.3
1 0.46 1054.3 354.2 1106.8 367.3 1072.1 506.5 1019.6 493.4
1 0.52 618.9 697.2 619.9 755.3 448.6 758.3 447.6 700.2
1 0.49 588.8 570.5 585.6 632.2 412.9 623.1 416.1 561.5
1 0.43 341.7 461.3 340.8 515.8 175.4 512.9 176.4 458.4
