1 0.44 615.0 703.5 616.0 760.6 445.8 763.6 444.8 706.5
1 0.44 583.2 574.7 581.1 635.0 412.5 629.1 414.6 568.8
1 0.37 335.7 465.2 334.7 521.5 179.4 518.8 180.4 462.5
1 0.45 1050.4 360.5 1102.2 371.5 1072.3 512.4 1020.5 501.4
1 0.42 880.9 306.8 941.1 318.5 909.9 478.8 849.8 467.1
1 0.41 1476.0 560.5 1477.1 621.3 1316.4 624.1 1315.3 563.3
1 0.37 1679.9 720.3 1678.8 782.1 1515.0 779.2 1516.1 717.4
1 0.36 1469.5 719.7 1468.5 780.6 1317.7 778.0 1318.7 717.1
1 0.34 1916.4 727.0 1919.6 789.0 1745.2 798.1 1742.0 736.2
1 0.45 1050.4 360.3 1102.2 371.3 1072.2 512.4 1020.5 501.4
1 0.42 1478.1 563.3 1478.1 624.3 1316.5 624.3 1316.5 563.3
1 0.46 616.0 703.9 617.0 761.3 445.1 764.4 444.1 706.9
1 0.37 584.6 574.1 583.5 634.6 412.3 631.6 413.4 571.1
1 0.46 1050.5 360.3 1102.3 371.3 1072.3 512.2 1020.6 501.2
1 0.41 881.0 306.7 941.1 318.3 909.8 478.9 849.8 467.2
1 0.39 615.2 703.4 616.2 760.2 449.0 763.2 448.0 706.3
1 0.45 615.7 703.5 616.7 760.7 445.6 763.7 444.6 706.5
1 0.44 583.2 574.7 581.1 635.0 412.4 629.1 414.5 568.9
1 0.41 1676.3 719.7 1675.3 780.8 1521.2 778.1 1522.3 717.0
1 0.38 1478.9 562.1 1478.9 622.6 1317.7 622.6 1317.7 562.1
1 0.33 1471.8 719.2 1470.8 780.3 1319.2 777.6 1320.3 716.6
1 0.44 1476.7 562.7 1476.7 622.1 1316.1 622.1 1316.1 562.7
1 0.41 1680.0 720.2 1680.0 780.8 1517.0 780.8 1517.0 720.2
1 0.35 1468.8 721.7 1467.8 780.8 1318.1 778.2 1319.1 719.1
1 0.31 1919.6 724.1 1924.0 787.3 1746.2 799.7 1741.8 736.6
1 0.4 615.4 704.3 616.4 761.1 449.0 764.0 448.0 707.2
1 0.44 1478.3 562.9 1478.3 621.8 1317.5 621.8 1317.5 562.9
1 0.41 1680.0 720.1 1680.0 780.8 1517.3 780.8 1517.3 720.1
1 0.36 1470.7 721.5 1469.7 781.0 1319.4 778.4 1320.5 718.9
1 0.45 1050.5 360.3 1102.2 371.3 1072.3 512.0 1020.6 501.0
1 0.41 1248.9 766.1 1207.7 817.0 1048.9 688.4 1090.1 637.5
1 0.4 1476.2 560.6 1477.2 621.0 1316.6 623.9 1315.6 563.4
1 0.35 1469.5 719.8 1468.5 780.5 1317.9 777.9 1319.0 717.2
1 0.43 583.7 574.8 581.6 635.5 412.3 629.6 414.5 568.9
1 0.39 336.5 465.8 335.5 523.5 178.3 520.8 179.4 463.0
1 0.38 1245.1 763.4 1199.5 815.9 1048.5 684.7 1094.2 632.2
1 0.42 1479.3 563.6 1479.3 624.3 1317.4 624.3 1317.4 563.6
1 0.43 584.0 574.8 581.9 635.5 412.3 629.6 414.4 568.9
1 0.44 1050.5 360.5 1102.2 371.5 1072.3 512.1 1020.6 501.1
1 0.42 1248.5 765.7 1207.3 816.5 1049.0 688.3 1090.1 637.5
1 0.41 881.0 307.0 940.9 318.7 909.8 478.6 849.9 467.0
1 0.43 1476.8 562.9 1476.8 621.8 1316.6 621.8 1316.6 562.9
1 0.35 1237.6 758.3 1194.8 809.2 1049.2 687.0 1092.0 636.1
1 0.34 1468.9 721.9 1467.8 780.6 1318.6 778.0 1319.6 719.3
1 0.47 615.5 704.1 616.5 761.4 445.3 764.4 444.3 707.0
1 0.41 336.5 466.6 335.5 522.6 180.3 519.9 181.2 463.8
1 0.39 578.2 573.1 576.1 633.4 416.7 627.9 418.9 567.5
1 0.45 1050.5 360.3 1102.2 371.3 1072.2 512.4 1020.5 501.4
1 0.42 881.0 306.6 941.1 318.3 909.9 478.7 849.8 467.0
1 0.43 1478.1 563.2 1478.1 624.4 1316.4 624.4 1316.4 563.2
