1 0.39 1503.2 861.2 1503.2 922.9 1331.2 922.9 1331.2 861.2
1 0.36 1703.8 1022.7 1702.7 1084.5 1535.0 1081.5 1536.1 1019.7
1 0.46 1070.1 657.5 1123.3 670.7 1088.4 810.8 1035.2 797.6
1 0.45 1070.3 657.7 1123.2 670.9 1088.3 810.8 1035.5 797.6
1 0.47 1068.2 657.0 1121.3 668.2 1091.3 809.4 1038.2 798.1
1 0.39 1503.3 861.2 1503.3 922.8 1331.4 922.8 1331.4 861.2
1 0.45 603.2 875.1 600.0 936.1 430.0 927.1 433.1 866.2
1 0.4 636.1 1002.7 637.1 1060.9 464.1 1063.9 463.1 1005.8
1 0.38 353.7 765.0 352.7 822.6 196.5 819.9 197.5 762.3
1 0.46 1070.2 657.6 1122.9 670.8 1088.0 810.6 1035.3 797.5
1 0.42 357.9 767.3 356.9 821.8 191.6 819.0 192.6 764.4
1 0.45 603.0 875.0 599.8 936.0 430.0 927.1 433.2 866.1
1 0.41 634.6 1002.8 635.6 1060.8 464.0 1063.8 463.0 1005.8
1 0.28 359.8 768.0 359.8 821.8 207.8 821.8 207.8 768.0
1 0.31 354.1 770.2 353.3 818.6 222.1 816.3 222.9 767.9
1 0.39 1503.3 861.2 1503.3 922.9 1331.1 922.9 1331.1 861.2
1 0.38 1704.3 1022.5 1703.2 1084.6 1534.8 1081.6 1535.9 1019.6
1 0.25 1485.7 1019.9 1485.7 1081.7 1336.7 1081.7 1336.7 1019.9
1 0.47 1068.2 656.9 1120.8 668.1 1090.8 809.5 1038.1 798.4
1 0.3 635.3 1002.8 636.3 1060.9 460.1 1064.0 459.0 1005.9
1 0.29 600.4 875.0 597.3 935.3 439.1 927.0 442.2 866.8
1 0.46 1068.4 657.1 1121.2 668.3 1091.2 809.3 1038.4 798.1
