1 0.44 1475.7 561.3 1475.7 619.8 1316.2 619.8 1316.2 561.3
1 0.37 1248.3 764.7 1205.2 816.1 1048.3 684.4 1091.3 633.0
1 0.34 1467.8 720.2 1466.8 778.8 1316.8 776.2 1317.8 717.6
1 0.41 1678.7 718.5 1677.6 780.3 1514.9 777.4 1516.0 715.7
1 0.4 1477.2 560.2 1477.2 619.6 1316.9 619.6 1316.9 560.2
1 0.34 1469.9 718.2 1468.8 778.4 1317.4 775.7 1318.4 715.5
1 0.44 616.2 702.0 617.2 759.2 444.8 762.2 443.8 705.0
1 0.37 583.2 571.4 582.2 629.6 413.2 626.6 414.2 568.5
1 0.45 1476.9 561.5 1476.9 619.8 1317.3 619.8 1317.3 561.5
1 0.41 1679.1 718.3 1679.1 779.2 1516.2 779.2 1516.2 718.3
1 0.36 1469.5 719.8 1468.5 779.4 1317.2 776.8 1318.2 717.2
1 0.43 1475.4 560.0 1475.4 620.0 1315.4 620.0 1315.4 560.0
1 0.42 1678.3 718.5 1677.2 780.3 1514.7 777.5 1515.8 715.7
1 0.36 1468.4 718.6 1467.4 778.7 1316.3 776.1 1317.3 715.9
1 0.31 1914.4 724.4 1918.7 785.9 1743.9 798.1 1739.6 736.7
1 0.44 615.7 702.0 616.7 759.0 445.1 762.0 444.1 705.0
1 0.42 578.6 571.1 576.5 630.9 416.5 625.3 418.6 565.6
1 0.4 335.8 463.6 334.9 520.6 179.4 517.9 180.4 460.9
1 0.43 1049.5 358.9 1101.1 369.9 1071.4 509.8 1019.7 498.8
1 0.4 1247.0 765.3 1205.1 815.3 1048.6 684.0 1090.5 634.1
1 0.44 583.3 573.1 581.2 632.7 411.0 626.8 413.1 567.2
1 0.38 335.3 463.5 334.3 520.4 177.7 517.6 178.7 460.8
1 0.48 915.8 -16.0 977.8 -8.4 957.4 158.1 895.4 150.5
1 0.43 1049.4 359.0 1101.1 370.0 1071.3 510.4 1019.5 499.4
1 0.39 1247.7 764.3 1204.7 815.6 1048.1 684.1 1091.1 632.9
1 0.49 615.7 701.2 616.7 758.5 444.9 761.5 443.9 704.2
1 0.45 582.7 571.5 581.7 630.4 411.8 627.4 412.8 568.6
1 0.46 915.9 -16.0 977.7 -8.5 957.2 157.9 895.5 150.3
1 0.44 1049.4 358.8 1101.1 369.8 1071.3 510.4 1019.6 499.4
1 0.49 615.1 701.2 616.1 758.4 445.1 761.4 444.1 704.2
1 0.45 582.7 571.5 581.6 630.4 411.9 627.5 413.0 568.5
1 0.39 334.4 463.3 333.4 518.7 178.9 516.0 179.8 460.6
1 0.42 1476.3 561.1 1476.3 622.0 1315.8 622.0 1315.8 561.1
1 0.4 615.5 702.3 616.5 758.9 449.7 761.8 448.8 705.2
1 0.44 1049.6 358.9 1101.1 369.9 1071.3 509.8 1019.8 498.9
1 0.42 1475.4 560.2 1475.4 619.8 1315.6 619.8 1315.6 560.2
1 0.38 1247.4 765.9 1205.6 815.8 1048.7 684.2 1090.6 634.2
1 0.35 1468.3 718.8 1467.3 778.6 1316.6 775.9 1317.7 716.1
1 0.44 1049.5 358.9 1101.1 369.9 1071.3 510.3 1019.6 499.4
1 0.42 1476.4 561.1 1476.4 622.0 1315.7 622.0 1315.7 561.1
1 0.42 1478.1 561.2 1478.1 621.9 1316.4 621.9 1316.4 561.2
1 0.44 1049.5 358.8 1101.2 369.8 1071.4 510.0 1019.7 499.0
1 0.43 615.4 701.0 616.4 758.1 448.4 761.0 447.4 703.9
1 0.45 1475.6 561.0 1475.6 620.2 1315.7 620.2 1315.7 561.0
1 0.41 1679.0 718.3 1679.0 779.2 1516.0 779.2 1516.0 718.3
1 0.35 1467.9 720.0 1466.8 779.0 1316.3 776.4 1317.3 717.3
1 0.27 1916.2 723.6 1920.5 785.9 1744.9 798.2 1740.5 735.9
1 0.45 583.6 573.1 581.6 632.7 410.8 626.7 412.9 567.1
