1 0.49 877.4 386.1 939.2 391.5 924.6 558.2 862.8 552.8
1 0.48 1070.9 672.2 1123.8 685.4 1089.3 823.8 1036.4 810.6
1 0.48 877.5 386.0 939.3 391.4 924.7 558.3 862.9 552.9
1 0.44 359.9 780.0 358.9 835.7 192.3 832.8 193.3 777.1
1 0.49 877.5 386.1 939.4 391.5 924.8 558.1 863.0 552.7
1 0.46 1071.2 672.3 1124.0 685.5 1089.5 823.9 1036.7 810.8
1 0.49 603.9 888.4 600.7 950.6 429.6 941.6 432.8 879.4
1 0.43 634.9 1013.7 635.9 1074.3 462.8 1077.4 461.7 1016.7
1 0.42 1069.2 671.5 1121.9 682.7 1092.0 823.7 1039.3 812.5
1 0.29 873.1 378.5 940.5 383.2 928.4 556.7 861.0 551.9
1 0.26 1220.1 1041.2 1180.8 1089.8 1071.7 1001.4 1111.0 952.8
1 0.42 1498.8 876.4 1498.8 936.8 1338.1 936.8 1338.1 876.4
1 0.49 604.0 888.5 600.8 950.6 429.6 941.6 432.8 879.5
1 0.42 636.2 1014.0 637.2 1074.3 462.9 1077.3 461.8 1017.0
1 0.4 355.7 780.3 353.7 838.3 198.0 832.9 200.1 774.9
1 0.43 1069.1 671.6 1121.6 682.8 1091.7 823.8 1039.1 812.6
1 0.31 601.3 888.7 598.1 949.7 439.2 941.4 442.4 880.3
1 0.28 636.5 1012.8 637.6 1073.8 455.2 1077.0 454.1 1016.0
1 0.26 874.4 371.8 942.8 376.6 929.9 561.3 861.5 556.5
1 0.48 877.5 385.9 939.2 391.3 924.6 558.3 862.9 552.9
1 0.42 1498.9 875.8 1498.9 937.1 1336.5 937.1 1336.5 875.8
1 0.43 1069.1 671.3 1122.0 682.6 1092.1 823.7 1039.1 812.4
1 0.41 1498.6 876.5 1498.6 936.6 1338.7 936.6 1338.7 876.5
1 0.27 1219.1 1040.7 1179.9 1089.0 1071.7 1001.4 1110.9 953.0
1 0.38 356.4 783.1 355.5 832.3 222.6 829.9 223.4 780.8
1 0.48 1071.0 672.0 1124.2 685.3 1089.6 823.9 1036.4 810.7
