1 0.44 890.8 8.6 953.1 10.7 947.1 180.4 884.8 178.2
1 0.42 1071.0 669.8 1124.4 681.2 1094.5 822.0 1041.1 810.7
1 0.41 1500.4 875.2 1500.4 935.7 1340.5 935.7 1340.5 875.2
1 0.47 1070.3 671.2 1123.7 682.5 1094.2 821.4 1040.8 810.0
1 0.51 606.9 887.2 603.7 949.3 433.1 940.4 436.3 878.3
1 0.46 637.2 1014.1 638.3 1073.4 466.4 1076.4 465.4 1017.1
1 0.34 361.8 779.2 361.8 830.3 222.9 830.3 222.9 779.2
1 0.45 363.0 780.5 363.0 831.4 224.2 831.4 224.2 780.5
1 0.42 1500.7 875.0 1500.7 935.9 1340.0 935.9 1340.0 875.0
1 0.45 890.7 8.7 953.4 10.9 947.5 180.3 884.8 178.1
1 0.41 1501.5 874.5 1501.5 936.2 1338.6 936.2 1338.6 874.5
1 0.44 364.0 778.8 363.0 834.8 196.7 831.9 197.6 775.9
1 0.41 1071.2 670.0 1124.3 681.3 1094.3 822.1 1041.2 810.8
1 0.25 1223.3 1040.6 1183.7 1089.5 1072.2 999.2 1111.8 950.3
1 0.4 1070.8 670.8 1123.8 682.1 1094.1 822.1 1041.0 810.8
1 0.35 639.1 1014.5 639.1 1074.5 456.3 1074.5 456.3 1014.5
1 0.31 604.3 887.6 601.1 948.4 441.1 940.0 444.3 879.2
1 0.49 1073.2 669.9 1126.6 683.3 1092.1 821.9 1038.6 808.6
1 0.48 1070.8 670.5 1124.3 681.9 1094.6 821.6 1041.1 810.2
1 0.51 607.1 887.3 603.8 949.3 433.1 940.3 436.4 878.3
1 0.43 639.6 1014.1 640.6 1073.5 466.5 1076.5 465.4 1017.1
1 0.4 363.0 778.8 362.0 834.1 196.4 831.2 197.4 775.9
