1 0.42 1068.2 781.4 1121.0 792.7 1090.9 934.3 1038.1 923.1
1 0.4 1497.4 986.7 1497.4 1047.5 1337.5 1047.5 1337.5 986.7
1 0.48 602.1 1001.3 597.8 1063.4 426.6 1051.4 431.0 989.3
1 0.4 352.8 888.7 351.8 946.5 195.5 943.8 196.6 886.0
1 0.4 1497.3 986.7 1497.3 1047.5 1337.4 1047.5 1337.4 986.7
1 0.48 601.9 1001.3 597.6 1063.3 426.8 1051.4 431.1 989.4
1 0.41 1068.4 781.5 1121.0 792.7 1090.9 934.2 1038.3 923.1
1 0.33 919.2 1076.2 862.0 1080.2 852.3 941.1 909.5 937.1
1 0.43 1068.2 781.4 1120.9 792.5 1090.7 934.5 1038.0 923.3
1 0.33 919.5 1077.1 862.0 1081.1 852.2 941.1 909.7 937.1
1 0.29 598.7 1000.4 595.5 1061.4 438.0 1053.2 441.2 992.1
1 0.39 1504.0 987.8 1504.0 1050.3 1331.2 1050.3 1331.2 987.8
