1 0.57 292.3 687.3 283.5 700.4 254.1 680.6 262.9 667.5
1 0.49 353.6 730.8 346.4 744.2 315.8 727.9 322.9 714.5
1 0.48 395.7 757.6 388.6 770.8 354.9 752.9 361.9 739.7
1 0.43 479.5 812.4 471.6 825.1 444.1 807.9 452.1 795.2
1 0.62 1010.1 445.6 1023.2 450.6 1011.7 480.7 998.6 475.6
1 0.58 976.2 526.4 987.7 531.6 976.4 557.1 964.8 551.9
1 0.37 1038.8 388.5 1050.5 394.5 1037.5 420.1 1025.8 414.1
1 0.64 177.7 601.5 167.5 612.4 143.1 589.6 153.2 578.7
1 0.6 150.1 575.8 140.6 586.0 116.4 563.5 125.9 553.3
1 0.46 106.7 529.1 97.9 542.2 67.6 521.8 76.4 508.6
1 0.61 1010.1 445.6 1023.2 450.7 1011.7 480.7 998.6 475.6
1 0.58 912.4 668.9 926.6 673.6 915.4 708.1 901.2 703.5
1 0.55 937.4 611.1 950.1 615.3 940.7 644.2 928.0 640.0
1 0.5 976.2 526.7 987.6 531.7 976.4 556.9 965.0 551.9
1 0.33 1038.8 388.6 1050.5 394.5 1037.5 420.1 1025.8 414.1
1 0.59 657.1 907.2 651.2 921.9 618.9 908.8 624.8 894.1
1 0.58 291.6 687.5 282.5 700.6 253.8 680.5 262.9 667.4
1 0.48 710.6 932.2 707.0 944.9 676.4 936.1 680.1 923.5
1 0.48 353.7 730.8 346.5 744.3 315.8 727.9 323.0 714.4
1 0.47 395.5 757.6 388.5 770.8 354.9 752.9 361.8 739.7
1 0.43 479.2 813.3 470.9 825.5 443.8 807.3 452.1 795.0
1 0.4 587.8 878.7 579.7 890.7 547.3 868.9 555.4 856.9
1 0.6 1010.1 445.6 1023.2 450.7 1011.7 480.7 998.6 475.6
1 0.58 912.4 668.9 926.7 673.5 915.4 708.1 901.2 703.5
1 0.55 937.4 611.1 950.2 615.2 940.8 644.2 927.9 640.0
1 0.5 976.2 526.6 987.6 531.7 976.4 556.9 965.0 551.9
1 0.34 1038.8 388.6 1050.5 394.5 1037.5 420.0 1025.8 414.1
1 0.61 1010.1 445.6 1023.2 450.7 1011.7 480.7 998.6 475.7
1 0.53 976.2 526.6 987.6 531.7 976.4 556.9 965.0 551.9
1 0.38 936.9 610.3 950.7 614.8 940.1 647.5 926.3 643.0
1 0.33 1038.8 388.6 1050.5 394.5 1037.5 420.0 1025.8 414.1
1 0.65 253.5 659.4 244.3 671.6 215.7 650.0 224.9 637.9
1 0.63 177.8 601.5 167.5 612.5 143.0 589.6 153.3 578.7
1 0.59 150.2 575.8 140.6 586.1 116.4 563.5 126.0 553.2
1 0.56 292.3 687.3 283.5 700.4 254.2 680.6 263.0 667.5
1 0.48 353.6 730.8 346.4 744.2 315.8 727.9 322.9 714.5
1 0.48 395.7 757.6 388.7 770.9 354.9 752.9 361.9 739.7
1 0.47 106.8 529.0 97.9 542.3 67.5 521.8 76.4 508.6
1 0.44 479.4 812.7 471.5 825.3 443.7 807.9 451.6 795.3
1 0.62 1010.1 445.6 1023.2 450.7 1011.7 480.6 998.6 475.6
1 0.57 976.2 526.5 987.7 531.6 976.4 557.1 964.8 551.9
1 0.39 1038.8 388.6 1050.5 394.5 1037.5 420.0 1025.8 414.1
1 0.65 1028.3 1035.2 1024.6 1050.0 991.4 1041.8 995.1 1026.9
1 0.62 1010.1 445.3 1023.4 450.4 1011.8 480.6 998.5 475.6
1 0.61 952.0 1015.1 947.7 1029.8 914.3 1020.2 918.5 1005.5
1 0.58 912.4 669.1 926.6 673.7 915.4 708.3 901.1 703.7
1 0.55 1071.0 1047.8 1068.2 1062.5 1033.9 1055.9 1036.7 1041.1
1 0.55 1145.1 1062.5 1142.8 1076.6 1109.7 1071.3 1111.9 1057.3
1 0.55 986.8 1025.1 983.6 1038.1 953.4 1030.6 956.7 1017.5
1 0.54 937.3 611.2 950.1 615.3 940.7 644.1 928.0 640.0
1 0.54 925.5 1032.5 920.8 1046.1 886.4 1034.3 891.1 1020.6
1 0.51 976.2 526.8 987.6 531.8 976.4 556.9 965.1 551.8
1 0.65 1028.3 1035.2 1024.6 1050.0 991.3 1041.8 995.0 1026.9
1 0.62 1010.2 445.3 1023.4 450.4 1011.8 480.6 998.6 475.5
1 0.61 952.0 1015.1 947.7 1029.8 914.3 1020.2 918.5 1005.5
1 0.6 657.1 907.2 651.2 921.9 618.9 908.8 624.8 894.1
1 0.58 912.4 669.1 926.6 673.7 915.4 708.3 901.2 703.6
1 0.55 986.8 1025.1 983.5 1038.1 953.5 1030.6 956.7 1017.6
1 0.55 1071.0 1047.8 1068.1 1062.5 1033.9 1055.9 1036.8 1041.1
1 0.54 925.5 1032.5 920.8 1046.1 886.4 1034.3 891.1 1020.6
1 0.54 937.3 611.2 950.1 615.3 940.7 644.1 928.0 640.0
1 0.52 976.2 526.8 987.6 531.8 976.5 556.9 965.1 551.8
1 0.48 710.6 932.2 707.0 944.9 676.4 936.1 680.1 923.5
1 0.4 587.8 878.7 579.7 890.8 547.3 868.9 555.4 856.9
1 0.6 1010.1 445.6 1023.3 450.7 1011.7 480.7 998.6 475.7
1 0.52 976.2 526.6 987.6 531.7 976.4 556.9 965.0 551.8
1 0.39 936.9 610.3 950.7 614.8 940.1 647.5 926.3 643.0
1 0.32 1038.8 388.6 1050.5 394.5 1037.5 420.1 1025.8 414.1
1 0.65 253.4 659.4 244.2 671.5 215.7 650.0 224.8 637.9
1 0.63 178.2 601.6 168.0 612.5 143.5 589.6 153.6 578.7
1 0.6 150.3 575.8 140.7 586.1 116.4 563.4 126.0 553.1
1 0.57 291.2 687.3 282.7 699.9 254.2 680.7 262.7 668.0
1 0.49 106.7 529.0 97.9 542.1 67.6 521.7 76.4 508.6
1 0.48 353.7 730.8 346.5 744.2 315.8 727.9 323.0 714.5
1 0.46 395.6 757.7 388.6 770.8 354.8 752.9 361.8 739.7
1 0.44 479.1 813.3 470.9 825.5 443.9 807.3 452.1 795.0
1 0.42 587.8 878.8 579.7 890.7 547.3 868.9 555.4 856.9
1 0.34 653.8 908.4 647.5 921.3 619.0 907.4 625.3 894.5
1 0.65 1028.3 1035.2 1024.6 1050.0 991.3 1041.8 995.0 1026.9
1 0.62 1010.1 445.3 1023.4 450.4 1011.7 480.6 998.5 475.6
1 0.57 976.1 526.6 987.7 531.7 976.4 557.0 964.9 551.8
1 0.55 1145.0 1062.5 1142.8 1076.5 1109.7 1071.3 1111.9 1057.3
1 0.55 1071.0 1047.8 1068.1 1062.5 1033.9 1055.9 1036.7 1041.1
1 0.45 986.6 1024.4 983.1 1038.6 949.2 1030.2 952.8 1016.0
