1 0.62 1010.9 395.9 1023.8 401.7 1010.9 430.6 998.0 424.9
1 0.55 976.1 475.6 987.5 480.9 975.5 506.5 964.2 501.2
1 0.43 1038.8 339.5 1050.4 345.4 1037.7 370.2 1026.2 364.3
1 0.68 1024.0 982.5 1020.3 997.3 986.8 988.9 990.5 974.1
1 0.62 910.8 616.8 924.9 621.4 913.8 655.4 899.8 650.8
1 0.61 947.5 961.1 943.4 975.5 910.5 966.0 914.6 951.7
1 0.58 982.6 971.2 979.3 984.5 949.6 977.1 952.9 963.8
1 0.57 1211.0 1026.8 1211.0 1040.0 1177.8 1040.0 1177.8 1026.8
1 0.56 974.8 994.8 970.8 1008.8 935.7 998.7 939.7 984.8
1 0.56 936.3 559.2 948.9 562.8 940.5 592.3 927.8 588.6
1 0.54 1139.6 1010.4 1136.8 1024.8 1103.9 1018.4 1106.7 1004.0
1 0.5 976.2 475.8 987.4 481.0 975.7 506.3 964.4 501.0
1 0.5 1065.5 994.5 1062.6 1009.0 1029.2 1002.5 1032.0 988.0
1 0.59 654.8 851.0 648.9 865.8 616.2 852.6 622.2 837.9
1 0.54 293.3 630.0 284.5 643.1 254.7 623.0 263.5 609.9
1 0.51 708.1 876.4 704.4 889.2 674.7 880.7 678.4 867.8
1 0.47 395.7 700.4 388.9 713.7 354.3 696.0 361.1 682.7
1 0.47 353.1 672.5 346.1 685.7 315.1 669.3 322.2 656.0
1 0.43 585.8 822.0 577.7 834.1 546.1 812.8 554.2 800.7
1 0.41 479.3 755.9 471.3 768.6 443.9 751.4 451.8 738.7
1 0.68 1024.0 982.5 1020.3 997.3 986.8 988.9 990.5 974.1
1 0.62 910.8 616.8 924.9 621.4 913.9 655.3 899.8 650.8
1 0.61 947.5 961.1 943.4 975.5 910.5 966.0 914.6 951.7
1 0.59 654.8 851.0 648.9 865.8 616.3 852.6 622.2 837.9
1 0.59 982.6 971.2 979.3 984.5 949.6 977.1 952.9 963.8
1 0.56 974.9 994.8 970.9 1008.8 935.7 998.7 939.7 984.7
1 0.56 936.2 559.2 948.9 562.8 940.5 592.3 927.8 588.6
1 0.51 976.2 475.8 987.5 481.0 975.7 506.3 964.4 501.0
1 0.51 708.1 876.4 704.4 889.2 674.7 880.6 678.3 867.9
1 0.51 1065.5 994.5 1062.7 1009.0 1029.2 1002.5 1032.0 987.9
1 0.42 585.8 822.0 577.7 834.1 546.1 812.8 554.2 800.8
1 0.62 910.8 616.8 924.9 621.3 913.9 655.3 899.8 650.7
1 0.6 1010.3 395.9 1023.4 401.2 1011.5 430.6 998.4 425.3
1 0.59 655.0 850.9 648.9 865.9 616.0 852.6 622.1 837.7
1 0.56 936.3 559.1 949.0 562.7 940.5 592.3 927.8 588.6
1 0.48 976.2 475.7 987.5 480.9 975.7 506.3 964.4 501.0
1 0.42 586.1 822.1 577.9 834.3 546.1 812.8 554.2 800.6
1 0.38 1038.8 339.5 1050.4 345.4 1037.7 370.2 1026.1 364.3
1 0.58 655.0 851.0 648.9 865.9 616.1 852.6 622.1 837.7
1 0.55 292.9 629.9 284.4 642.4 255.5 622.9 263.9 610.4
1 0.47 395.5 700.3 388.7 713.6 354.4 696.1 361.1 682.8
1 0.46 353.3 672.6 346.2 685.8 315.2 669.3 322.2 656.1
1 0.43 586.1 822.1 577.9 834.3 546.0 812.8 554.2 800.6
1 0.41 479.1 756.1 471.2 768.7 443.5 751.4 451.4 738.8
1 0.62 910.8 616.8 924.9 621.4 913.9 655.4 899.8 650.8
1 0.61 1010.9 395.9 1023.8 401.7 1010.9 430.6 998.0 424.9
1 0.56 936.3 559.2 948.9 562.8 940.5 592.3 927.8 588.6
1 0.49 976.2 475.7 987.4 480.9 975.6 506.3 964.4 501.0
1 0.39 1038.8 339.5 1050.3 345.4 1037.7 370.1 1026.2 364.3
1 0.64 254.1 601.7 244.9 613.9 216.8 592.7 226.0 580.5
1 0.6 180.3 543.3 170.4 554.7 145.2 532.8 155.0 521.4
1 0.54 151.2 517.3 141.7 527.4 118.2 505.5 127.7 495.3
1 0.54 293.3 630.0 284.5 643.1 254.8 623.0 263.6 610.0
1 0.46 353.1 672.5 346.1 685.7 315.1 669.2 322.1 656.0
1 0.46 395.9 700.4 389.0 713.8 354.2 696.0 361.0 682.6
1 0.46 110.7 471.2 101.4 484.9 71.7 464.9 80.9 451.2
1 0.43 585.9 822.1 577.7 834.1 546.1 812.8 554.2 800.7
1 0.42 479.2 755.8 471.3 768.5 443.9 751.4 451.8 738.7
1 0.35 653.9 851.8 647.8 865.6 616.8 851.7 622.9 838.0
1 0.6 1010.3 395.9 1023.4 401.2 1011.5 430.6 998.5 425.3
1 0.58 936.3 559.2 948.9 562.8 940.5 592.2 927.9 588.6
1 0.5 976.2 475.7 987.5 480.9 975.6 506.3 964.4 501.1
1 0.46 911.1 616.4 925.3 621.0 914.9 653.0 900.7 648.4
1 0.31 1038.7 339.4 1050.4 345.4 1037.7 370.3 1026.0 364.3
1 0.61 1010.9 395.9 1023.8 401.7 1010.9 430.6 998.0 424.9
1 0.59 936.3 559.2 948.9 562.8 940.5 592.2 927.9 588.6
1 0.5 976.2 475.7 987.4 480.9 975.6 506.3 964.4 501.1
1 0.46 911.1 616.4 925.3 621.0 914.9 653.0 900.7 648.4
1 0.32 1038.7 339.4 1050.4 345.4 1037.7 370.3 1026.0 364.3
1 0.64 254.0 601.6 244.8 613.8 216.8 592.7 226.0 580.5
1 0.6 180.2 544.0 169.9 554.9 145.4 532.1 155.7 521.1
1 0.57 292.9 629.9 284.4 642.6 255.5 623.1 264.0 610.5
1 0.56 40.1 419.8 28.6 429.5 6.4 403.1 18.0 393.4
1 0.54 151.3 517.2 141.7 527.5 118.1 505.5 127.7 495.2
1 0.46 110.6 471.2 101.4 484.9 71.7 464.9 81.0 451.2
1 0.57 292.9 629.9 284.3 642.6 255.5 623.1 264.0 610.5
1 0.68 1023.9 982.5 1020.2 997.3 986.7 988.9 990.4 974.1
1 0.57 1211.0 1026.8 1211.0 1039.9 1177.8 1039.9 1177.8 1026.8
1 0.54 1139.6 1010.4 1136.8 1024.7 1103.9 1018.3 1106.7 1004.0
1 0.54 976.1 475.6 987.6 480.9 975.6 506.5 964.2 501.2
1 0.51 1065.4 994.5 1062.6 1009.0 1029.2 1002.5 1032.0 988.0
1 0.39 983.1 970.8 979.5 985.3 946.1 977.0 949.8 962.5
1 0.63 1010.9 395.9 1023.8 401.7 1010.9 430.6 998.0 424.8
1 0.55 976.1 475.6 987.5 480.9 975.5 506.6 964.2 501.3
1 0.39 1038.8 339.4 1050.4 345.4 1037.7 370.2 1026.1 364.3
1 0.64 254.0 601.6 244.8 613.8 216.8 592.7 226.0 580.5
1 0.6 180.2 544.0 169.9 555.0 145.4 532.1 155.7 521.1
1 0.56 40.2 419.8 28.6 429.5 6.4 403.1 18.0 393.4
1 0.54 292.9 629.9 284.4 642.4 255.5 622.9 264.0 610.4
1 0.53 151.3 517.2 141.7 527.5 118.1 505.5 127.7 495.2
1 0.46 395.7 700.4 388.9 713.7 354.3 696.0 361.1 682.7
1 0.46 110.6 471.2 101.4 484.9 71.7 464.9 81.0 451.2
1 0.45 353.3 672.6 346.3 685.9 315.1 669.3 322.2 656.0
1 0.44 586.0 822.1 577.8 834.2 546.1 812.8 554.2 800.7
1 0.42 479.1 756.1 471.2 768.6 443.6 751.4 451.4 738.8
1 0.37 653.9 851.7 647.7 865.6 616.6 851.8 622.8 837.9
