1 0.61 1024.3 372.3 1036.6 378.6 1022.4 406.5 1010.1 400.2
1 0.41 1055.7 316.8 1066.8 323.0 1052.8 348.2 1041.8 342.0
1 0.39 984.9 448.1 996.0 454.3 982.5 478.6 971.4 472.5
1 0.59 295.1 564.3 286.0 576.0 259.2 555.0 268.3 543.4
1 0.4 353.6 611.9 345.8 624.0 316.5 605.0 324.3 592.9
1 0.3 259.6 535.3 249.4 546.6 224.9 524.7 235.2 513.3
1 0.62 1004.2 955.5 1000.1 969.9 967.4 960.6 971.6 946.1
1 0.57 1010.5 986.1 1005.7 999.9 972.0 988.3 976.7 974.5
1 0.57 1119.9 990.4 1117.2 1004.2 1083.1 997.6 1085.8 983.7
1 0.56 1189.9 1009.7 1189.7 1022.1 1156.7 1021.5 1156.9 1009.1
1 0.53 1045.2 971.3 1042.0 984.1 1009.7 976.0 1012.9 963.3
1 0.39 985.1 447.6 996.4 453.9 982.7 478.7 971.3 472.4
1 0.61 189.6 472.0 179.5 482.8 155.5 460.4 165.6 449.7
1 0.6 163.4 444.2 153.6 454.8 129.3 432.1 139.1 421.5
1 0.58 295.2 564.9 286.2 576.4 259.4 555.4 268.4 543.9
1 0.58 259.1 535.2 249.7 546.1 223.7 523.5 233.1 512.6
1 0.56 90.7 391.7 80.0 400.7 58.5 375.1 69.2 366.1
1 0.48 25.0 321.5 13.1 334.2 -15.3 307.7 -3.4 295.0
1 0.4 353.6 611.9 345.8 624.0 316.5 605.0 324.3 592.9
1 0.36 123.7 398.5 113.3 410.1 87.6 386.9 98.0 375.3
1 0.6 1024.9 372.0 1037.2 378.3 1022.6 406.8 1010.3 400.6
1 0.38 984.9 448.1 996.0 454.3 982.5 478.6 971.4 472.5
1 0.35 1055.7 316.8 1066.8 323.0 1052.8 348.2 1041.7 342.0
1 0.59 643.0 805.5 636.5 819.0 606.1 804.1 612.6 790.7
1 0.59 295.2 565.0 286.3 576.4 259.5 555.4 268.4 544.0
1 0.5 394.2 640.4 386.9 652.9 353.7 633.7 360.9 621.2
1 0.41 696.9 833.8 692.5 846.3 661.1 835.5 665.4 822.9
1 0.41 576.7 771.3 567.6 783.4 537.1 760.4 546.2 748.3
1 0.39 352.8 612.3 345.2 623.5 317.0 604.5 324.6 593.3
1 0.36 472.6 700.7 464.3 712.1 438.3 693.2 446.6 681.8
1 0.3 259.6 535.3 249.4 546.8 224.9 524.7 235.1 513.3
1 0.63 1004.2 955.5 1000.1 969.9 967.7 960.6 971.8 946.2
1 0.6 929.6 931.2 925.0 944.5 892.9 933.4 897.5 920.1
1 0.6 912.1 585.4 926.1 590.8 913.0 624.9 899.0 619.6
1 0.57 1010.5 986.1 1005.7 999.9 972.0 988.3 976.8 974.5
1 0.57 1119.9 990.4 1117.2 1004.2 1083.2 997.6 1085.8 983.7
1 0.55 1190.0 1010.2 1189.8 1022.7 1156.5 1022.1 1156.7 1009.6
1 0.55 941.6 530.9 953.6 536.3 941.6 563.2 929.6 557.8
1 0.54 963.8 943.9 959.9 956.0 931.3 946.7 935.2 934.6
1 0.53 1045.2 971.3 1042.0 984.1 1009.7 976.0 1012.9 963.3
1 0.36 985.0 448.0 996.1 454.1 982.6 478.6 971.5 472.4
1 0.6 912.1 585.3 926.2 590.7 913.1 625.0 898.9 619.5
1 0.59 1024.9 372.1 1037.2 378.3 1022.6 406.8 1010.4 400.6
1 0.57 941.6 531.0 953.6 536.3 941.6 563.2 929.7 557.9
1 0.34 984.9 448.2 996.0 454.4 982.5 478.7 971.4 472.5
1 0.3 1055.8 316.9 1066.8 323.0 1052.8 348.1 1041.8 342.0
1 0.6 912.1 585.3 926.2 590.8 913.1 624.9 899.0 619.5
1 0.6 1024.9 372.0 1037.2 378.3 1022.6 406.8 1010.4 400.6
1 0.57 941.6 530.9 953.6 536.3 941.6 563.2 929.6 557.9
1 0.35 984.9 448.2 996.0 454.4 982.5 478.7 971.4 472.5
1 0.32 1055.7 316.9 1066.8 323.0 1052.8 348.2 1041.8 342.0
1 0.59 642.9 805.5 636.4 819.0 606.0 804.2 612.6 790.7
1 0.58 295.2 564.9 286.2 576.4 259.4 555.4 268.3 543.9
1 0.49 394.4 640.5 387.2 653.1 353.5 633.6 360.7 621.1
1 0.44 696.9 833.6 692.6 846.3 661.3 835.6 665.7 822.9
1 0.41 576.4 771.3 567.7 782.8 537.8 760.3 546.5 748.7
1 0.39 353.6 611.9 345.8 624.0 316.5 604.9 324.3 592.9
1 0.37 472.4 700.7 464.2 712.0 438.2 693.0 446.4 681.8
1 0.3 259.6 535.3 249.3 546.7 224.9 524.7 235.2 513.3
1 0.61 189.5 472.0 179.5 482.8 155.5 460.4 165.6 449.7
1 0.6 163.4 444.2 153.6 454.7 129.3 432.0 139.1 421.5
1 0.6 641.9 806.4 635.2 819.0 606.1 803.5 612.8 790.9
1 0.58 259.1 535.2 249.7 546.1 223.7 523.5 233.1 512.6
1 0.57 295.2 564.9 286.2 576.4 259.4 555.4 268.4 543.9
1 0.57 90.7 391.7 80.0 400.7 58.5 375.1 69.2 366.1
1 0.48 394.5 640.5 387.3 653.2 353.4 633.6 360.7 621.0
1 0.48 25.0 321.5 13.1 334.2 -15.3 307.8 -3.4 295.0
1 0.42 576.3 771.3 567.7 782.8 537.8 760.2 546.5 748.8
1 0.38 353.6 611.9 345.8 624.0 316.5 605.0 324.3 592.9
1 0.37 123.6 398.5 113.3 410.0 87.7 386.9 98.0 375.5
1 0.37 472.4 700.7 464.2 711.9 438.2 693.0 446.4 681.8
1 0.62 1004.2 955.5 1000.1 969.9 967.7 960.6 971.8 946.2
1 0.6 929.6 931.2 925.0 944.5 892.9 933.4 897.5 920.1
1 0.6 912.1 585.4 926.1 590.8 913.0 624.9 899.0 619.5
1 0.6 1119.8 990.1 1117.1 1004.2 1082.9 997.5 1085.6 983.4
1 0.59 643.0 805.6 636.5 818.9 606.1 804.1 612.6 790.7
1 0.57 1010.5 986.1 1005.7 999.9 972.0 988.3 976.8 974.5
1 0.55 941.6 530.9 953.6 536.3 941.6 563.2 929.6 557.9
1 0.54 963.8 943.9 959.9 956.0 931.3 946.7 935.2 934.6
1 0.53 1045.2 971.3 1042.0 984.1 1009.7 976.0 1012.9 963.3
1 0.41 696.9 833.8 692.5 846.3 661.1 835.5 665.4 822.9
1 0.41 576.7 771.3 567.6 783.4 537.1 760.4 546.2 748.3
1 0.36 985.1 447.9 996.2 454.0 982.6 478.6 971.5 472.4
1 0.61 189.5 472.0 179.5 482.8 155.4 460.3 165.4 449.6
1 0.59 642.0 806.4 635.3 819.0 606.1 803.5 612.8 790.9
1 0.58 295.2 565.0 286.3 576.4 259.5 555.5 268.4 544.0
1 0.58 259.2 535.2 249.7 546.1 223.7 523.5 233.2 512.7
1 0.49 394.2 640.4 387.0 653.0 353.6 633.7 360.9 621.2
1 0.43 576.6 771.3 567.5 783.3 537.1 760.4 546.2 748.4
1 0.38 352.8 612.3 345.2 623.5 317.0 604.5 324.6 593.2
1 0.36 472.6 700.7 464.3 712.1 438.3 693.2 446.6 681.8
1 0.61 1024.9 372.1 1037.2 378.3 1022.6 406.8 1010.4 400.6
1 0.6 912.1 585.3 926.2 590.7 913.1 624.9 899.0 619.5
1 0.59 643.4 805.1 636.6 819.1 605.9 804.1 612.7 790.1
1 0.55 941.6 530.9 953.6 536.3 941.6 563.2 929.6 557.9
1 0.45 696.9 833.7 692.5 846.3 661.3 835.6 665.7 822.9
1 0.4 576.4 771.3 567.7 782.8 537.8 760.2 546.5 748.7
1 0.39 1055.7 316.9 1066.8 323.0 1052.8 348.1 1041.8 342.0
1 0.34 984.9 448.2 996.0 454.3 982.5 478.7 971.4 472.5
1 0.6 1025.0 372.1 1037.2 378.3 1022.6 406.8 1010.4 400.6
1 0.6 912.1 585.3 926.2 590.8 913.1 624.9 899.0 619.5
1 0.55 941.6 531.0 953.6 536.3 941.6 563.2 929.7 557.9
1 0.36 1055.8 316.9 1066.7 323.0 1052.8 348.1 1041.8 342.0
1 0.32 984.9 448.2 996.0 454.3 982.5 478.7 971.4 472.5
