1 0.56 831.9 1000.7 860.9 1009.6 836.8 1088.2 807.9 1079.3
1 0.51 972.0 676.2 995.7 686.8 970.6 743.3 946.8 732.8
1 0.51 1045.5 497.6 1072.0 507.7 1047.4 571.8 1021.0 561.6
1 0.33 1107.6 371.9 1128.7 381.3 1104.4 435.7 1083.3 426.3
1 0.51 972.0 676.3 995.7 686.9 970.5 743.4 946.8 732.8
1 0.5 1045.5 497.6 1072.0 507.7 1047.4 571.8 1020.9 561.7
1 0.26 1107.9 371.1 1129.3 380.7 1105.0 435.4 1083.5 425.9
1 0.51 1045.6 497.4 1072.0 507.6 1047.4 571.9 1020.9 561.7
1 0.34 1107.6 371.9 1128.6 381.3 1104.4 435.7 1083.4 426.4
1 0.51 1045.5 496.7 1072.2 506.9 1047.0 572.8 1020.3 562.5
1 0.48 971.7 675.7 995.8 686.4 970.6 742.9 946.5 732.2
1 0.51 1045.5 497.5 1072.0 507.7 1047.4 571.8 1020.9 561.7
1 0.47 971.6 675.3 996.0 686.2 970.2 744.0 945.9 733.1
1 0.33 1107.6 371.9 1128.6 381.3 1104.4 435.7 1083.3 426.3
1 0.51 1045.6 497.4 1072.1 507.6 1047.4 571.8 1021.0 561.7
1 0.27 1107.9 371.2 1129.2 380.8 1104.9 435.4 1083.5 425.9
1 0.51 1045.6 497.6 1072.0 507.7 1047.4 571.8 1020.9 561.7
1 0.33 1107.6 371.9 1128.7 381.3 1104.4 435.8 1083.3 426.4
1 0.56 831.9 1000.6 861.0 1009.5 836.9 1088.4 807.8 1079.5
1 0.51 972.0 676.1 995.8 686.6 970.9 742.6 947.1 732.0
1 0.5 1045.5 496.7 1072.2 507.0 1046.9 572.8 1020.3 562.6
1 0.5 889.2 865.5 915.1 872.9 896.0 939.3 870.1 931.9
1 0.55 831.9 1000.7 860.9 1009.5 836.8 1088.2 807.9 1079.3
1 0.51 972.0 676.1 995.7 686.6 970.8 742.6 947.1 732.0
1 0.5 1045.5 496.7 1072.2 507.0 1047.0 572.7 1020.3 562.5
1 0.5 888.6 865.5 914.6 872.5 896.7 939.3 870.7 932.3
