1 0.65 441.9 957.2 429.9 966.8 409.0 940.9 420.9 931.3
1 0.61 772.4 877.6 782.1 888.5 755.6 912.4 745.8 901.5
1 0.6 282.4 704.2 269.1 712.6 249.3 681.0 262.7 672.6
1 0.55 329.6 791.6 316.3 797.8 303.3 769.9 316.6 763.7
1 0.54 414.1 957.9 401.1 967.0 381.2 938.6 394.2 929.5
1 0.51 396.6 899.6 382.2 906.6 365.6 872.6 380.0 865.6
1 0.5 476.3 1003.4 466.5 1012.6 446.4 991.0 456.2 981.8
1 0.47 822.2 840.1 831.2 850.5 808.0 870.7 799.0 860.2
1 0.46 499.6 1044.0 490.4 1056.1 462.5 1035.1 471.6 1022.9
1 0.26 257.7 659.3 244.8 668.3 226.0 641.4 238.9 632.4
1 0.66 203.1 549.7 188.6 555.9 175.3 524.6 189.8 518.4
1 0.65 224.0 592.2 210.0 599.0 195.7 569.6 209.7 562.8
1 0.64 162.7 460.9 148.8 465.7 138.0 434.3 151.9 429.5
1 0.59 205.2 613.2 190.7 619.9 175.0 586.3 189.5 579.5
1 0.56 151.3 423.8 137.2 429.2 125.4 398.4 139.5 393.0
1 0.45 132.1 360.5 117.1 367.8 101.2 335.1 116.1 327.8
1 0.56 1267.9 62.9 1257.5 74.5 1231.6 51.2 1242.1 39.6
1 0.52 1665.0 515.8 1654.6 527.4 1626.2 501.8 1636.6 490.3
1 0.53 1664.7 515.7 1654.4 527.2 1626.3 501.9 1636.6 490.4
1 0.53 1664.7 515.7 1654.4 527.2 1626.3 501.9 1636.6 490.4
1 0.55 1267.9 62.9 1257.5 74.5 1231.6 51.2 1242.1 39.6
1 0.59 282.3 704.1 269.0 712.4 249.5 681.0 262.7 672.8
1 0.54 329.7 791.7 316.3 797.9 303.2 769.9 316.6 763.7
1 0.38 822.1 840.2 831.2 850.7 808.2 870.7 799.1 860.2
1 0.26 257.9 659.3 244.8 668.5 225.9 641.5 239.0 632.3
1 0.64 1896.4 129.9 1901.4 142.2 1871.9 154.1 1866.9 141.8
1 0.53 1665.0 515.9 1654.6 527.4 1626.2 501.8 1636.6 490.3
1 0.66 203.1 549.7 188.6 555.9 175.3 524.6 189.8 518.4
1 0.65 224.0 592.2 210.0 599.0 195.7 569.6 209.7 562.8
1 0.64 162.7 460.9 148.8 465.7 138.0 434.3 151.9 429.5
1 0.59 282.2 704.1 269.1 712.3 249.6 681.1 262.7 672.9
1 0.59 205.2 613.1 190.7 619.9 175.0 586.3 189.5 579.5
1 0.56 151.3 423.8 137.2 429.2 125.4 398.4 139.5 393.0
1 0.53 329.6 791.7 316.3 797.9 303.2 769.9 316.6 763.7
1 0.52 257.0 660.4 245.0 667.9 228.0 640.6 240.0 633.1
1 0.47 132.1 360.5 117.2 367.8 101.2 335.1 116.1 327.8
1 0.64 965.6 733.2 973.9 743.8 948.7 763.5 940.4 752.9
1 0.5 1018.3 697.3 1025.3 707.4 1004.0 722.3 997.0 712.2
1 0.45 821.3 839.9 830.9 849.8 809.0 871.0 799.4 861.1
1 0.33 897.2 784.8 905.4 795.8 881.7 813.6 873.5 802.7
1 0.53 1018.2 697.3 1025.3 707.4 1003.9 722.3 996.8 712.3
1 0.65 965.7 733.2 973.9 743.8 948.7 763.5 940.4 752.9
1 0.5 1018.2 697.3 1025.3 707.4 1004.0 722.3 996.9 712.2
1 0.49 821.2 839.9 830.8 849.9 809.0 871.0 799.4 861.0
1 0.36 897.2 784.8 905.4 795.7 881.7 813.6 873.5 802.7
1 0.51 1018.2 697.3 1025.3 707.4 1004.0 722.3 996.9 712.2
1 0.67 202.3 550.1 188.7 555.6 176.1 524.4 189.7 518.9
1 0.66 223.9 592.1 210.0 598.9 195.7 569.5 209.6 562.7
1 0.66 441.8 957.2 429.9 966.8 409.0 941.0 420.9 931.3
1 0.59 282.4 704.2 269.1 712.5 249.5 681.0 262.7 672.7
1 0.58 204.4 613.0 189.3 619.1 175.6 585.3 190.7 579.2
1 0.54 329.6 791.6 316.3 797.8 303.3 769.9 316.6 763.7
1 0.53 257.0 660.3 245.0 667.8 228.0 640.6 240.0 633.2
1 0.53 414.0 958.0 401.1 967.1 381.2 938.6 394.1 929.5
1 0.49 396.6 899.6 382.2 906.6 365.6 872.6 380.0 865.6
1 0.49 476.3 1003.4 466.5 1012.5 446.4 991.0 456.2 981.9
1 0.46 163.4 460.7 148.0 466.0 137.4 435.0 152.7 429.7
1 0.46 499.4 1044.0 490.4 1056.0 462.6 1035.1 471.7 1023.0
1 0.55 1268.0 62.9 1257.5 74.5 1231.6 51.2 1242.1 39.6
1 0.65 965.6 733.2 973.9 743.8 948.7 763.5 940.4 752.9
1 0.61 772.3 877.8 782.0 888.5 755.6 912.3 745.9 901.6
1 0.51 1018.2 697.3 1025.2 707.4 1003.9 722.3 996.9 712.3
1 0.44 822.2 840.2 831.2 850.6 808.1 870.6 799.1 860.2
1 0.26 897.0 784.8 905.4 795.8 881.8 813.6 873.5 802.6
1 0.65 965.6 733.2 973.9 743.8 948.7 763.5 940.4 752.9
1 0.62 772.4 877.6 782.1 888.5 755.5 912.4 745.8 901.6
1 0.51 1018.2 697.3 1025.2 707.4 1003.9 722.3 996.8 712.3
1 0.48 822.1 840.1 831.2 850.6 808.1 870.7 799.0 860.2
1 0.28 897.0 784.8 905.4 795.8 881.8 813.6 873.4 802.5
1 0.53 1665.0 515.9 1654.6 527.4 1626.1 501.8 1636.6 490.2
1 0.53 1665.0 515.9 1654.6 527.4 1626.2 501.8 1636.6 490.3
