1 0.64 949.1 361.8 936.8 370.4 916.3 341.1 928.6 332.5
1 0.63 977.1 530.1 990.3 536.8 975.4 566.2 962.1 559.5
1 0.63 922.8 449.7 932.7 459.9 908.6 483.2 898.7 473.0
1 0.62 846.5 350.5 844.5 366.2 808.5 361.8 810.5 346.1
1 0.62 960.1 484.8 969.3 495.0 945.4 516.6 936.2 506.3
1 0.6 1036.8 388.8 1049.7 391.4 1043.7 422.4 1030.8 419.9
1 0.57 965.1 345.8 952.4 354.7 931.3 324.5 944.0 315.7
1 0.56 1085.1 668.1 1077.3 678.1 1052.0 658.4 1059.8 648.3
1 0.49 930.0 412.3 931.9 430.0 897.5 433.6 895.6 415.9
1 0.45 1047.1 271.7 1051.7 284.6 1023.5 294.8 1018.9 282.0
1 0.42 967.7 501.8 980.0 512.1 960.0 535.9 947.8 525.6
1 0.41 932.0 482.2 934.9 495.8 904.1 502.3 901.2 488.8
1 0.38 950.9 487.1 938.8 492.8 926.9 467.4 939.1 461.7
1 0.33 1124.3 707.8 1113.4 719.9 1082.1 691.7 1093.0 679.6
1 0.67 1324.8 863.4 1313.4 873.0 1291.6 847.0 1303.0 837.4
1 0.65 977.2 530.2 990.2 536.8 975.3 566.1 962.2 559.4
1 0.6 1036.9 388.9 1049.6 391.4 1043.6 422.3 1030.9 419.8
1 0.57 1085.0 668.1 1077.2 678.0 1052.0 658.3 1059.7 648.4
1 0.51 1127.0 709.0 1116.0 721.2 1082.9 691.3 1093.9 679.2
1 0.37 1046.8 271.6 1051.7 284.2 1023.7 294.9 1018.9 282.3
1 0.27 1198.5 767.4 1189.7 777.5 1165.1 756.1 1173.9 746.0
1 0.67 1324.8 863.4 1313.4 873.0 1291.6 847.0 1303.0 837.5
1 0.65 977.2 530.1 990.2 536.8 975.3 566.1 962.3 559.4
1 0.56 1085.1 668.0 1077.2 678.1 1052.0 658.4 1059.8 648.3
1 0.52 1127.0 709.0 1116.1 721.2 1083.1 691.4 1094.0 679.3
1 0.7 1864.3 821.4 1869.4 834.2 1840.8 845.7 1835.7 832.9
1 0.67 1324.8 863.4 1313.4 873.0 1291.6 846.9 1303.0 837.4
1 0.66 1899.0 809.0 1903.0 821.4 1875.5 830.4 1871.5 817.9
1 0.67 1324.8 863.4 1313.4 873.0 1291.6 847.0 1303.0 837.4
1 0.64 949.1 361.8 936.8 370.4 916.4 341.1 928.6 332.5
1 0.63 977.1 530.1 990.3 536.8 975.3 566.2 962.1 559.5
1 0.63 922.8 449.7 932.7 459.9 908.6 483.2 898.7 473.0
1 0.62 846.4 350.5 844.5 366.2 808.5 361.8 810.5 346.1
1 0.62 960.1 484.8 969.3 495.0 945.4 516.6 936.1 506.3
1 0.61 1036.8 388.9 1049.7 391.4 1043.7 422.4 1030.8 419.9
1 0.57 1111.1 176.1 1126.3 180.5 1116.1 216.2 1100.8 211.8
1 0.56 965.0 346.4 952.5 355.1 931.3 324.9 943.8 316.1
1 0.48 930.1 412.3 932.0 430.0 897.5 433.6 895.6 415.9
1 0.45 1047.0 271.8 1051.7 284.6 1023.6 294.8 1018.9 282.0
1 0.41 967.7 501.8 980.0 512.1 960.0 535.9 947.8 525.6
1 0.4 932.0 482.2 934.9 495.7 904.1 502.3 901.2 488.8
1 0.37 950.4 487.7 938.0 492.8 927.5 466.8 939.9 461.8
1 0.66 1177.2 131.7 1189.0 140.6 1168.9 167.2 1157.1 158.3
1 0.65 977.2 530.2 990.2 536.8 975.3 566.1 962.2 559.4
1 0.65 1110.6 177.4 1125.7 181.7 1115.8 216.0 1100.7 211.7
1 0.62 1194.5 126.2 1208.8 130.3 1199.5 162.7 1185.2 158.6
1 0.6 1036.9 388.9 1049.6 391.4 1043.6 422.3 1030.8 419.9
1 0.47 1237.2 117.1 1242.8 129.1 1215.0 142.1 1209.4 130.1
1 0.41 1046.8 271.6 1051.7 284.2 1023.8 294.9 1018.9 282.3
1 0.33 1143.4 153.2 1161.8 159.6 1151.3 190.0 1132.9 183.7
1 0.69 1864.2 821.3 1869.4 834.2 1840.8 845.8 1835.6 832.9
1 0.67 1324.8 863.4 1313.4 873.0 1291.6 847.0 1303.0 837.4
1 0.65 1899.1 809.1 1903.0 821.8 1875.3 830.2 1871.4 817.6
1 0.67 1324.8 863.4 1313.4 873.0 1291.6 847.0 1303.0 837.4
1 0.64 949.1 361.8 936.8 370.4 916.3 341.1 928.6 332.5
1 0.63 977.1 530.1 990.3 536.8 975.3 566.2 962.1 559.5
1 0.62 922.8 449.6 932.8 459.9 908.6 483.2 898.7 473.0
1 0.62 846.5 350.5 844.6 366.2 808.5 361.8 810.5 346.1
1 0.61 960.1 484.7 969.3 495.0 945.4 516.6 936.1 506.3
1 0.6 1036.8 388.9 1049.7 391.4 1043.7 422.3 1030.8 419.9
1 0.57 1085.0 668.1 1077.2 678.0 1052.0 658.3 1059.8 648.4
1 0.56 965.1 345.8 952.4 354.7 931.3 324.5 944.0 315.7
1 0.51 1127.0 709.0 1116.0 721.2 1082.9 691.4 1093.9 679.2
1 0.49 930.1 412.3 932.0 430.0 897.5 433.6 895.7 415.9
1 0.45 1047.0 271.7 1051.7 284.6 1023.6 294.8 1018.9 282.0
1 0.37 967.7 501.8 979.9 512.1 959.9 535.9 947.7 525.6
1 0.37 932.1 482.2 935.0 495.8 904.1 502.3 901.2 488.7
1 0.34 950.5 487.8 938.0 492.8 927.5 466.8 939.9 461.7
1 0.3 1198.6 767.4 1189.8 777.6 1165.0 756.1 1173.9 745.9
1 0.6 846.5 350.5 844.6 366.2 808.5 361.8 810.4 346.1
1 0.67 1325.1 863.2 1313.6 872.8 1291.5 846.5 1303.0 836.8
1 0.45 1237.2 117.2 1242.7 129.1 1215.1 142.0 1209.5 130.1
1 0.66 63.1 986.2 47.5 991.0 37.2 957.5 52.8 952.7
1 0.44 85.3 1014.5 69.6 1017.3 63.3 982.0 79.0 979.2
1 0.3 126.3 1083.0 110.6 1089.3 98.5 1059.2 114.1 1052.8
1 0.61 846.5 350.5 844.6 366.3 808.5 361.8 810.4 346.1
1 0.67 1324.8 863.4 1313.4 873.0 1291.6 847.0 1303.0 837.4
1 0.64 977.1 530.1 990.3 536.8 975.3 566.1 962.2 559.4
1 0.62 922.9 449.7 932.7 460.0 908.7 483.2 898.8 473.0
1 0.61 960.1 484.8 969.3 495.1 945.5 516.5 936.3 506.2
1 0.57 1085.0 668.0 1077.2 678.1 1052.0 658.4 1059.8 648.3
1 0.5 1127.1 709.0 1116.1 721.2 1083.1 691.5 1094.0 679.3
1 0.39 967.6 502.0 979.9 512.2 959.9 536.1 947.6 525.9
1 0.38 931.8 482.4 934.6 495.8 904.2 502.3 901.3 488.9
1 0.35 950.9 487.1 938.8 492.7 927.0 467.4 939.1 461.7
1 0.27 1198.6 767.3 1189.7 777.5 1165.2 756.1 1174.0 745.9
1 0.64 977.1 530.0 990.3 536.8 975.4 566.1 962.2 559.4
1 0.62 922.9 449.8 932.7 460.0 908.7 483.2 898.8 473.0
1 0.6 960.1 484.8 969.3 495.1 945.5 516.5 936.3 506.2
1 0.55 1085.1 668.0 1077.2 678.2 1052.0 658.4 1059.9 648.3
1 0.42 967.7 502.0 979.9 512.2 959.9 536.1 947.6 525.8
1 0.39 931.8 482.4 934.6 495.8 904.2 502.2 901.4 488.9
1 0.36 950.9 487.1 938.8 492.7 927.0 467.4 939.1 461.7
1 0.31 1126.1 709.0 1115.3 721.0 1082.0 691.1 1092.8 679.1
1 0.66 1177.1 131.7 1189.0 140.6 1168.9 167.2 1157.1 158.3
1 0.56 965.0 346.4 952.5 355.1 931.3 324.9 943.8 316.1
1 0.34 1143.4 153.2 1161.9 159.6 1151.4 190.0 1132.9 183.7
1 0.37 932.1 482.1 935.0 495.8 904.1 502.3 901.2 488.7
1 0.38 967.7 501.8 979.9 512.1 960.0 535.9 947.7 525.6
1 0.44 1047.0 271.8 1051.7 284.5 1023.6 294.8 1018.9 282.0
1 0.48 930.2 412.3 932.0 430.1 897.5 433.7 895.6 415.9
1 0.48 1237.2 117.1 1242.8 129.1 1215.0 142.1 1209.4 130.1
1 0.6 1036.8 388.9 1049.7 391.4 1043.6 422.3 1030.8 419.8
1 0.64 949.1 361.8 936.8 370.4 916.3 341.1 928.6 332.5
1 0.61 960.1 484.7 969.3 495.0 945.4 516.6 936.1 506.3
1 0.61 846.5 350.5 844.6 366.3 808.5 361.8 810.5 346.1
1 0.62 922.8 449.6 932.8 459.9 908.6 483.2 898.7 473.0
1 0.62 1194.5 126.2 1208.8 130.3 1199.5 162.7 1185.2 158.6
1 0.63 977.1 530.1 990.3 536.8 975.3 566.2 962.1 559.5
1 0.64 1110.6 177.3 1125.7 181.7 1115.9 216.0 1100.7 211.7
1 0.33 950.4 487.8 938.0 492.8 927.4 466.8 939.9 461.7
