1 0.59 774.6 818.4 784.4 828.9 758.5 853.1 748.6 842.6
1 0.57 823.4 780.9 832.7 790.5 811.1 811.3 801.9 801.7
1 0.52 1020.5 636.8 1027.9 647.4 1006.0 662.7 998.6 652.1
1 0.5 967.6 673.4 976.3 684.1 951.1 704.5 942.4 693.8
1 0.41 899.5 725.7 907.5 737.1 883.1 754.1 875.2 742.8
1 0.47 1667.9 456.9 1657.5 468.5 1629.0 442.8 1639.4 431.2
1 0.67 165.4 400.6 150.5 405.7 139.7 374.3 154.6 369.2
1 0.64 225.2 532.8 211.7 539.4 197.3 509.8 210.8 503.2
1 0.64 205.0 489.1 190.8 495.7 176.2 464.5 190.5 457.8
1 0.6 283.8 644.3 270.4 652.7 250.7 621.1 264.1 612.8
1 0.6 225.5 591.6 211.4 598.5 194.9 564.8 209.1 557.8
1 0.58 394.7 870.4 381.9 879.3 361.7 850.4 374.4 841.4
1 0.55 152.2 363.7 137.9 368.7 127.3 338.1 141.7 333.1
1 0.53 258.3 600.0 245.9 607.1 230.2 579.8 242.5 572.7
1 0.53 331.2 732.1 317.8 738.4 304.7 710.4 318.2 704.1
1 0.41 133.2 301.4 118.2 307.8 104.8 276.3 119.8 269.9
1 0.62 443.1 897.7 431.0 907.2 410.4 880.8 422.6 871.3
1 0.59 283.8 644.2 270.3 652.6 250.6 621.1 264.1 612.7
1 0.59 774.6 818.3 784.5 828.9 758.5 853.1 748.6 842.5
1 0.58 823.4 780.8 832.7 790.5 811.1 811.4 801.8 801.7
1 0.58 394.8 870.4 382.1 879.3 361.8 850.4 374.6 841.5
1 0.53 331.4 732.2 317.7 738.6 304.6 710.5 318.3 704.1
1 0.49 478.4 945.2 468.6 954.4 447.3 931.6 457.2 922.4
1 0.48 476.5 969.3 465.5 980.2 440.7 955.4 451.6 944.4
1 0.36 258.6 599.4 245.0 607.9 227.3 579.5 240.9 571.0
1 0.27 398.9 837.5 385.5 845.5 366.7 814.2 380.1 806.2
1 0.42 1667.9 457.1 1657.8 467.9 1632.6 444.4 1642.7 433.6
1 0.65 204.9 489.0 190.8 495.6 176.2 464.4 190.4 457.8
1 0.65 225.2 532.8 211.8 539.4 197.3 509.7 210.7 503.1
1 0.63 443.1 897.7 431.0 907.1 410.5 880.8 422.6 871.4
1 0.61 225.6 591.7 211.4 598.6 195.0 565.0 209.2 558.1
1 0.59 283.8 644.2 270.3 652.6 250.7 621.1 264.1 612.7
1 0.58 394.8 870.4 382.1 879.3 361.9 850.4 374.6 841.5
1 0.55 258.2 600.0 246.0 607.1 230.3 579.9 242.5 572.9
1 0.53 331.3 732.2 317.7 738.6 304.6 710.5 318.2 704.2
1 0.51 478.4 945.2 468.6 954.4 447.3 931.6 457.2 922.4
1 0.5 476.5 969.3 465.5 980.3 440.7 955.4 451.7 944.4
1 0.27 398.8 837.5 385.5 845.5 366.7 814.3 380.0 806.2
1 0.47 1667.9 457.0 1657.6 468.5 1629.1 442.8 1639.4 431.3
1 0.44 283.3 645.8 269.9 653.9 250.1 621.0 263.6 612.9
1 0.36 258.8 599.2 245.0 607.8 227.3 579.4 241.1 570.9
1 0.47 1667.9 456.9 1657.6 468.5 1629.1 442.8 1639.4 431.3
1 0.67 165.4 400.6 150.5 405.7 139.7 374.3 154.6 369.2
1 0.64 225.2 532.8 211.7 539.4 197.3 509.8 210.8 503.2
1 0.64 205.0 489.1 190.7 495.7 176.2 464.5 190.5 457.8
1 0.6 225.5 591.6 211.4 598.5 194.9 564.8 209.1 557.9
1 0.55 152.3 363.7 137.8 368.7 127.3 338.1 141.7 333.1
1 0.54 258.3 600.0 246.0 607.1 230.2 579.8 242.5 572.7
1 0.44 283.3 645.8 269.9 653.9 250.1 621.0 263.6 612.9
1 0.38 133.2 301.4 118.2 307.8 104.8 276.2 119.8 269.8
1 0.61 774.6 818.3 784.5 828.9 758.6 853.0 748.7 842.4
1 0.6 824.9 781.0 833.7 791.1 810.6 811.2 801.8 801.1
1 0.51 1020.5 636.8 1027.9 647.4 1005.8 662.8 998.4 652.2
1 0.5 967.7 673.3 976.4 684.1 951.1 704.6 942.4 693.8
1 0.45 899.4 725.8 907.3 737.2 883.2 754.1 875.2 742.7
1 0.66 1899.1 70.7 1904.1 83.6 1873.8 95.2 1868.9 82.3
1 0.47 1667.9 456.9 1657.6 468.5 1629.0 442.7 1639.4 431.2
1 0.42 1667.9 457.1 1657.8 467.9 1632.5 444.3 1642.6 433.5
1 0.6 774.6 818.2 784.5 828.9 758.4 853.2 748.5 842.6
1 0.59 823.4 780.9 832.7 790.5 811.1 811.4 801.8 801.7
1 0.51 1020.5 636.8 1027.9 647.4 1006.0 662.8 998.5 652.1
1 0.5 967.6 673.4 976.3 684.1 951.1 704.5 942.4 693.8
1 0.44 899.5 725.7 907.5 737.1 883.1 754.1 875.1 742.7
1 0.6 283.8 644.3 270.3 652.7 250.6 621.1 264.1 612.7
1 0.59 774.6 818.3 784.4 828.9 758.6 853.0 748.8 842.4
1 0.58 825.0 780.9 833.8 791.0 810.6 811.2 801.8 801.1
1 0.57 394.7 870.4 382.0 879.4 361.7 850.4 374.5 841.4
1 0.53 331.3 732.1 317.7 738.5 304.7 710.4 318.2 704.1
1 0.33 258.9 599.2 244.9 608.0 227.0 579.3 241.0 570.6
1 0.52 1020.5 636.8 1027.9 647.4 1006.0 662.8 998.5 652.1
1 0.6 774.6 819.0 783.9 829.4 758.2 852.6 748.8 842.2
1 0.58 825.0 780.9 833.8 791.0 810.6 811.2 801.8 801.1
1 0.53 1020.5 636.8 1027.9 647.3 1005.9 662.7 998.5 652.2
1 0.51 967.7 673.3 976.4 684.1 951.1 704.6 942.4 693.8
1 0.42 899.4 725.8 907.3 737.2 883.2 754.1 875.2 742.7
1 0.53 1020.5 636.8 1027.9 647.3 1005.8 662.8 998.4 652.2
