1 0.69 1178.3 250.7 1190.0 259.5 1170.1 285.8 1158.4 277.0
1 0.65 1111.7 295.8 1127.1 300.2 1117.3 334.4 1101.9 330.0
1 0.64 1037.8 507.2 1051.0 509.7 1045.0 540.9 1031.7 538.4
1 0.62 1195.5 244.6 1209.5 248.4 1200.9 280.5 1186.9 276.7
1 0.61 978.0 647.2 991.7 653.6 977.6 683.7 963.9 677.3
1 0.55 1086.3 784.2 1078.1 794.6 1052.7 774.8 1060.9 764.3
1 0.5 1048.7 390.6 1053.2 403.0 1024.9 413.3 1020.4 400.9
1 0.49 1128.5 824.5 1117.7 836.9 1083.8 807.5 1094.7 795.1
1 0.47 1238.4 236.3 1243.5 248.7 1215.7 259.9 1210.7 247.5
1 0.4 1145.7 271.9 1162.0 278.5 1150.3 307.4 1134.0 300.8
1 0.28 968.2 618.5 981.1 629.4 959.9 654.7 946.9 643.9
1 0.65 1037.8 507.1 1051.1 509.7 1045.0 540.9 1031.7 538.4
1 0.64 950.2 479.8 937.9 488.5 917.7 459.6 930.0 451.0
1 0.63 924.5 567.8 934.5 578.1 910.1 601.6 900.2 591.2
1 0.61 961.8 602.7 971.1 613.0 947.3 634.4 938.0 624.1
1 0.61 848.7 469.2 846.8 485.1 810.2 480.6 812.2 464.7
1 0.55 966.3 464.2 953.7 473.0 932.9 443.3 945.5 434.5
1 0.55 1112.1 294.7 1127.7 299.1 1117.6 334.5 1102.0 330.0
1 0.53 1048.7 390.6 1053.2 403.0 1024.9 413.3 1020.4 400.9
1 0.44 931.7 530.6 933.6 548.3 899.1 551.9 897.3 534.2
1 0.43 934.7 601.9 936.8 614.9 906.2 619.8 904.2 606.7
1 0.32 952.1 603.8 939.9 609.5 928.9 585.7 941.0 580.1
1 0.64 924.4 567.9 934.3 578.2 910.1 601.6 900.2 591.3
1 0.64 1037.2 507.2 1050.6 509.3 1045.7 540.8 1032.2 538.6
1 0.64 950.4 479.9 937.9 488.6 917.6 459.6 930.1 450.8
1 0.61 961.6 602.9 970.8 613.0 947.3 634.2 938.2 624.0
1 0.61 848.5 468.8 846.9 484.7 810.2 480.9 811.9 465.0
1 0.59 977.9 647.2 991.7 653.7 977.6 683.8 963.8 677.3
1 0.55 1086.3 784.1 1078.0 794.7 1052.7 774.9 1061.0 764.4
1 0.47 966.0 464.2 953.6 472.9 933.7 444.5 946.2 435.8
1 0.46 931.7 530.6 933.5 548.3 899.3 551.9 897.4 534.2
1 0.43 969.0 619.7 981.1 629.8 961.2 653.5 949.1 643.4
1 0.38 934.6 601.4 937.1 614.3 906.6 620.2 904.1 607.3
1 0.3 951.9 603.7 939.9 609.3 928.9 585.7 940.9 580.2
1 0.28 1126.4 824.4 1115.7 836.2 1083.2 806.9 1093.9 795.0
1 0.67 1864.0 935.4 1869.3 948.6 1840.4 960.2 1835.1 947.1
1 0.65 1335.7 995.6 1323.6 1004.4 1303.8 977.2 1315.9 968.4
1 0.63 1898.7 922.8 1903.3 935.2 1876.1 945.1 1871.6 932.6
1 0.43 79.9 1076.9 62.8 1081.5 53.3 1046.3 70.4 1041.7
1 0.66 1335.6 995.6 1323.6 1004.4 1303.9 977.2 1315.9 968.5
1 0.64 924.4 567.9 934.3 578.2 910.1 601.6 900.1 591.3
1 0.64 1037.2 507.2 1050.6 509.3 1045.6 540.7 1032.2 538.6
1 0.64 950.4 479.8 937.9 488.6 917.6 459.6 930.1 450.9
1 0.62 961.6 602.9 970.8 613.0 947.3 634.2 938.1 624.0
1 0.61 848.6 468.8 846.9 484.8 810.3 480.9 811.9 465.0
1 0.59 977.9 647.2 991.7 653.6 977.6 683.8 963.8 677.3
1 0.55 1086.2 784.1 1078.0 794.6 1052.8 774.9 1061.0 764.4
1 0.47 1128.5 824.5 1117.7 837.0 1083.9 807.6 1094.7 795.1
1 0.46 966.0 464.2 953.6 472.9 933.7 444.5 946.2 435.8
1 0.46 931.7 530.5 933.5 548.3 899.4 551.9 897.5 534.1
1 0.42 969.0 619.7 981.1 629.8 961.2 653.5 949.1 643.4
1 0.36 934.6 601.3 937.2 614.3 906.6 620.3 904.1 607.2
1 0.32 1199.6 883.2 1190.7 893.5 1165.7 871.7 1174.6 861.5
1 0.28 952.0 603.8 939.9 609.4 928.9 585.8 941.0 580.1
1 0.66 1335.6 995.6 1323.6 1004.3 1303.9 977.2 1315.9 968.5
1 0.28 1240.2 861.1 1230.8 874.1 1206.6 856.5 1216.0 843.6
1 0.6 848.6 468.8 846.9 484.8 810.2 480.9 811.9 465.0
1 0.68 1178.3 250.6 1190.0 259.4 1170.1 285.8 1158.4 277.0
1 0.64 1111.7 295.8 1127.1 300.2 1117.3 334.4 1101.9 330.0
1 0.64 1037.8 507.2 1051.0 509.7 1045.0 540.9 1031.7 538.4
1 0.62 1195.5 244.5 1209.5 248.2 1200.9 280.5 1186.8 276.7
1 0.53 1238.9 236.9 1243.9 249.1 1215.3 260.6 1210.3 248.4
1 0.5 1048.7 390.6 1053.2 403.0 1024.9 413.3 1020.4 400.9
1 0.39 1515.4 51.5 1524.4 64.7 1496.4 83.5 1487.5 70.3
1 0.37 1145.7 271.9 1162.1 278.5 1150.4 307.5 1134.0 300.9
1 0.34 1455.6 104.6 1465.6 113.1 1448.3 133.8 1438.2 125.4
1 0.68 1178.3 250.6 1190.0 259.4 1170.1 285.8 1158.4 277.0
1 0.65 1111.7 295.7 1127.1 300.2 1117.3 334.4 1101.9 330.0
1 0.64 1037.2 507.3 1050.5 509.4 1045.6 540.8 1032.2 538.7
1 0.64 950.2 479.8 937.9 488.4 917.7 459.6 930.0 451.0
1 0.62 1195.5 244.5 1209.5 248.2 1200.9 280.5 1186.8 276.7
1 0.62 924.5 567.7 934.5 578.1 910.1 601.6 900.1 591.2
1 0.61 961.8 602.7 971.1 613.0 947.3 634.5 938.0 624.1
1 0.6 848.7 469.2 846.8 485.1 810.2 480.6 812.2 464.7
1 0.55 966.3 464.2 953.7 473.0 932.9 443.3 945.5 434.5
1 0.54 1238.9 236.9 1243.8 249.1 1215.3 260.6 1210.4 248.4
1 0.53 1048.7 390.6 1053.2 403.0 1024.9 413.3 1020.4 400.9
1 0.44 931.7 530.6 933.6 548.3 899.2 552.0 897.4 534.2
1 0.42 934.7 601.9 936.8 615.0 906.2 619.8 904.1 606.7
1 0.39 1145.7 271.9 1162.1 278.5 1150.4 307.5 1134.0 300.9
1 0.28 952.1 603.8 939.9 609.5 928.9 585.8 941.0 580.1
1 0.51 1238.9 236.9 1243.8 249.1 1215.2 260.6 1210.3 248.4
1 0.4 1515.4 51.5 1524.3 64.7 1496.4 83.5 1487.5 70.4
1 0.35 1455.6 104.7 1465.6 113.1 1448.3 133.7 1438.3 125.3
1 0.68 1178.3 250.6 1190.0 259.4 1170.1 285.8 1158.4 277.0
1 0.55 966.2 464.2 953.7 473.0 933.0 443.4 945.5 434.6
1 0.41 934.7 601.9 936.7 614.9 906.3 619.7 904.2 606.7
1 0.42 1145.7 271.9 1162.1 278.5 1150.4 307.5 1134.0 300.9
1 0.44 931.7 530.6 933.5 548.4 899.3 552.0 897.4 534.2
1 0.46 969.0 619.7 981.1 629.8 961.0 653.7 949.0 643.5
1 0.47 1238.4 236.2 1243.5 248.7 1215.7 260.0 1210.7 247.5
1 0.48 1128.5 824.5 1117.7 836.9 1083.9 807.6 1094.7 795.1
1 0.52 1048.7 390.6 1053.2 403.0 1024.9 413.4 1020.4 400.9
1 0.57 1086.3 784.2 1078.1 794.6 1052.7 774.8 1060.9 764.4
1 0.65 1111.7 295.8 1127.1 300.2 1117.3 334.4 1101.9 330.0
1 0.61 977.9 647.1 991.7 653.6 977.6 683.8 963.8 677.4
1 0.61 848.7 469.2 846.8 485.1 810.3 480.6 812.2 464.7
1 0.62 961.7 602.8 970.9 613.0 947.3 634.2 938.2 624.0
1 0.62 1195.5 244.6 1209.5 248.4 1200.9 280.5 1186.9 276.7
1 0.63 924.5 567.8 934.4 578.1 910.1 601.6 900.2 591.2
1 0.64 1037.2 507.3 1050.6 509.4 1045.6 540.8 1032.2 538.7
1 0.64 950.2 479.8 937.9 488.4 917.7 459.6 930.0 451.0
1 0.3 952.0 603.8 939.9 609.5 928.9 585.8 941.0 580.2
1 0.64 950.2 479.8 937.9 488.4 917.7 459.6 930.0 451.0
1 0.64 1037.8 507.1 1051.1 509.7 1045.0 540.9 1031.7 538.3
1 0.63 924.5 567.8 934.4 578.1 910.1 601.6 900.2 591.2
1 0.61 961.7 602.8 970.9 613.0 947.3 634.2 938.2 624.0
1 0.61 848.7 469.2 846.7 485.1 810.3 480.6 812.2 464.8
1 0.6 977.9 647.1 991.7 653.6 977.6 683.8 963.8 677.4
1 0.56 966.2 464.2 953.7 473.0 933.0 443.4 945.5 434.6
1 0.55 1112.1 294.7 1127.7 299.2 1117.6 334.5 1102.0 330.0
1 0.55 1086.3 784.2 1078.1 794.7 1052.7 774.9 1060.9 764.3
1 0.52 1048.7 390.6 1053.2 403.0 1024.9 413.3 1020.4 400.9
1 0.48 969.0 619.7 981.0 629.8 961.1 653.6 949.0 643.5
1 0.42 934.6 601.9 936.7 614.9 906.4 619.7 904.3 606.7
1 0.41 931.7 530.6 933.6 548.3 899.2 552.0 897.3 534.2
1 0.3 952.0 603.8 939.9 609.4 928.9 585.8 941.0 580.1
1 0.28 1126.8 824.6 1116.1 836.6 1083.3 807.0 1094.0 795.1
1 0.34 1238.4 236.3 1243.4 248.7 1215.6 260.0 1210.6 247.5
1 0.59 848.7 469.2 846.8 485.1 810.2 480.6 812.2 464.7
1 0.65 1335.7 995.6 1323.6 1004.4 1303.9 977.2 1315.9 968.5
1 0.64 1037.2 507.2 1050.6 509.4 1045.6 540.7 1032.2 538.6
1 0.6 977.9 647.2 991.6 653.6 977.6 683.6 963.9 677.3
1 0.55 1086.2 784.2 1078.0 794.6 1052.8 774.9 1060.9 764.4
1 0.47 1128.5 824.5 1117.7 837.0 1083.8 807.5 1094.6 795.1
1 0.31 1199.6 883.2 1190.7 893.5 1165.7 871.8 1174.6 861.5
1 0.26 1240.0 860.4 1231.0 873.8 1206.4 857.2 1215.4 843.9
1 0.59 848.7 469.2 846.8 485.1 810.2 480.6 812.1 464.7
1 0.39 1515.4 51.4 1524.4 64.7 1496.4 83.6 1487.5 70.3
1 0.34 1455.6 104.7 1465.6 113.1 1448.3 133.8 1438.2 125.4
