1 0.61 1637.2 1000.0 1637.2 1012.1 1605.5 1012.1 1605.5 1000.0
1 0.6 1367.7 969.2 1357.8 979.8 1331.5 955.3 1341.4 944.7
1 0.59 1323.8 1001.6 1311.0 1007.6 1297.2 978.2 1310.0 972.2
1 0.4 1388.1 966.6 1380.3 975.5 1359.3 957.2 1367.1 948.3
1 0.29 1308.9 1012.8 1321.5 1015.3 1316.5 1040.8 1303.9 1038.3
1 0.61 1637.1 1000.0 1637.1 1012.1 1605.4 1012.1 1605.4 1000.0
1 0.59 1367.7 969.2 1357.8 979.9 1331.4 955.2 1341.3 944.6
1 0.56 1323.9 1001.7 1311.0 1007.7 1297.2 978.1 1310.1 972.1
1 0.38 1388.1 966.5 1380.3 975.5 1359.2 957.2 1367.0 948.2
1 0.25 1275.4 979.4 1295.3 980.8 1292.4 1023.0 1272.4 1021.6
1 0.59 1367.8 969.2 1357.8 979.9 1331.4 955.3 1341.3 944.6
1 0.57 1323.8 1001.6 1310.9 1007.6 1297.2 978.2 1310.1 972.1
1 0.38 1388.1 966.5 1380.3 975.5 1359.2 957.2 1367.0 948.2
1 0.27 1275.4 979.3 1295.3 980.7 1292.3 1023.1 1272.4 1021.7
1 0.25 1308.3 1013.0 1321.1 1015.4 1316.2 1040.3 1303.5 1037.8
1 0.56 1324.3 1001.4 1310.6 1007.8 1296.7 977.9 1310.4 971.5
1 0.52 1368.1 968.0 1358.4 979.2 1331.0 955.3 1340.7 944.2
1 0.27 1275.3 979.3 1295.4 980.7 1292.4 1023.1 1272.3 1021.7
