1 0.68 1177.3 250.0 1189.0 258.9 1169.4 284.9 1157.7 276.1
1 0.64 1111.0 295.1 1125.9 299.3 1116.2 333.2 1101.3 328.9
1 0.63 949.3 478.9 937.0 487.5 917.0 458.9 929.3 450.3
1 0.63 1036.5 506.6 1049.7 508.7 1044.8 540.1 1031.6 538.0
1 0.63 923.2 566.4 933.1 576.6 908.9 600.0 899.0 589.7
1 0.62 1194.8 243.8 1208.5 247.8 1199.3 279.8 1185.6 275.9
1 0.61 846.9 468.2 845.2 483.5 810.0 479.8 811.6 464.5
1 0.58 1047.8 390.1 1052.1 401.9 1023.9 412.1 1019.6 400.4
1 0.57 960.9 601.6 970.3 612.0 946.1 633.8 936.7 623.4
1 0.56 966.0 463.6 953.1 472.7 931.7 442.2 944.7 433.1
1 0.51 1237.8 235.0 1243.1 247.0 1215.4 259.3 1210.1 247.4
1 0.51 930.5 530.1 932.3 547.4 897.6 551.0 895.8 533.8
1 0.4 932.8 600.7 935.3 613.5 905.4 619.3 902.9 606.5
1 0.4 1143.8 270.9 1160.8 276.4 1151.1 306.3 1134.1 300.8
1 0.3 950.8 602.8 938.9 608.3 927.9 584.7 939.8 579.2
1 0.31 1237.7 234.9 1243.2 247.2 1215.6 259.4 1210.2 247.2
1 0.68 1177.3 250.1 1189.0 258.9 1169.4 284.9 1157.7 276.1
1 0.64 1111.0 295.1 1125.9 299.4 1116.2 333.1 1101.3 328.9
1 0.63 1036.6 506.6 1049.7 508.7 1044.8 540.1 1031.6 538.0
1 0.62 1194.8 243.8 1208.5 247.8 1199.3 279.8 1185.6 275.9
1 0.56 1047.8 390.1 1052.0 401.9 1023.9 412.1 1019.6 400.4
1 0.49 1237.8 235.0 1243.1 247.0 1215.3 259.3 1210.0 247.4
1 0.37 1143.8 270.9 1160.8 276.4 1151.0 306.2 1134.1 300.7
1 0.36 1514.1 50.5 1523.3 64.2 1495.5 83.0 1486.2 69.2
1 0.3 1454.7 103.3 1464.8 111.7 1446.9 132.9 1436.9 124.5
1 0.48 78.7 1075.8 62.2 1080.3 52.7 1045.1 69.3 1040.7
1 0.6 846.8 468.2 845.2 483.5 810.0 479.8 811.6 464.5
1 0.6 846.8 468.2 845.2 483.5 810.0 479.8 811.6 464.5
1 0.64 923.1 566.4 933.0 576.6 908.9 599.9 899.0 589.7
1 0.63 949.3 478.9 937.0 487.5 917.0 458.9 929.3 450.3
1 0.63 1036.5 506.6 1049.8 508.7 1044.8 540.1 1031.6 538.0
1 0.61 846.8 468.2 845.2 483.5 810.0 479.8 811.6 464.5
1 0.58 960.7 601.8 969.9 612.0 946.0 633.5 936.8 623.3
1 0.57 1047.8 390.1 1052.1 401.9 1023.9 412.2 1019.6 400.4
1 0.56 1111.4 294.2 1126.3 298.5 1116.4 333.1 1101.5 328.8
1 0.56 966.0 463.6 953.1 472.7 931.8 442.2 944.7 433.2
1 0.55 1085.6 783.4 1077.4 793.9 1052.0 774.1 1060.2 763.6
1 0.53 977.6 645.5 991.8 652.4 976.7 683.3 962.5 676.4
1 0.49 967.6 618.7 979.8 628.9 959.9 652.7 947.7 642.5
1 0.49 930.4 530.1 932.2 547.4 897.6 551.1 895.7 533.8
1 0.41 932.8 600.7 935.3 613.4 905.5 619.2 903.0 606.5
1 0.33 950.7 602.8 938.9 608.3 927.9 584.8 939.8 579.3
1 0.26 1126.5 824.0 1115.5 836.1 1081.8 805.7 1092.7 793.6
1 0.46 1237.7 235.0 1243.1 247.0 1215.3 259.4 1210.0 247.4
1 0.38 1514.1 50.6 1523.2 64.1 1495.4 82.9 1486.2 69.3
1 0.31 1454.8 103.3 1464.7 111.7 1446.9 132.9 1437.0 124.5
1 0.69 1177.3 250.1 1189.0 258.9 1169.4 284.9 1157.7 276.1
1 0.64 1111.0 295.1 1125.9 299.4 1116.2 333.1 1101.3 328.9
1 0.63 1036.6 506.6 1049.7 508.7 1044.8 540.1 1031.6 538.0
1 0.63 1194.8 244.0 1208.5 247.9 1199.3 279.8 1185.7 275.9
1 0.56 1047.8 390.1 1052.1 401.9 1023.9 412.1 1019.6 400.4
1 0.56 1085.5 783.4 1077.4 793.9 1052.0 774.1 1060.2 763.6
1 0.54 977.3 646.3 990.9 652.7 976.9 682.8 963.2 676.4
1 0.47 1127.7 823.6 1116.9 836.1 1082.7 806.4 1093.5 794.0
1 0.45 1237.8 234.9 1243.2 247.1 1215.7 259.3 1210.3 247.1
1 0.4 1143.9 270.9 1160.7 276.3 1151.0 306.2 1134.2 300.7
1 0.34 1514.1 50.5 1523.3 64.2 1495.5 83.0 1486.2 69.2
1 0.3 1454.7 103.3 1464.8 111.7 1446.9 132.9 1436.9 124.5
1 0.66 1334.8 994.7 1322.8 1003.4 1303.2 976.5 1315.2 967.8
1 0.65 923.1 566.5 932.9 576.7 908.9 599.9 899.0 589.7
1 0.63 949.4 478.9 937.0 487.6 916.9 458.9 929.3 450.2
1 0.62 1036.3 506.6 1049.5 508.4 1045.1 540.0 1031.8 538.1
1 0.62 846.8 468.2 845.2 483.5 809.9 479.8 811.5 464.4
1 0.58 960.8 601.8 969.9 612.0 946.0 633.5 936.9 623.3
1 0.55 1085.5 783.4 1077.3 793.8 1052.1 774.1 1060.2 763.7
1 0.52 930.5 530.2 932.3 547.3 897.7 550.9 895.9 533.9
1 0.52 977.6 645.5 991.7 652.4 976.7 683.2 962.6 676.4
1 0.46 965.8 463.6 953.0 472.6 932.7 443.7 945.5 434.7
1 0.45 1127.6 823.7 1116.8 836.1 1082.7 806.5 1093.6 794.1
1 0.43 967.7 618.8 979.7 629.0 959.9 652.6 947.9 642.4
1 0.35 933.2 600.6 935.7 613.4 905.4 619.2 903.0 606.5
1 0.3 1325.8 1037.6 1314.0 1044.1 1299.9 1018.7 1311.7 1012.2
1 0.29 1198.5 882.4 1189.6 892.6 1164.8 871.1 1173.7 860.8
1 0.27 950.6 601.4 938.7 607.0 928.0 583.9 939.9 578.4
1 0.69 1177.3 250.1 1189.0 258.9 1169.4 284.9 1157.7 276.1
1 0.56 966.0 463.6 953.1 472.7 931.8 442.2 944.7 433.2
1 0.39 932.8 600.7 935.3 613.4 905.5 619.2 903.0 606.5
1 0.42 1143.8 270.9 1160.8 276.4 1151.1 306.3 1134.1 300.8
1 0.44 1127.7 823.7 1116.9 836.1 1082.7 806.4 1093.6 794.0
1 0.44 1237.7 234.9 1243.2 247.1 1215.7 259.4 1210.3 247.1
1 0.47 967.6 618.7 979.8 628.9 959.9 652.7 947.7 642.5
1 0.5 930.4 530.1 932.3 547.4 897.6 551.1 895.8 533.7
1 0.53 977.6 645.5 991.8 652.4 976.7 683.3 962.5 676.4
1 0.57 1085.5 783.4 1077.3 793.9 1052.0 774.1 1060.2 763.6
1 0.64 1111.0 295.1 1125.9 299.4 1116.3 333.2 1101.3 328.9
1 0.57 1047.8 390.1 1052.1 401.9 1023.9 412.2 1019.6 400.4
1 0.59 960.8 601.8 970.0 612.0 946.0 633.5 936.8 623.3
1 0.61 846.9 468.2 845.3 483.5 810.0 479.8 811.6 464.5
1 0.62 1194.8 244.0 1208.5 247.9 1199.3 279.8 1185.7 275.9
1 0.63 1036.5 506.6 1049.8 508.7 1044.8 540.1 1031.6 538.0
1 0.63 949.3 478.9 937.0 487.5 917.0 458.9 929.3 450.3
1 0.64 923.1 566.4 933.0 576.6 908.9 599.9 899.0 589.7
1 0.32 950.7 602.8 938.9 608.3 928.0 584.8 939.7 579.3
1 0.6 846.9 468.2 845.2 483.5 809.8 479.8 811.4 464.5
1 0.64 923.2 566.4 933.0 576.6 908.9 599.9 899.0 589.7
1 0.63 1036.5 506.6 1049.8 508.7 1044.8 540.1 1031.6 538.0
1 0.63 949.3 478.9 937.0 487.5 917.0 458.9 929.3 450.3
1 0.61 846.8 468.2 845.2 483.5 810.0 479.8 811.6 464.5
1 0.58 960.9 601.7 970.2 612.0 946.1 633.7 936.8 623.4
1 0.58 1047.8 390.1 1052.1 401.9 1023.9 412.2 1019.6 400.4
1 0.56 966.0 463.7 953.1 472.7 931.8 442.2 944.7 433.1
1 0.56 1111.4 294.1 1126.3 298.4 1116.4 333.1 1101.5 328.8
1 0.51 930.4 530.2 932.2 547.3 897.6 551.0 895.8 533.8
1 0.42 932.8 600.7 935.3 613.4 905.4 619.2 902.9 606.5
1 0.35 950.7 602.8 938.9 608.3 927.9 584.7 939.8 579.2
1 0.65 923.1 566.5 932.9 576.7 908.9 599.8 899.1 589.7
1 0.63 949.4 478.9 937.0 487.6 916.9 458.9 929.3 450.2
1 0.62 1036.2 506.6 1049.5 508.4 1045.1 540.0 1031.8 538.1
1 0.62 846.8 468.2 845.2 483.5 809.9 479.7 811.5 464.5
1 0.59 960.8 601.9 969.9 612.0 946.1 633.4 936.9 623.3
1 0.55 1085.6 783.4 1077.3 793.9 1052.0 774.1 1060.3 763.6
1 0.52 977.6 645.6 991.7 652.4 976.7 683.2 962.6 676.3
1 0.52 930.5 530.3 932.3 547.3 897.7 550.9 895.9 533.9
1 0.46 965.8 463.7 953.0 472.6 932.8 443.7 945.5 434.8
1 0.45 967.7 618.8 979.7 629.0 960.0 652.5 947.9 642.4
1 0.37 933.1 600.7 935.6 613.4 905.5 619.2 903.0 606.5
1 0.3 950.6 602.6 938.9 608.1 928.0 584.6 939.7 579.2
1 0.26 1126.1 823.7 1115.2 835.8 1081.8 805.7 1092.6 793.6
1 0.65 1334.8 994.7 1322.8 1003.5 1303.2 976.5 1315.2 967.7
1 0.62 1036.3 506.6 1049.5 508.4 1045.1 540.0 1031.9 538.1
1 0.55 1085.5 783.4 1077.3 793.9 1052.1 774.1 1060.2 763.6
1 0.53 977.3 646.3 990.9 652.7 976.9 682.7 963.3 676.4
1 0.47 1127.6 823.7 1116.8 836.1 1082.7 806.4 1093.5 794.0
1 0.26 1198.7 882.5 1189.7 892.5 1165.4 870.7 1174.4 860.6
1 0.65 1334.8 994.7 1322.8 1003.4 1303.2 976.5 1315.2 967.8
1 0.25 1325.0 1038.2 1313.6 1044.0 1300.5 1018.3 1311.9 1012.5
1 0.68 1862.9 934.6 1868.2 947.6 1839.3 959.3 1834.1 946.2
1 0.65 1334.8 994.7 1322.8 1003.4 1303.2 976.4 1315.2 967.7
1 0.63 1897.4 921.9 1902.0 934.5 1874.8 944.4 1870.2 931.8
