1 0.66 1525.3 281.1 1522.6 294.7 1490.2 288.4 1492.9 274.9
1 0.61 1622.7 286.0 1622.9 300.7 1584.9 301.4 1584.6 286.7
1 0.6 1350.5 254.5 1340.3 265.9 1312.7 241.0 1322.9 229.6
1 0.54 1305.6 288.9 1292.2 294.3 1280.5 265.2 1293.9 259.8
1 0.44 1577.3 289.3 1576.7 301.6 1544.6 299.9 1545.3 287.6
1 0.38 1372.0 252.5 1364.1 261.5 1342.1 242.3 1349.9 233.3
1 0.33 1289.7 297.4 1302.7 299.9 1297.1 328.8 1284.0 326.3
1 0.6 1350.6 254.5 1340.4 265.9 1312.7 241.0 1323.0 229.6
1 0.53 1305.6 288.9 1292.2 294.3 1280.5 265.2 1293.9 259.8
1 0.31 1289.7 297.3 1302.7 299.9 1297.1 328.9 1284.0 326.4
1 0.64 962.7 1071.2 950.7 1079.5 931.0 1051.3 942.9 1042.9
1 0.62 860.7 1060.9 860.0 1075.7 825.6 1073.9 826.3 1059.1
1 0.56 977.0 1055.1 964.0 1063.2 945.5 1033.5 958.4 1025.4
1 0.53 1061.0 986.2 1064.6 998.0 1037.5 1006.3 1033.9 994.5
1 0.67 1525.2 281.2 1522.6 294.7 1490.3 288.4 1492.9 274.9
1 0.6 1350.5 254.5 1340.3 265.8 1312.7 241.0 1322.9 229.6
1 0.52 1305.6 288.9 1292.2 294.3 1280.5 265.2 1293.8 259.8
1 0.46 1577.3 289.4 1576.6 301.5 1544.8 299.8 1545.4 287.7
1 0.4 1372.0 252.5 1364.2 261.5 1342.1 242.3 1350.0 233.3
1 0.3 1289.7 297.4 1302.7 299.9 1297.0 328.9 1284.0 326.4
1 0.26 1610.4 286.0 1611.6 299.4 1583.5 301.9 1582.3 288.4
1 0.67 1525.3 281.1 1522.6 294.7 1490.2 288.4 1492.9 274.8
1 0.65 1206.9 840.3 1220.4 844.2 1211.6 875.2 1198.0 871.3
1 0.59 1190.2 846.0 1201.4 854.8 1181.3 880.7 1170.0 871.9
1 0.55 1305.7 288.9 1292.2 294.4 1280.4 265.2 1293.9 259.7
1 0.5 1350.3 254.3 1340.5 265.6 1312.4 241.2 1322.2 229.9
1 0.47 1577.4 289.3 1576.7 301.6 1544.7 299.9 1545.4 287.6
1 0.42 1250.4 833.4 1254.6 846.3 1226.5 855.4 1222.3 842.6
1 0.41 1465.8 700.6 1476.3 709.4 1458.5 730.6 1448.0 721.8
1 0.38 1524.8 647.5 1534.0 661.2 1505.5 680.4 1496.3 666.7
1 0.35 1289.6 297.3 1302.7 299.9 1297.1 328.9 1284.0 326.4
1 0.3 1567.1 627.1 1552.8 637.1 1527.5 600.9 1541.7 590.9
1 0.27 1610.5 285.9 1611.7 299.5 1583.5 301.9 1582.3 288.4
1 0.67 1525.3 281.1 1522.6 294.7 1490.2 288.4 1492.9 274.8
1 0.62 1305.5 288.9 1292.3 294.2 1280.6 265.3 1293.8 260.0
1 0.61 1622.7 286.0 1622.9 300.7 1584.9 301.4 1584.6 286.7
1 0.54 1350.2 254.3 1340.5 265.5 1312.5 241.2 1322.2 230.0
1 0.46 1577.3 289.3 1576.7 301.6 1544.6 299.9 1545.3 287.6
1 0.43 1289.8 297.3 1302.6 299.8 1296.9 328.8 1284.1 326.3
1 0.41 1465.8 700.6 1476.3 709.4 1458.5 730.6 1448.0 721.8
1 0.37 1524.8 647.5 1534.0 661.2 1505.5 680.4 1496.3 666.7
1 0.65 1206.9 840.2 1220.5 844.1 1211.5 875.5 1197.9 871.6
1 0.64 962.7 1071.2 950.7 1079.5 930.9 1051.2 942.9 1042.9
1 0.63 860.7 1061.0 860.0 1075.6 825.6 1073.8 826.3 1059.2
1 0.61 1123.2 890.0 1137.6 894.1 1128.0 927.5 1113.6 923.4
1 0.61 1190.3 845.9 1201.6 854.8 1181.5 880.6 1170.2 871.7
1 0.57 977.0 1055.1 964.0 1063.2 945.4 1033.5 958.4 1025.4
1 0.52 1061.0 986.2 1064.6 998.0 1037.5 1006.3 1033.9 994.5
1 0.37 1250.7 833.1 1255.3 845.6 1227.5 855.7 1223.0 843.2
1 0.64 1206.4 840.2 1220.3 844.2 1211.4 875.3 1197.5 871.3
1 0.41 1524.2 646.8 1533.9 660.1 1506.2 680.2 1496.6 666.9
1 0.39 1465.8 700.7 1476.2 709.5 1458.5 730.6 1448.0 721.8
1 0.35 1566.9 627.5 1552.5 637.2 1527.7 600.4 1542.1 590.7
1 0.35 1250.8 833.1 1255.3 845.6 1227.6 855.7 1223.0 843.2
1 0.65 1206.9 840.3 1220.4 844.2 1211.6 875.2 1198.0 871.3
1 0.59 1190.2 846.1 1201.4 854.9 1181.3 880.6 1170.0 871.8
1 0.55 1305.6 288.9 1292.2 294.3 1280.5 265.2 1293.9 259.8
1 0.51 1350.4 254.3 1340.6 265.6 1312.4 241.2 1322.3 229.8
1 0.42 1250.4 833.5 1254.6 846.3 1226.5 855.4 1222.3 842.6
1 0.34 1289.7 297.3 1302.7 299.9 1297.1 329.0 1284.0 326.4
1 0.61 860.8 1060.9 860.0 1075.7 825.6 1073.9 826.3 1059.1
1 0.28 866.3 664.7 854.7 665.5 853.1 642.1 864.6 641.3
1 0.65 1206.9 840.2 1220.5 844.1 1211.5 875.5 1197.9 871.6
1 0.61 1123.2 890.0 1137.6 894.1 1128.0 927.6 1113.6 923.4
1 0.61 1190.3 845.9 1201.6 854.8 1181.5 880.6 1170.2 871.7
1 0.52 1061.0 986.2 1064.6 998.0 1037.5 1006.3 1033.9 994.5
1 0.44 1524.2 646.8 1533.8 660.1 1506.2 680.1 1496.6 666.9
1 0.43 1465.8 700.7 1476.3 709.4 1458.6 730.6 1448.1 721.8
1 0.4 1567.2 627.3 1552.9 637.3 1527.4 600.8 1541.7 590.9
1 0.38 1250.7 833.1 1255.3 845.6 1227.6 855.7 1223.0 843.2
1 0.67 1525.3 281.1 1522.6 294.7 1490.2 288.4 1492.9 274.8
1 0.65 1206.5 840.2 1220.3 844.1 1211.4 875.0 1197.6 871.1
1 0.61 1622.7 286.0 1622.9 300.7 1584.9 301.4 1584.6 286.6
1 0.56 1305.6 288.9 1292.2 294.3 1280.5 265.2 1293.9 259.8
1 0.52 1350.3 254.3 1340.5 265.6 1312.4 241.2 1322.2 229.9
1 0.46 1577.4 289.3 1576.7 301.6 1544.6 299.9 1545.3 287.6
1 0.41 1250.5 833.4 1254.7 846.3 1226.5 855.5 1222.2 842.5
1 0.38 1465.8 700.6 1476.3 709.4 1458.5 730.6 1448.0 721.8
1 0.37 1289.7 297.3 1302.7 299.9 1297.1 328.9 1284.0 326.4
1 0.32 1524.7 647.5 1534.0 661.3 1505.5 680.5 1496.2 666.7
1 0.43 1524.2 646.9 1533.8 660.1 1506.2 680.1 1496.6 666.9
1 0.43 1465.8 700.7 1476.3 709.4 1458.5 730.6 1448.1 721.8
1 0.35 1566.9 627.5 1552.5 637.1 1527.8 600.5 1542.1 590.8
1 0.67 1525.2 281.2 1522.6 294.7 1490.3 288.4 1492.9 274.9
1 0.61 1350.4 254.5 1340.3 265.7 1312.7 240.9 1322.9 229.7
1 0.61 1622.7 286.0 1622.9 300.7 1584.9 301.4 1584.7 286.7
1 0.6 1305.4 288.9 1292.3 294.2 1280.6 265.3 1293.7 260.0
1 0.44 1577.2 289.3 1576.6 301.5 1544.7 299.9 1545.3 287.7
1 0.41 1372.0 252.5 1364.2 261.5 1342.2 242.3 1350.0 233.4
1 0.39 1289.8 297.4 1302.5 299.8 1296.9 328.8 1284.2 326.3
