1 0.58 1366.8 940.2 1357.0 951.1 1330.1 926.9 1340.0 916.0
1 0.58 1323.1 973.5 1309.7 979.7 1296.2 950.6 1309.5 944.4
1 0.42 1591.7 975.2 1591.0 987.4 1558.5 985.7 1559.1 973.5
1 0.37 1538.2 968.8 1536.6 978.6 1507.0 973.9 1508.5 964.1
1 0.37 1306.9 984.2 1319.6 986.7 1314.6 1012.3 1302.0 1009.9
1 0.36 1388.0 937.6 1380.8 946.8 1358.6 929.4 1365.8 920.2
1 0.26 1273.9 949.7 1293.9 951.1 1291.0 993.4 1271.0 992.0
1 0.6 1323.0 973.5 1309.8 979.7 1296.2 950.6 1309.5 944.4
1 0.6 1366.7 940.5 1356.7 951.2 1330.3 926.6 1340.3 915.9
1 0.55 1636.2 971.8 1636.2 983.7 1603.4 983.7 1603.4 971.8
1 0.45 1591.0 975.3 1590.3 987.2 1558.3 985.5 1558.9 973.6
1 0.39 1307.0 984.2 1319.6 986.7 1314.6 1012.4 1302.0 1009.9
1 0.39 1388.0 937.6 1380.8 946.8 1358.7 929.5 1365.8 920.3
1 0.38 1538.1 968.8 1536.6 978.5 1507.0 973.9 1508.5 964.1
1 0.58 1323.1 973.5 1309.7 979.8 1296.1 950.6 1309.6 944.4
1 0.52 1366.2 939.4 1356.3 950.4 1330.0 926.7 1339.8 915.7
1 0.38 1307.0 984.2 1319.6 986.7 1314.6 1012.3 1302.0 1009.9
1 0.27 1274.0 949.8 1293.9 951.2 1290.9 993.2 1271.1 991.9
1 0.59 1366.6 940.5 1356.7 951.2 1330.3 926.6 1340.3 915.9
1 0.58 1323.1 973.5 1309.8 979.7 1296.2 950.6 1309.5 944.4
1 0.55 1636.2 971.8 1636.2 983.7 1603.3 983.7 1603.3 971.8
1 0.45 1590.9 975.3 1590.3 987.2 1558.3 985.5 1558.9 973.6
1 0.38 1538.1 968.8 1536.5 978.5 1507.0 973.8 1508.5 964.1
1 0.38 1307.0 984.2 1319.6 986.7 1314.6 1012.3 1302.0 1009.9
1 0.37 1388.1 937.6 1380.9 946.8 1358.6 929.4 1365.8 920.2
1 0.27 1274.0 949.9 1293.9 951.2 1290.9 993.2 1271.1 991.8
