1 0.61 1322.4 995.1 1309.7 1001.0 1296.4 972.4 1309.0 966.5
1 0.57 1366.3 962.9 1356.3 973.6 1330.2 949.2 1340.1 938.6
1 0.56 1635.7 994.5 1635.7 1006.6 1603.2 1006.6 1603.2 994.5
1 0.3 1387.0 960.3 1379.3 969.1 1358.3 950.9 1366.0 942.1
1 0.27 1307.4 1006.6 1319.8 1009.0 1314.8 1034.5 1302.5 1032.1
1 0.61 1322.4 995.1 1309.7 1001.1 1296.3 972.4 1309.0 966.4
1 0.54 1365.5 961.8 1355.8 972.6 1329.8 949.2 1339.5 938.4
1 0.3 1307.4 1006.6 1319.8 1009.0 1314.9 1034.5 1302.5 1032.1
1 0.61 1322.4 995.1 1309.7 1001.1 1296.3 972.4 1309.0 966.5
1 0.58 1366.3 962.9 1356.3 973.7 1330.2 949.3 1340.2 938.5
1 0.28 1387.0 960.3 1379.2 969.2 1358.3 950.9 1366.0 942.1
1 0.26 1307.4 1006.5 1319.8 1008.9 1314.9 1034.5 1302.4 1032.1
1 0.63 1322.3 995.1 1309.7 1000.9 1296.4 972.4 1309.0 966.6
1 0.59 1366.2 962.9 1356.3 973.5 1330.3 949.3 1340.2 938.6
1 0.55 1635.7 994.5 1635.7 1006.6 1603.2 1006.6 1603.2 994.5
1 0.31 1386.8 960.3 1379.3 969.0 1358.5 951.0 1366.1 942.3
1 0.31 1307.5 1006.6 1319.7 1009.0 1314.8 1034.4 1302.5 1032.0
