1 0.61 1322.2 971.7 1309.4 977.7 1295.7 948.3 1308.5 942.3
1 0.55 1365.3 938.0 1355.5 948.8 1329.3 925.3 1339.1 914.4
1 0.41 1306.7 982.5 1319.2 985.0 1314.0 1011.3 1301.6 1008.9
1 0.26 1273.5 948.8 1293.4 950.2 1290.5 992.3 1270.5 990.9
1 0.61 1322.2 971.7 1309.4 977.6 1295.7 948.4 1308.5 942.4
1 0.58 1365.8 939.1 1355.9 949.8 1329.7 925.3 1339.6 914.7
1 0.57 1635.5 970.2 1635.5 982.1 1603.4 982.1 1603.4 970.2
1 0.41 1306.7 982.6 1319.1 985.0 1314.0 1011.3 1301.6 1008.8
1 0.37 1590.5 974.3 1589.9 985.4 1557.4 983.7 1558.0 972.6
1 0.35 1387.1 937.2 1379.3 946.1 1357.8 927.4 1365.5 918.4
1 0.3 1537.2 967.9 1535.6 977.1 1506.7 972.0 1508.3 962.8
1 0.25 1273.5 948.9 1293.4 950.3 1290.5 992.3 1270.6 990.9
1 0.63 1322.0 971.6 1309.4 977.5 1295.8 948.4 1308.4 942.5
1 0.59 1365.8 939.1 1355.9 949.7 1329.8 925.3 1339.7 914.7
1 0.57 1635.5 970.2 1635.5 982.1 1603.4 982.1 1603.4 970.2
1 0.43 1306.7 982.6 1319.1 985.0 1313.9 1011.3 1301.6 1008.9
1 0.37 1387.0 937.2 1379.3 946.0 1357.9 927.4 1365.6 918.6
1 0.37 1590.5 974.3 1589.9 985.4 1557.4 983.7 1558.0 972.6
1 0.31 1537.2 967.9 1535.6 977.1 1506.7 972.0 1508.4 962.8
1 0.61 1322.1 971.7 1309.4 977.6 1295.7 948.4 1308.5 942.4
1 0.57 1365.9 939.1 1355.9 949.8 1329.7 925.3 1339.6 914.6
1 0.4 1306.7 982.5 1319.1 985.0 1314.0 1011.3 1301.5 1008.9
1 0.34 1591.2 974.3 1590.6 985.5 1557.7 983.8 1558.3 972.5
1 0.33 1387.1 937.1 1379.3 946.1 1357.7 927.3 1365.5 918.4
1 0.29 1537.3 967.9 1535.6 977.2 1506.7 972.1 1508.3 962.7
