1 0.59 1367.0 953.7 1356.8 964.6 1330.7 940.2 1340.8 929.3
1 0.58 1322.8 986.2 1310.1 992.1 1296.5 963.0 1309.2 957.1
1 0.28 1387.2 951.2 1379.7 959.9 1359.8 942.6 1367.4 933.9
1 0.27 1308.0 997.8 1320.1 1000.1 1315.2 1025.3 1303.2 1023.0
1 0.35 1653.6 59.3 1641.3 60.1 1639.3 31.5 1651.6 30.7
1 0.6 1636.1 984.5 1636.1 996.5 1603.5 996.5 1603.5 984.5
1 0.6 1366.9 953.7 1356.8 964.6 1330.7 940.2 1340.8 929.4
1 0.58 1322.8 986.2 1310.1 992.1 1296.6 963.1 1309.2 957.2
1 0.3 1387.2 951.2 1379.7 959.8 1359.9 942.6 1367.4 934.0
1 0.29 1308.1 997.9 1320.0 1000.2 1315.1 1025.2 1303.3 1022.9
1 0.58 1322.8 986.2 1310.1 992.1 1296.5 963.0 1309.2 957.1
1 0.54 1366.1 952.7 1356.3 963.5 1330.4 940.2 1340.1 929.4
1 0.29 1308.1 997.9 1320.0 1000.2 1315.2 1025.3 1303.2 1022.9
1 0.35 1653.6 59.3 1641.4 60.2 1639.4 31.5 1651.6 30.7
1 0.61 1322.7 986.2 1310.1 992.0 1296.6 963.0 1309.1 957.2
1 0.6 1366.9 953.7 1356.8 964.5 1330.8 940.2 1340.9 929.4
1 0.6 1636.1 984.4 1636.1 996.5 1603.5 996.5 1603.5 984.4
1 0.32 1308.1 997.8 1320.0 1000.2 1315.1 1025.2 1303.2 1022.9
1 0.32 1387.2 951.2 1379.7 959.8 1360.0 942.7 1367.4 934.1
