1 0.58 1000.0 406.5 1008.3 417.2 982.5 437.4 974.2 426.7
1 0.51 956.2 372.2 968.8 379.8 950.5 410.4 937.8 402.8
1 0.38 947.4 352.6 957.9 358.0 945.5 382.4 934.9 377.1
1 0.35 1039.5 406.4 1040.2 418.3 1013.1 419.8 1012.5 407.8
1 0.53 51.8 323.7 55.7 337.2 25.2 345.9 21.4 332.5
1 0.38 29.5 314.6 33.4 328.1 -0.6 337.8 -4.4 324.3
1 0.64 1868.4 681.0 1852.3 683.8 1846.4 650.3 1862.5 647.5
1 0.63 1868.7 442.6 1869.4 456.3 1835.8 458.0 1835.1 444.3
1 0.63 1833.7 548.1 1844.6 558.6 1820.0 584.1 1809.1 573.6
1 0.58 1888.7 462.0 1894.2 476.3 1861.3 489.0 1855.8 474.6
1 0.56 1814.7 539.5 1825.1 550.7 1799.9 574.3 1789.4 563.0
1 0.48 1910.7 579.0 1897.0 585.3 1883.6 556.6 1897.3 550.2
1 0.48 1753.8 489.8 1742.9 497.2 1728.2 475.3 1739.1 467.9
1 0.66 1868.3 680.9 1852.3 683.7 1846.5 650.4 1862.5 647.6
1 0.65 1587.0 354.0 1586.7 367.7 1553.3 367.1 1553.5 353.4
1 0.63 1833.8 548.0 1844.7 558.5 1820.0 584.1 1809.1 573.6
1 0.62 1658.0 422.4 1657.5 437.2 1621.5 436.0 1622.0 421.1
1 0.62 1868.5 442.4 1869.3 456.2 1835.7 458.0 1835.0 444.1
1 0.62 1599.3 381.0 1593.9 394.5 1563.1 382.1 1568.6 368.6
1 0.56 1888.9 462.0 1894.4 476.3 1861.4 489.0 1855.9 474.7
1 0.55 1814.6 539.4 1825.2 550.8 1799.8 574.4 1789.2 563.1
1 0.48 1910.7 579.0 1897.1 585.3 1883.7 556.6 1897.3 550.3
1 0.45 1753.9 489.8 1743.0 497.2 1728.1 475.2 1739.1 467.8
1 0.43 1563.3 342.5 1552.2 350.6 1534.8 326.6 1545.9 318.6
1 0.61 953.8 226.0 940.4 226.7 938.7 193.9 952.1 193.2
1 0.6 952.1 170.5 938.9 172.6 933.9 140.8 947.0 138.7
1 0.6 943.3 129.0 929.3 133.3 918.5 97.7 932.5 93.4
1 0.58 1000.0 406.5 1008.3 417.2 982.5 437.4 974.2 426.7
1 0.51 956.2 372.2 968.8 379.8 950.5 410.3 937.9 402.8
1 0.36 947.4 352.6 957.9 358.0 945.4 382.5 934.9 377.1
1 0.35 1039.5 406.4 1040.1 418.3 1013.1 419.7 1012.5 407.8
1 0.26 1327.5 111.4 1317.0 125.4 1288.9 104.2 1299.4 90.2
1 0.58 1000.0 406.5 1008.4 417.2 982.5 437.4 974.2 426.7
1 0.52 956.2 372.2 968.9 379.8 950.5 410.4 937.8 402.8
1 0.39 1039.6 406.4 1040.2 418.4 1013.1 419.8 1012.5 407.8
1 0.37 947.4 352.6 957.9 358.0 945.5 382.4 934.9 377.1
1 0.61 953.8 226.0 940.5 226.7 938.7 194.0 952.1 193.3
1 0.6 943.3 128.9 929.3 133.2 918.5 97.8 932.5 93.5
1 0.6 952.1 170.5 938.9 172.6 933.9 140.8 947.1 138.7
1 0.58 1000.0 406.5 1008.4 417.2 982.5 437.4 974.1 426.7
1 0.51 956.2 372.2 968.8 379.8 950.5 410.3 937.9 402.8
1 0.39 1039.6 406.4 1040.2 418.3 1013.1 419.8 1012.5 407.8
1 0.36 947.4 352.6 958.0 358.0 945.5 382.5 934.9 377.1
1 0.65 1586.9 354.0 1586.6 367.7 1553.3 367.1 1553.5 353.4
1 0.61 1599.2 381.4 1593.6 394.7 1563.2 381.9 1568.9 368.5
1 0.57 1000.0 406.4 1008.5 417.2 982.5 437.5 974.1 426.7
1 0.47 1563.2 342.5 1552.2 350.5 1534.9 326.6 1545.9 318.6
1 0.34 1039.6 406.3 1040.3 418.4 1013.1 419.8 1012.4 407.8
1 0.27 1029.1 433.8 1032.6 451.9 989.7 460.2 986.2 442.2
1 0.64 1587.0 354.0 1586.7 367.7 1553.3 367.1 1553.6 353.4
1 0.62 1658.0 422.4 1657.5 437.2 1621.5 436.0 1622.0 421.1
1 0.61 1833.3 548.6 1844.1 559.0 1819.8 584.1 1809.0 573.7
1 0.61 1599.5 380.6 1593.8 394.7 1563.0 382.2 1568.7 368.2
1 0.56 1814.6 539.5 1825.1 550.8 1799.8 574.4 1789.3 563.1
1 0.55 1388.3 147.2 1382.7 160.2 1354.0 148.0 1359.5 135.0
1 0.47 1753.9 489.8 1743.0 497.2 1728.1 475.2 1739.1 467.8
1 0.39 1563.0 343.3 1551.5 351.0 1534.9 326.4 1546.4 318.7
1 0.34 1327.3 111.5 1317.0 125.2 1289.3 104.3 1299.6 90.6
1 0.61 1833.3 548.5 1844.2 559.0 1819.9 584.1 1809.1 573.6
1 0.57 1814.7 539.5 1825.1 550.7 1799.9 574.3 1789.4 563.0
1 0.48 1753.8 489.8 1742.9 497.2 1728.1 475.3 1739.0 467.9
1 0.64 1587.0 354.0 1586.7 367.7 1553.3 367.2 1553.5 353.4
1 0.63 1833.8 548.0 1844.7 558.5 1820.0 584.1 1809.1 573.6
1 0.62 1658.0 422.4 1657.5 437.2 1621.4 436.0 1622.0 421.1
1 0.62 1868.5 442.4 1869.3 456.2 1835.7 458.0 1835.0 444.1
1 0.62 1599.3 381.0 1593.9 394.5 1563.1 382.1 1568.5 368.6
1 0.56 1888.9 462.0 1894.4 476.3 1861.3 489.0 1855.8 474.7
1 0.55 1814.6 539.5 1825.1 550.8 1799.8 574.4 1789.3 563.1
1 0.54 1388.3 147.2 1382.8 160.2 1354.0 148.0 1359.5 135.0
1 0.49 1910.6 579.0 1897.1 585.3 1883.7 556.6 1897.3 550.3
1 0.47 1753.9 489.8 1743.0 497.2 1728.2 475.2 1739.1 467.9
1 0.44 1563.3 342.5 1552.2 350.6 1534.8 326.6 1545.9 318.6
1 0.4 1327.3 111.6 1317.0 125.2 1289.2 104.2 1299.5 90.6
1 0.65 1586.9 354.0 1586.6 367.7 1553.2 367.1 1553.5 353.4
1 0.61 1599.2 381.4 1593.6 394.7 1563.2 381.9 1568.9 368.5
1 0.56 1000.0 406.4 1008.5 417.2 982.5 437.5 974.0 426.7
1 0.54 1388.3 147.2 1382.8 160.2 1354.0 148.0 1359.5 135.0
1 0.48 1563.2 342.5 1552.2 350.5 1534.9 326.6 1545.9 318.6
1 0.37 1327.3 111.5 1317.0 125.1 1289.4 104.3 1299.7 90.7
1 0.36 1039.6 406.3 1040.2 418.4 1013.1 419.8 1012.5 407.7
1 0.27 1261.5 65.6 1274.9 77.3 1243.6 113.3 1230.2 101.6
1 0.53 51.8 323.7 55.7 337.1 25.2 345.9 21.4 332.5
1 0.39 29.6 314.5 33.5 328.1 -0.6 337.9 -4.5 324.3
1 0.64 1587.0 354.0 1586.7 367.7 1553.3 367.1 1553.6 353.4
1 0.62 1658.0 422.4 1657.5 437.2 1621.5 436.0 1622.0 421.1
1 0.62 1599.3 381.0 1593.9 394.5 1563.2 382.1 1568.6 368.6
1 0.61 1833.3 548.5 1844.1 559.0 1819.8 584.1 1809.0 573.7
1 0.56 1814.6 539.5 1825.1 550.8 1799.8 574.4 1789.2 563.1
1 0.45 1753.9 489.8 1743.0 497.2 1728.1 475.2 1739.1 467.8
1 0.38 1563.0 343.2 1551.5 351.0 1535.0 326.4 1546.4 318.7
