1 0.59 1393.3 564.0 1388.0 576.7 1358.5 564.2 1363.9 551.5
1 0.49 1331.7 527.8 1322.2 540.5 1294.1 519.3 1303.7 506.7
1 0.65 1835.2 960.1 1846.5 970.6 1823.2 995.5 1812.0 985.1
1 0.64 1591.0 767.9 1590.7 782.0 1557.1 781.4 1557.4 767.3
1 0.63 1661.7 836.1 1661.2 851.8 1624.7 850.6 1625.2 834.9
1 0.61 1603.1 795.5 1597.8 809.5 1566.7 797.5 1572.0 783.6
1 0.58 1393.4 564.1 1388.0 576.7 1358.4 564.2 1363.8 551.5
1 0.55 1871.1 854.4 1871.6 868.4 1839.0 869.6 1838.5 855.6
1 0.54 1887.9 875.2 1893.2 889.9 1860.5 901.8 1855.2 887.1
1 0.53 1914.3 989.6 1900.9 997.1 1884.9 968.2 1898.3 960.8
1 0.51 1816.0 950.9 1827.4 962.3 1803.1 986.6 1791.7 975.2
1 0.5 1331.7 527.8 1322.2 540.3 1294.3 519.3 1303.8 506.8
1 0.45 1566.4 756.5 1555.5 764.4 1538.6 741.0 1549.4 733.2
1 0.44 1755.7 901.5 1745.3 909.0 1730.2 888.2 1740.6 880.7
1 0.43 1627.0 814.8 1624.9 828.0 1594.5 823.2 1596.6 810.0
1 0.35 1871.9 1091.8 1854.7 1096.1 1846.1 1061.5 1863.3 1057.3
1 0.65 1590.9 767.9 1590.6 782.1 1557.0 781.5 1557.3 767.3
1 0.63 1004.1 824.5 1012.7 835.5 987.5 855.2 978.9 844.2
1 0.57 1393.3 564.0 1388.0 576.7 1358.5 564.1 1363.9 551.5
1 0.52 1606.4 796.5 1600.5 811.2 1566.4 797.4 1572.4 782.7
1 0.45 1566.4 756.4 1555.5 764.3 1538.5 740.9 1549.4 733.0
1 0.41 1044.0 824.0 1045.2 836.8 1017.3 839.2 1016.2 826.5
1 0.4 1331.7 527.8 1322.2 540.4 1294.4 519.4 1303.9 506.9
1 0.25 1026.6 854.7 1031.4 872.6 994.4 882.5 989.6 864.6
1 0.64 947.6 545.8 933.4 550.1 923.2 516.8 937.4 512.5
1 0.63 958.6 643.5 945.4 644.2 943.6 611.7 956.9 611.0
1 0.63 1004.0 824.7 1012.5 835.5 987.5 855.1 979.0 844.2
1 0.6 956.9 588.2 943.9 590.3 938.8 558.3 951.9 556.3
1 0.57 960.7 791.3 973.5 799.0 955.4 829.3 942.5 821.5
1 0.49 953.2 771.6 963.9 777.0 951.0 802.4 940.2 796.9
1 0.37 1044.1 824.2 1045.2 836.8 1017.3 839.2 1016.2 826.6
1 0.31 1331.8 527.7 1322.2 540.5 1294.3 519.4 1303.9 506.6
1 0.65 1590.9 767.9 1590.7 782.1 1557.1 781.5 1557.3 767.3
1 0.63 1661.7 836.2 1661.2 851.9 1624.7 850.6 1625.2 835.0
1 0.62 1603.1 795.5 1597.8 809.5 1566.7 797.5 1572.1 783.6
1 0.58 1393.3 564.0 1388.0 576.7 1358.5 564.1 1363.8 551.5
1 0.42 1627.1 814.7 1625.0 828.0 1594.6 823.2 1596.7 809.9
1 0.4 1566.4 756.4 1555.5 764.4 1538.4 740.9 1549.4 733.0
1 0.4 1331.7 527.8 1322.2 540.4 1294.4 519.5 1303.9 506.8
1 0.58 1393.3 564.0 1388.0 576.6 1358.5 564.1 1363.9 551.5
1 0.41 1331.7 527.8 1322.3 540.4 1294.4 519.5 1303.9 506.9
1 0.64 1590.9 768.0 1590.7 782.0 1557.2 781.4 1557.4 767.4
1 0.63 1661.7 836.1 1661.2 851.8 1624.7 850.6 1625.2 834.9
1 0.62 1835.0 960.6 1846.1 970.9 1823.0 995.6 1811.9 985.3
1 0.6 1603.1 795.5 1597.8 809.5 1566.7 797.6 1572.0 783.6
1 0.58 1393.4 564.1 1388.0 576.7 1358.5 564.1 1363.8 551.6
1 0.51 1816.0 950.9 1827.3 962.3 1803.0 986.7 1791.6 975.3
1 0.45 1755.7 901.5 1745.3 909.0 1730.2 888.2 1740.6 880.7
1 0.44 1566.3 756.5 1555.5 764.4 1538.6 741.0 1549.4 733.2
1 0.44 1627.0 814.8 1624.9 828.0 1594.6 823.2 1596.7 810.0
1 0.44 1331.7 527.8 1322.3 540.3 1294.6 519.4 1304.0 507.0
1 0.64 947.6 545.8 933.4 550.2 923.2 516.8 937.4 512.4
1 0.63 1003.9 824.8 1012.8 835.7 987.8 856.0 978.9 845.0
1 0.63 958.6 643.5 945.4 644.1 943.7 611.6 956.9 610.9
1 0.59 956.9 588.2 943.8 590.3 938.8 558.2 951.9 556.2
1 0.59 960.7 791.3 973.5 799.0 955.4 829.2 942.6 821.5
1 0.48 953.2 771.5 963.9 777.0 950.9 802.5 940.2 797.0
1 0.42 1044.1 824.1 1045.2 836.8 1017.3 839.2 1016.2 826.5
1 0.57 56.9 734.3 61.6 747.3 29.9 758.8 25.2 745.8
1 0.53 34.9 726.3 38.2 738.7 6.5 747.2 3.1 734.8
1 0.48 24.9 749.7 26.0 763.0 -4.7 765.7 -5.9 752.4
1 0.64 947.6 546.1 933.7 550.3 923.4 516.8 937.3 512.5
1 0.64 958.6 643.5 945.4 644.2 943.7 611.7 956.9 611.0
1 0.63 1004.0 824.6 1012.5 835.6 987.5 855.1 979.0 844.2
1 0.6 956.9 588.1 944.0 590.2 938.9 558.3 951.8 556.3
1 0.57 960.7 791.3 973.5 799.0 955.3 829.3 942.5 821.5
1 0.48 953.2 771.6 963.9 777.0 951.0 802.4 940.2 796.9
1 0.39 1044.1 824.2 1045.2 836.8 1017.2 839.2 1016.1 826.6
1 0.58 56.9 734.3 61.6 747.1 30.0 758.7 25.3 745.8
1 0.56 35.1 726.3 38.4 738.6 6.6 747.1 3.3 734.8
1 0.48 24.9 749.7 26.0 763.1 -4.7 765.7 -5.9 752.4
1 0.64 947.6 545.9 933.4 550.2 923.2 516.7 937.4 512.4
1 0.63 1004.1 824.6 1012.6 835.5 987.5 855.2 978.9 844.2
1 0.63 958.6 643.5 945.3 644.2 943.6 611.6 956.9 610.9
1 0.59 956.9 588.2 943.8 590.3 938.7 558.3 951.9 556.2
1 0.59 960.7 791.3 973.5 799.0 955.4 829.2 942.6 821.5
1 0.49 953.2 771.5 963.9 777.0 950.9 802.5 940.2 797.0
1 0.4 1044.0 824.1 1045.1 836.8 1017.4 839.2 1016.3 826.5
1 0.33 1331.8 527.8 1322.3 540.5 1294.3 519.4 1303.9 506.7
1 0.64 947.6 545.9 933.4 550.2 923.2 516.8 937.4 512.4
1 0.59 957.0 588.2 943.8 590.3 938.7 558.2 951.9 556.2
1 0.52 958.5 643.1 945.2 643.8 943.5 611.3 956.8 610.6
1 0.31 1331.2 528.4 1321.2 540.8 1294.2 518.9 1304.3 506.5
1 0.65 1590.9 768.0 1590.6 782.0 1557.1 781.4 1557.4 767.4
1 0.62 1004.0 824.6 1012.6 835.6 987.5 855.2 978.9 844.2
1 0.57 1393.4 564.1 1388.1 576.7 1358.5 564.2 1363.8 551.5
1 0.52 1606.2 796.5 1600.3 811.0 1566.5 797.4 1572.4 782.8
1 0.48 1566.3 756.5 1555.5 764.3 1538.6 741.0 1549.4 733.1
1 0.45 1331.7 527.8 1322.2 540.3 1294.6 519.4 1304.0 506.9
1 0.37 1044.1 824.1 1045.2 836.8 1017.2 839.3 1016.1 826.6
1 0.64 947.6 545.8 933.4 550.2 923.2 516.8 937.4 512.4
1 0.59 956.9 588.2 943.9 590.3 938.8 558.2 951.9 556.2
1 0.52 958.5 643.0 945.3 643.7 943.6 611.3 956.8 610.6
1 0.65 1591.0 767.9 1590.7 782.1 1557.0 781.5 1557.3 767.3
1 0.63 1661.7 836.2 1661.1 851.9 1624.7 850.6 1625.2 834.9
1 0.62 1603.2 795.5 1597.8 809.5 1566.7 797.5 1572.1 783.6
1 0.58 1393.3 564.0 1388.0 576.7 1358.5 564.1 1363.8 551.5
1 0.51 1871.4 854.4 1871.8 868.4 1839.0 869.6 1838.6 855.5
1 0.47 1331.7 527.8 1322.2 540.4 1294.2 519.3 1303.7 506.7
1 0.42 1566.4 756.4 1555.5 764.4 1538.5 740.9 1549.4 733.0
1 0.42 1627.1 814.7 1625.0 828.1 1594.5 823.2 1596.6 809.8
1 0.58 1393.3 564.0 1388.0 576.7 1358.5 564.2 1363.9 551.5
1 0.44 1331.7 527.8 1322.2 540.4 1294.4 519.5 1303.9 506.9
