1 0.44 1041.9 513.3 1053.6 517.5 1042.4 548.1 1030.8 543.9
1 0.27 1066.3 445.1 1077.9 450.5 1063.9 480.6 1052.2 475.2
1 0.26 1007.5 608.6 1022.0 612.2 1012.4 650.9 997.9 647.3
1 0.61 1551.5 295.0 1545.0 308.3 1514.7 293.5 1521.2 280.2
1 0.57 1598.8 312.9 1594.5 326.0 1563.3 315.9 1567.5 302.8
1 0.44 1077.6 409.4 1089.0 413.8 1078.2 442.0 1066.8 437.6
1 0.43 1042.0 513.3 1053.6 517.6 1042.5 548.0 1030.9 543.8
1 0.4 1453.0 243.8 1450.2 258.1 1421.1 252.4 1423.9 238.1
1 0.27 1007.4 609.4 1021.8 612.9 1012.3 650.8 998.0 647.2
1 0.67 1818.8 662.5 1825.5 674.5 1798.0 689.8 1791.3 677.7
1 0.6 1835.6 646.0 1823.6 652.9 1807.3 624.7 1819.3 617.7
1 0.59 1886.9 762.5 1878.5 773.1 1853.8 753.8 1862.1 743.2
1 0.41 1784.0 685.9 1789.0 695.8 1764.4 708.3 1759.4 698.4
1 0.33 1777.4 431.7 1785.1 443.1 1759.5 460.4 1751.8 448.9
1 0.67 1819.4 662.7 1825.7 675.1 1797.5 689.5 1791.2 677.1
1 0.61 1765.9 397.8 1773.0 410.6 1743.7 426.9 1736.6 414.0
1 0.61 1551.5 295.0 1545.0 308.3 1514.6 293.5 1521.1 280.2
1 0.6 1835.8 646.1 1823.6 653.1 1807.2 624.7 1819.4 617.6
1 0.59 1886.9 762.5 1878.6 773.2 1853.8 753.8 1862.1 743.2
1 0.56 1598.3 313.2 1593.9 326.2 1563.2 315.6 1567.7 302.7
1 0.52 1778.0 431.2 1785.8 442.9 1759.6 460.6 1751.8 448.9
1 0.47 1618.8 392.0 1628.0 403.3 1601.6 424.7 1592.4 413.3
1 0.41 1757.3 380.3 1763.0 391.4 1740.1 403.0 1734.5 391.9
1 0.41 1453.0 243.8 1450.3 258.1 1421.1 252.4 1423.9 238.1
1 0.4 1783.9 685.1 1789.0 695.1 1764.6 707.5 1759.5 697.5
1 0.46 1077.6 409.4 1089.1 413.8 1078.2 442.1 1066.7 437.7
1 0.44 1042.0 513.4 1053.5 517.6 1042.4 548.0 1030.9 543.8
1 0.28 1066.5 446.5 1077.3 451.7 1063.4 480.1 1052.6 474.9
1 0.67 1818.9 662.5 1825.6 674.5 1798.0 689.8 1791.3 677.7
1 0.59 1835.4 645.7 1823.5 652.6 1807.4 624.6 1819.3 617.7
1 0.38 1783.9 686.0 1788.9 695.8 1764.4 708.3 1759.5 698.4
1 0.35 1777.5 431.7 1785.1 443.1 1759.6 460.3 1751.9 448.9
1 0.62 1421.9 163.4 1421.1 178.5 1386.6 176.7 1387.4 161.6
1 0.61 1765.9 397.8 1773.0 410.6 1743.7 426.8 1736.6 414.0
1 0.58 1551.5 295.0 1545.0 308.4 1514.6 293.5 1521.1 280.2
1 0.55 1598.3 313.2 1593.8 326.1 1563.3 315.6 1567.7 302.7
1 0.49 1777.9 431.2 1785.8 442.9 1759.6 460.6 1751.7 448.9
1 0.47 1618.8 392.0 1628.0 403.3 1601.6 424.6 1592.5 413.3
1 0.41 1453.4 243.2 1451.0 258.0 1421.1 253.3 1423.5 238.4
1 0.4 1757.3 380.4 1762.9 391.4 1740.2 402.9 1734.6 391.9
1 0.29 1836.1 646.6 1822.2 654.3 1805.8 624.7 1819.7 617.1
1 0.43 1042.0 513.4 1053.5 517.6 1042.4 548.1 1030.8 543.9
1 0.27 1066.6 445.8 1077.7 451.2 1063.5 480.3 1052.4 474.9
1 0.46 1077.6 409.4 1089.0 413.8 1078.2 442.0 1066.8 437.6
1 0.43 1042.0 513.4 1053.6 517.6 1042.5 548.0 1030.9 543.8
1 0.27 1066.5 446.5 1077.2 451.8 1063.4 480.1 1052.6 474.9
1 0.62 1421.9 163.4 1421.1 178.5 1386.6 176.6 1387.4 161.6
1 0.6 1765.9 397.7 1773.0 410.6 1743.7 426.9 1736.5 414.0
1 0.6 1551.5 295.0 1545.0 308.3 1514.7 293.5 1521.1 280.2
1 0.56 1598.2 313.2 1593.8 326.1 1563.3 315.6 1567.7 302.7
1 0.49 1778.0 431.2 1785.8 442.9 1759.6 460.6 1751.7 448.9
1 0.46 1618.8 392.0 1627.9 403.3 1601.6 424.6 1592.5 413.3
1 0.43 1860.6 221.9 1867.9 237.0 1831.1 255.0 1823.7 239.8
1 0.4 1453.4 243.2 1451.0 258.0 1421.1 253.3 1423.5 238.4
1 0.36 1757.3 380.3 1762.9 391.3 1740.1 403.0 1734.5 391.9
1 0.29 1836.5 646.2 1822.9 654.3 1805.4 625.3 1819.0 617.1
1 0.67 1819.4 662.7 1825.7 675.1 1797.6 689.5 1791.2 677.1
1 0.62 1765.9 397.8 1773.0 410.6 1743.7 426.8 1736.6 414.0
1 0.6 1835.6 645.9 1823.6 652.8 1807.3 624.6 1819.3 617.7
1 0.6 1551.5 295.0 1545.0 308.3 1514.6 293.5 1521.1 280.2
1 0.56 1598.3 313.2 1593.9 326.1 1563.3 315.6 1567.7 302.7
1 0.52 1778.0 431.3 1785.8 442.9 1759.6 460.5 1751.8 448.9
1 0.47 1618.8 392.0 1627.9 403.3 1601.6 424.6 1592.4 413.3
1 0.42 1757.3 380.4 1762.9 391.3 1740.2 402.9 1734.6 391.9
1 0.42 1453.0 243.8 1450.2 258.1 1421.1 252.4 1423.9 238.1
1 0.39 1783.8 685.2 1788.8 695.1 1764.6 707.5 1759.5 697.5
1 0.42 1077.6 409.4 1089.0 413.8 1078.1 442.1 1066.7 437.7
1 0.42 1042.0 513.4 1053.5 517.6 1042.4 548.0 1030.9 543.8
1 0.42 1041.9 513.3 1053.5 517.6 1042.4 548.1 1030.8 543.9
1 0.62 1421.9 163.4 1421.1 178.5 1386.6 176.6 1387.4 161.6
1 0.6 1551.4 295.0 1545.0 308.3 1514.7 293.5 1521.2 280.3
1 0.57 1598.7 312.9 1594.5 325.9 1563.4 315.8 1567.6 302.8
1 0.44 1077.6 409.4 1089.0 413.8 1078.2 442.1 1066.7 437.7
1 0.43 1042.0 513.4 1053.5 517.6 1042.4 548.0 1030.9 543.8
1 0.39 1453.4 243.2 1451.0 258.0 1421.1 253.3 1423.5 238.4
1 0.25 1066.5 446.5 1077.3 451.7 1063.4 480.1 1052.6 474.9
1 0.41 1042.0 513.4 1053.6 517.6 1042.5 548.1 1030.9 543.9
1 0.41 1077.6 409.4 1089.0 413.7 1078.1 442.0 1066.7 437.7
