1 0.64 1819.5 780.5 1826.3 792.8 1798.5 808.2 1791.8 795.9
1 0.63 1766.7 516.2 1773.9 528.6 1745.7 544.9 1738.5 532.5
1 0.62 1887.3 880.4 1878.9 891.1 1853.8 871.5 1862.2 860.8
1 0.55 1837.5 764.2 1825.0 771.7 1807.5 742.6 1820.0 735.0
1 0.51 1780.5 549.5 1788.2 561.4 1760.9 579.1 1753.2 567.2
1 0.5 1619.6 509.8 1629.5 521.6 1603.4 543.5 1593.6 531.7
1 0.48 1784.6 803.5 1789.8 813.6 1765.8 825.9 1760.6 815.8
1 0.38 1759.7 498.3 1765.4 509.4 1742.2 521.2 1736.5 510.1
1 0.35 1078.4 529.5 1089.6 533.8 1079.2 560.9 1068.0 556.6
1 0.3 1066.9 566.1 1078.4 571.4 1065.0 600.1 1053.5 594.7
1 0.61 1423.3 282.0 1422.5 297.0 1388.1 295.2 1388.9 280.2
1 0.59 1552.6 414.7 1545.8 427.6 1516.1 411.7 1522.9 398.9
1 0.54 1599.2 431.7 1595.1 444.3 1564.6 434.4 1568.7 421.8
1 0.34 1078.4 529.6 1089.5 533.8 1079.1 560.9 1068.0 556.6
1 0.33 1454.5 361.1 1452.3 376.3 1422.5 372.1 1424.6 356.9
1 0.28 1066.9 566.1 1078.3 571.4 1065.0 600.0 1053.6 594.7
1 0.49 1042.6 633.1 1054.6 636.9 1044.8 667.1 1032.8 663.2
1 0.34 1078.5 529.4 1089.6 533.7 1079.2 560.9 1068.0 556.7
1 0.29 1066.9 566.0 1078.4 571.3 1065.0 600.0 1053.5 594.7
1 0.6 1423.3 281.9 1422.5 297.1 1388.1 295.3 1388.9 280.1
1 0.59 1552.6 414.7 1545.8 427.6 1516.1 411.8 1522.9 398.9
1 0.54 1599.2 431.6 1595.1 444.3 1564.6 434.4 1568.7 421.7
1 0.51 1042.6 633.1 1054.6 637.0 1044.8 667.2 1032.8 663.2
1 0.33 1078.4 529.5 1089.6 533.8 1079.1 561.0 1068.0 556.7
1 0.32 1454.5 361.1 1452.3 376.3 1422.5 372.1 1424.7 356.9
1 0.26 1007.8 730.4 1022.0 734.0 1013.1 769.9 998.9 766.3
1 0.26 1066.9 565.9 1078.4 571.3 1065.0 600.1 1053.5 594.7
1 0.64 1766.8 516.2 1773.9 528.5 1745.7 544.8 1738.6 532.4
1 0.62 1423.2 282.0 1422.5 297.0 1388.1 295.2 1388.9 280.2
1 0.59 1552.6 414.7 1545.8 427.6 1516.0 411.8 1522.9 398.9
1 0.55 1598.6 431.6 1594.5 444.1 1564.6 434.4 1568.7 421.9
1 0.55 1618.8 510.4 1629.1 521.8 1604.1 544.2 1593.9 532.8
1 0.54 1780.3 549.0 1788.4 560.9 1761.2 579.2 1753.2 567.3
1 0.43 1759.8 498.1 1765.6 509.4 1742.3 521.3 1736.6 510.0
1 0.34 1454.5 361.1 1452.3 376.3 1422.5 372.1 1424.6 356.9
1 0.64 1819.6 780.6 1826.4 792.7 1798.6 808.1 1791.8 796.0
1 0.64 1766.8 516.1 1773.9 528.5 1745.7 544.8 1738.6 532.4
1 0.61 1423.3 282.0 1422.5 297.0 1388.1 295.2 1388.9 280.2
1 0.58 1552.6 414.7 1545.8 427.6 1516.0 411.8 1522.9 398.9
1 0.57 1836.4 763.5 1824.3 770.4 1807.7 741.7 1819.8 734.7
1 0.55 1598.6 431.6 1594.5 444.1 1564.6 434.4 1568.6 421.9
1 0.55 1780.3 549.1 1788.3 560.9 1761.3 579.2 1753.3 567.3
1 0.54 1618.9 510.1 1628.9 521.5 1603.6 543.5 1593.6 532.1
1 0.46 1785.4 803.5 1790.5 813.4 1766.1 825.8 1761.0 815.9
1 0.44 1759.9 498.1 1765.6 509.5 1742.3 521.3 1736.5 510.0
1 0.3 1454.5 361.1 1452.3 376.3 1422.5 372.1 1424.6 356.9
1 0.5 1042.6 633.1 1054.6 637.1 1044.8 667.2 1032.8 663.3
1 0.32 1078.4 529.5 1089.5 533.8 1079.1 560.9 1068.0 556.7
1 0.25 1066.9 566.1 1078.4 571.4 1065.0 600.1 1053.6 594.7
1 0.64 1819.5 780.5 1826.3 792.8 1798.6 808.2 1791.8 795.9
1 0.64 1766.7 516.2 1773.9 528.6 1745.7 544.9 1738.5 532.5
1 0.56 1836.5 763.6 1824.4 770.6 1807.7 741.6 1819.8 734.7
1 0.53 1619.0 510.1 1629.0 521.5 1603.6 543.6 1593.7 532.2
1 0.52 1780.5 549.5 1788.3 561.4 1761.0 579.1 1753.2 567.2
1 0.47 1784.6 803.6 1789.8 813.7 1765.8 825.9 1760.7 815.8
1 0.42 1759.7 498.3 1765.4 509.4 1742.2 521.2 1736.6 510.1
1 0.33 1078.4 529.6 1089.5 533.8 1079.1 560.9 1068.0 556.6
1 0.5 1042.6 633.1 1054.5 637.0 1044.8 667.1 1032.8 663.2
1 0.37 1078.4 529.4 1089.7 533.7 1079.2 561.0 1068.0 556.7
1 0.33 1066.9 565.9 1078.4 571.3 1065.0 600.0 1053.5 594.6
1 0.26 1007.7 731.4 1021.7 734.9 1013.0 769.6 999.1 766.1
1 0.64 1819.6 780.5 1826.4 792.7 1798.6 808.1 1791.8 796.0
1 0.63 1766.8 516.1 1773.9 528.5 1745.7 544.8 1738.6 532.4
1 0.61 1423.3 281.9 1422.5 297.1 1388.1 295.3 1388.9 280.1
1 0.59 1552.6 414.7 1545.8 427.6 1516.0 411.8 1522.9 398.9
1 0.56 1836.7 763.6 1824.4 770.7 1807.6 741.7 1819.9 734.6
1 0.55 1598.6 431.6 1594.5 444.1 1564.6 434.4 1568.6 421.9
1 0.54 1619.1 510.5 1629.2 522.1 1603.8 544.1 1593.7 532.5
1 0.53 1780.3 549.1 1788.3 560.9 1761.2 579.1 1753.3 567.3
1 0.47 1785.5 803.4 1790.6 813.4 1766.1 825.9 1761.0 815.9
1 0.4 1863.0 340.0 1870.1 354.5 1833.8 372.2 1826.7 357.7
1 0.4 1759.9 498.1 1765.7 509.5 1742.3 521.4 1736.5 510.0
1 0.35 1887.6 878.4 1879.7 890.1 1853.8 872.6 1861.7 861.0
1 0.32 1454.5 361.1 1452.3 376.3 1422.5 372.1 1424.7 356.9
1 0.51 1042.6 633.1 1054.6 637.1 1044.8 667.2 1032.8 663.3
1 0.36 1078.4 529.5 1089.6 533.8 1079.2 561.0 1068.0 556.7
1 0.29 1066.9 566.0 1078.4 571.4 1065.0 600.1 1053.5 594.7
1 0.64 1766.8 516.2 1773.9 528.5 1745.7 544.8 1738.6 532.4
1 0.61 1423.3 282.0 1422.5 297.0 1388.1 295.2 1388.9 280.2
1 0.59 1552.6 414.7 1545.8 427.6 1516.0 411.8 1522.9 398.9
1 0.55 1598.6 431.6 1594.5 444.1 1564.6 434.4 1568.7 421.9
1 0.55 1780.3 549.0 1788.3 560.9 1761.2 579.2 1753.2 567.3
1 0.54 1618.8 510.4 1629.0 521.8 1604.1 544.2 1593.9 532.8
1 0.43 1863.0 340.0 1870.1 354.5 1833.9 372.2 1826.8 357.6
1 0.42 1759.9 498.0 1765.7 509.5 1742.3 521.4 1736.5 510.0
1 0.34 1454.5 361.1 1452.3 376.3 1422.5 372.1 1424.6 356.9
1 0.5 1042.6 633.0 1054.6 636.9 1044.8 667.1 1032.8 663.2
1 0.35 1078.4 529.4 1089.6 533.7 1079.2 560.9 1068.0 556.7
1 0.31 1066.9 565.9 1078.4 571.3 1065.0 600.0 1053.5 594.6
1 0.29 1007.7 731.2 1021.8 734.7 1013.1 769.7 999.0 766.1
