1 0.64 1592.3 571.7 1593.6 584.3 1561.4 587.7 1560.1 575.1
1 0.59 1079.5 653.1 1081.9 665.8 1049.2 672.2 1046.7 659.5
1 0.58 1331.2 525.0 1333.5 537.1 1301.6 543.3 1299.3 531.1
1 0.57 992.8 657.2 995.3 670.2 963.8 676.3 961.3 663.4
1 0.56 1238.0 541.2 1239.8 553.6 1209.3 557.9 1207.5 545.5
1 0.65 1701.5 559.9 1694.2 573.8 1662.8 557.1 1670.2 543.2
1 0.64 1592.1 571.8 1593.5 584.4 1561.4 587.7 1560.1 575.1
1 0.58 1331.3 524.9 1333.7 537.2 1301.7 543.4 1299.3 531.1
1 0.52 1752.4 555.1 1754.3 570.7 1720.3 574.9 1718.4 559.2
1 0.49 1834.6 810.6 1830.3 825.8 1791.9 814.8 1796.3 799.6
1 0.63 800.5 514.4 802.9 529.4 767.9 534.9 765.5 519.9
1 0.58 870.4 712.4 871.6 726.9 838.5 729.8 837.2 715.3
1 0.65 1701.6 560.0 1694.2 573.8 1662.8 557.1 1670.2 543.3
1 0.65 1592.0 571.8 1593.3 584.3 1561.5 587.7 1560.1 575.1
1 0.59 1331.1 525.0 1333.5 537.1 1301.7 543.3 1299.3 531.2
1 0.52 1752.2 555.2 1754.1 570.5 1720.4 574.6 1718.6 559.3
1 0.49 1834.6 810.5 1830.2 825.8 1792.0 814.9 1796.4 799.6
1 0.63 800.5 514.4 802.9 529.4 767.8 535.0 765.4 520.0
1 0.65 1701.6 560.0 1694.2 573.8 1662.8 557.1 1670.2 543.2
1 0.64 1592.1 571.7 1593.4 584.3 1561.5 587.7 1560.1 575.1
1 0.58 1331.2 525.0 1333.5 537.1 1301.6 543.3 1299.3 531.2
1 0.55 1238.0 541.1 1239.7 553.6 1208.7 558.0 1207.0 545.5
1 0.52 1752.3 555.2 1754.2 570.5 1720.4 574.7 1718.5 559.3
1 0.63 800.5 514.4 802.9 529.4 767.8 535.0 765.4 520.0
1 0.59 1331.2 525.0 1333.6 537.1 1301.7 543.3 1299.3 531.2
1 0.56 1238.1 541.2 1239.8 553.6 1209.3 557.9 1207.6 545.5
1 0.64 1592.4 571.7 1593.7 584.3 1561.4 587.7 1560.1 575.1
1 0.59 1079.5 653.1 1081.9 665.8 1049.2 672.2 1046.7 659.5
1 0.59 1331.2 524.9 1333.6 537.1 1301.7 543.3 1299.3 531.1
1 0.58 992.7 657.2 995.2 670.2 963.8 676.3 961.3 663.3
1 0.56 1238.2 541.2 1239.9 553.6 1209.2 557.9 1207.5 545.5
1 0.65 1701.6 560.0 1694.2 573.8 1662.8 557.1 1670.2 543.3
1 0.65 1592.0 571.8 1593.3 584.3 1561.5 587.7 1560.2 575.1
1 0.58 1331.2 524.9 1333.6 537.1 1301.6 543.3 1299.3 531.1
1 0.54 1238.0 541.1 1239.8 553.6 1208.7 558.0 1207.0 545.5
1 0.52 1752.3 555.2 1754.1 570.5 1720.4 574.6 1718.6 559.3
1 0.52 1834.5 810.6 1830.1 825.8 1792.1 814.9 1796.5 799.7
1 0.64 800.5 514.4 802.9 529.4 767.8 535.0 765.4 520.0
1 0.59 1079.5 653.1 1081.9 665.8 1049.2 672.2 1046.7 659.5
1 0.56 870.2 712.5 871.5 726.9 838.4 729.8 837.2 715.4
1 0.56 992.7 657.5 995.2 670.2 964.0 676.3 961.5 663.5
1 0.63 1592.4 571.7 1593.7 584.3 1561.4 587.7 1560.1 575.0
1 0.58 1331.2 525.0 1333.5 537.1 1301.6 543.3 1299.3 531.2
1 0.56 1238.1 541.2 1239.8 553.6 1209.3 557.9 1207.5 545.5
1 0.65 1701.6 560.0 1694.2 573.8 1662.8 557.1 1670.2 543.3
1 0.64 1592.1 571.7 1593.4 584.3 1561.4 587.7 1560.1 575.1
1 0.58 1331.1 525.0 1333.5 537.1 1301.7 543.3 1299.3 531.2
1 0.51 1752.3 555.2 1754.1 570.5 1720.4 574.6 1718.5 559.3
1 0.64 800.5 514.4 802.9 529.4 767.8 535.0 765.4 520.0
1 0.57 870.3 712.4 871.6 726.9 838.4 729.8 837.2 715.3
1 0.63 800.5 514.4 802.9 529.4 767.9 534.9 765.5 519.9
1 0.59 1079.5 653.1 1082.0 665.9 1049.2 672.2 1046.7 659.5
1 0.57 870.3 712.5 871.6 726.9 838.5 729.8 837.2 715.4
1 0.54 992.8 657.4 995.3 670.3 964.0 676.4 961.5 663.5
1 0.64 800.5 514.4 802.9 529.4 767.8 535.0 765.5 520.0
1 0.59 1079.5 653.1 1081.9 665.8 1049.2 672.2 1046.7 659.5
1 0.59 1331.2 524.9 1333.6 537.1 1301.7 543.3 1299.3 531.1
1 0.57 870.3 712.5 871.5 726.9 838.4 729.8 837.2 715.4
1 0.56 1238.1 541.3 1239.8 553.6 1209.3 557.9 1207.6 545.5
1 0.56 992.7 657.5 995.2 670.3 964.0 676.3 961.5 663.5
1 0.65 1701.6 559.9 1694.2 573.8 1662.8 557.1 1670.2 543.2
1 0.64 1592.1 571.8 1593.4 584.4 1561.5 587.7 1560.1 575.1
1 0.58 1331.3 524.9 1333.6 537.1 1301.7 543.4 1299.3 531.1
1 0.54 1238.1 541.0 1239.9 553.7 1208.6 558.1 1206.8 545.4
1 0.53 1752.4 555.1 1754.3 570.7 1720.3 574.9 1718.4 559.2
1 0.52 1834.6 810.6 1830.2 825.8 1792.0 814.8 1796.4 799.6
1 0.64 800.5 514.4 802.9 529.4 767.8 535.0 765.4 520.0
1 0.63 800.5 514.4 802.9 529.4 767.9 534.9 765.5 519.9
1 0.59 1331.3 524.9 1333.7 537.1 1301.7 543.4 1299.3 531.2
1 0.59 1079.5 653.1 1082.0 665.9 1049.2 672.2 1046.7 659.5
1 0.58 870.3 712.5 871.6 726.9 838.5 729.8 837.2 715.4
1 0.56 1238.2 541.2 1239.9 553.6 1209.2 557.9 1207.5 545.5
1 0.56 992.8 657.4 995.3 670.3 964.0 676.4 961.5 663.5
