1 0.6 1193.8 624.5 1182.8 636.2 1156.5 611.7 1167.5 600.0
1 0.66 388.9 909.8 378.8 920.7 353.9 897.5 364.1 886.6
1 0.64 295.9 883.6 285.6 894.6 261.2 871.9 271.5 860.9
1 0.63 442.6 1018.0 431.2 1030.3 405.2 1006.1 416.7 993.8
1 0.62 380.9 935.9 369.7 947.9 344.3 924.1 355.5 912.1
1 0.55 343.7 1003.5 334.3 1013.5 312.1 992.8 321.4 982.8
1 0.51 469.5 911.3 459.8 924.2 433.0 904.0 442.7 891.1
1 0.47 474.4 991.4 463.8 1003.6 437.8 980.9 448.4 968.7
1 0.46 376.7 864.5 366.5 875.4 344.1 854.4 354.2 843.6
1 0.33 269.4 824.6 260.7 837.5 232.0 818.1 240.7 805.2
1 0.63 137.3 618.7 126.6 630.2 100.3 605.7 111.0 594.3
1 0.66 389.0 909.8 378.8 920.7 353.9 897.5 364.1 886.6
1 0.58 216.6 719.4 205.4 732.3 177.8 708.4 189.1 695.5
1 0.49 121.3 847.2 110.0 859.7 83.3 835.6 94.5 823.1
1 0.49 474.5 991.4 463.8 1003.6 437.7 980.9 448.4 968.7
1 0.49 269.3 825.8 260.0 838.2 233.1 818.0 242.5 805.6
1 0.49 131.6 714.2 121.1 724.0 98.4 699.8 109.0 689.9
1 0.5 469.6 911.3 459.8 924.2 433.0 904.0 442.7 891.0
1 0.54 343.7 1003.6 334.3 1013.6 312.0 992.8 321.4 982.7
1 0.6 161.8 704.3 151.1 715.7 125.9 692.2 136.6 680.8
1 0.64 295.9 883.6 285.6 894.6 261.2 871.9 271.5 860.9
1 0.61 68.9 760.0 58.3 772.1 31.7 749.0 42.3 736.9
1 0.61 232.1 867.3 219.4 881.9 186.0 852.8 198.7 838.3
1 0.62 380.9 935.9 369.7 947.9 344.3 924.1 355.5 912.1
1 0.63 72.9 650.6 61.1 662.4 35.3 636.7 47.1 624.9
1 0.63 442.7 1018.0 431.2 1030.3 405.2 1006.1 416.7 993.8
1 0.63 137.3 618.7 126.6 630.3 100.3 605.7 111.0 594.2
1 0.45 376.7 864.5 366.5 875.4 344.0 854.5 354.2 843.6
1 0.63 1133.6 313.0 1124.6 323.4 1099.1 301.2 1108.1 290.8
1 0.61 1187.2 379.7 1178.7 389.4 1154.5 368.4 1162.9 358.6
1 0.61 1193.6 624.5 1182.8 636.1 1156.6 611.7 1167.4 600.1
1 0.59 874.6 186.4 865.6 195.9 841.2 173.1 850.1 163.5
1 0.56 1307.3 448.7 1296.3 458.6 1273.5 433.2 1284.4 423.4
1 0.42 943.6 253.1 935.3 261.9 912.4 240.5 920.7 231.7
1 0.64 137.3 618.7 126.6 630.2 100.3 605.7 111.1 594.3
1 0.63 72.9 650.7 61.1 662.5 35.4 636.7 47.2 624.9
1 0.61 68.8 760.0 58.3 772.1 31.7 749.0 42.2 736.8
1 0.61 232.1 867.4 219.5 882.0 186.0 852.9 198.7 838.3
1 0.6 162.2 704.4 151.8 715.6 126.7 692.2 137.1 681.0
1 0.58 216.6 719.5 205.4 732.4 177.8 708.4 189.0 695.5
1 0.52 269.3 825.8 260.1 838.1 233.2 817.9 242.5 805.6
1 0.51 131.6 714.2 121.0 724.0 98.4 699.7 108.9 689.9
1 0.51 121.4 847.3 110.1 859.9 83.3 835.7 94.6 823.2
1 0.37 376.8 864.3 366.4 875.5 343.9 854.5 354.3 843.3
1 0.45 1307.0 449.9 1296.1 459.0 1275.5 434.5 1286.4 425.4
1 0.54 1307.3 448.7 1296.3 458.6 1273.5 433.3 1284.5 423.4
1 0.54 1307.3 448.7 1296.3 458.6 1273.5 433.3 1284.5 423.4
1 0.59 874.7 186.4 865.8 196.1 841.2 173.2 850.2 163.5
1 0.62 1133.7 313.0 1124.6 323.4 1099.1 301.2 1108.1 290.8
1 0.61 1187.1 379.7 1178.7 389.4 1154.5 368.4 1163.0 358.7
1 0.61 1193.6 624.5 1182.8 636.1 1156.7 611.7 1167.5 600.1
1 0.56 1307.3 448.7 1296.3 458.6 1273.5 433.2 1284.5 423.4
1 0.6 1193.8 624.5 1182.8 636.2 1156.5 611.7 1167.5 600.0
1 0.47 1307.0 449.9 1296.1 459.1 1275.4 434.4 1286.3 425.2
1 0.38 269.5 825.0 260.5 838.0 231.6 817.8 240.7 804.8
1 0.36 376.8 864.3 366.4 875.5 343.9 854.5 354.3 843.3
1 0.59 874.6 186.3 865.6 195.9 841.2 173.2 850.1 163.6
1 0.42 943.6 253.0 935.3 261.9 912.4 240.5 920.7 231.7
1 0.38 1133.0 309.0 1124.1 320.8 1098.6 301.6 1107.5 289.8
1 0.63 1133.6 313.0 1124.6 323.4 1099.1 301.2 1108.1 290.8
1 0.61 1187.2 379.7 1178.7 389.4 1154.5 368.4 1163.0 358.6
1 0.6 1193.6 624.5 1182.8 636.1 1156.7 611.7 1167.5 600.2
1 0.56 1307.3 448.7 1296.4 458.6 1273.5 433.2 1284.5 423.4
1 0.63 1133.6 313.0 1124.6 323.4 1099.1 301.2 1108.1 290.8
1 0.61 1187.2 379.6 1178.7 389.4 1154.4 368.4 1162.9 358.6
1 0.6 1193.6 624.5 1182.8 636.1 1156.6 611.8 1167.5 600.1
1 0.56 1307.3 449.3 1296.2 459.3 1273.2 433.8 1284.3 423.7
1 0.35 944.3 251.7 934.6 262.5 907.5 238.2 917.3 227.3
1 0.37 1133.0 309.0 1124.1 320.8 1098.7 301.6 1107.5 289.8
1 0.35 944.3 251.7 934.5 262.5 907.5 238.2 917.2 227.3
