1 0.62 526.7 1071.8 514.8 1083.6 489.5 1058.3 501.3 1046.4
1 0.55 550.5 1035.5 539.2 1046.8 514.5 1022.1 525.8 1010.9
1 0.53 549.1 956.3 538.8 968.2 513.2 946.0 523.5 934.1
1 0.64 365.0 917.4 354.9 928.3 330.5 905.6 340.7 894.7
1 0.63 467.4 988.8 455.9 1000.3 431.6 976.0 443.1 964.5
1 0.62 468.9 954.9 458.0 965.9 433.8 941.7 444.8 930.8
1 0.62 526.7 1071.8 514.9 1083.6 489.6 1058.3 501.4 1046.5
1 0.61 387.2 1008.9 378.5 1019.0 354.3 997.9 363.0 987.9
1 0.61 281.8 744.7 270.8 757.3 243.4 733.5 254.4 720.8
1 0.55 550.4 1035.6 539.2 1046.8 514.6 1022.2 525.8 1010.9
1 0.54 358.9 878.6 349.5 889.4 324.6 867.8 334.0 857.0
1 0.53 549.2 956.3 538.8 968.2 513.2 946.0 523.5 934.1
1 0.48 437.2 890.7 427.6 901.0 405.3 880.2 414.9 870.0
1 0.59 1193.0 597.4 1181.9 608.6 1156.6 583.3 1167.8 572.2
1 0.62 1308.8 424.5 1297.8 433.7 1276.5 408.3 1287.5 399.0
1 0.62 1190.3 352.1 1181.8 362.0 1157.6 341.0 1166.2 331.1
1 0.58 1193.1 597.4 1181.9 608.6 1156.6 583.3 1167.8 572.1
1 0.54 1138.0 284.9 1128.6 295.4 1103.0 272.3 1112.4 261.8
1 0.62 1308.9 424.5 1297.8 433.8 1276.4 408.3 1287.5 399.0
1 0.62 1190.4 352.1 1181.8 362.0 1157.6 341.0 1166.2 331.1
1 0.59 1193.1 597.4 1181.9 608.6 1156.6 583.3 1167.8 572.1
1 0.57 880.8 154.6 872.1 164.0 847.7 141.3 856.5 131.9
1 0.54 1138.0 284.9 1128.6 295.3 1103.0 272.3 1112.4 261.8
1 0.53 948.1 222.8 939.4 231.5 917.3 209.4 926.0 200.7
1 0.57 1308.8 424.5 1298.0 433.6 1277.1 408.8 1288.0 399.7
1 0.55 1308.9 424.5 1297.9 433.6 1277.0 408.7 1288.0 399.5
1 0.54 880.2 155.5 871.3 164.4 847.9 141.0 856.8 132.1
1 0.64 365.0 917.4 354.9 928.3 330.6 905.6 340.7 894.7
1 0.6 111.4 709.5 98.7 723.6 65.5 693.8 78.2 679.7
1 0.47 437.2 890.7 427.6 901.0 405.3 880.2 414.9 870.0
1 0.5 41.5 727.8 30.2 740.4 2.3 715.3 13.7 702.7
1 0.54 549.1 956.3 538.8 968.2 513.2 946.0 523.5 934.1
1 0.54 358.9 878.6 349.5 889.4 324.6 867.8 334.0 857.0
1 0.55 550.4 1035.5 539.2 1046.8 514.6 1022.2 525.8 1010.9
1 0.6 224.1 660.5 212.8 671.7 187.3 646.2 198.5 634.9
1 0.61 168.8 710.1 157.1 721.8 131.2 695.9 142.9 684.2
1 0.63 237.4 864.6 227.7 875.0 205.7 854.4 215.3 844.1
1 0.61 387.2 1008.9 378.5 1018.9 354.3 998.0 363.0 987.9
1 0.61 281.7 744.6 270.8 757.1 243.6 733.5 254.5 721.0
1 0.62 526.6 1071.8 514.9 1083.5 489.6 1058.3 501.4 1046.5
1 0.62 468.9 954.9 458.0 965.9 433.8 941.7 444.8 930.8
1 0.62 243.5 745.5 233.1 756.7 208.0 733.3 218.5 722.1
1 0.63 467.4 988.8 455.9 1000.3 431.6 976.0 443.1 964.5
1 0.45 230.2 770.4 219.9 780.6 196.9 757.6 207.1 747.3
1 0.57 880.8 154.6 872.1 164.0 847.7 141.3 856.5 131.9
1 0.54 948.1 222.8 939.4 231.5 917.3 209.4 926.0 200.7
1 0.6 281.8 744.6 270.8 757.3 243.4 733.5 254.4 720.8
1 0.33 361.9 883.3 350.0 895.2 323.2 868.3 335.1 856.4
1 0.59 1308.8 424.4 1297.8 433.7 1276.4 408.3 1287.5 399.0
1 0.64 237.5 864.9 227.9 875.1 205.7 854.4 215.2 844.2
1 0.63 243.5 745.5 233.1 756.7 207.9 733.3 218.4 722.0
1 0.61 281.6 744.6 270.8 757.1 243.7 733.5 254.5 721.0
1 0.6 168.9 710.0 157.0 721.9 131.0 695.9 142.9 684.0
1 0.6 111.3 709.5 98.6 723.6 65.4 693.7 78.1 679.6
1 0.6 224.2 660.6 212.9 671.8 187.2 646.1 198.5 634.8
1 0.51 41.5 727.3 30.4 740.0 2.2 715.5 13.3 702.8
1 0.47 230.2 770.4 219.9 780.6 196.9 757.5 207.1 747.3
1 0.35 361.8 883.2 350.0 895.0 323.3 868.3 335.1 856.5
1 0.63 1308.8 424.5 1297.8 433.7 1276.5 408.3 1287.5 399.0
1 0.61 1190.4 352.1 1181.8 362.0 1157.6 341.0 1166.2 331.1
1 0.58 1193.1 597.4 1181.9 608.6 1156.5 583.3 1167.8 572.0
1 0.54 1138.0 284.9 1128.6 295.3 1103.0 272.3 1112.4 261.8
1 0.59 1193.0 597.4 1181.9 608.5 1156.7 583.3 1167.8 572.2
1 0.61 1308.8 424.5 1297.8 433.7 1276.5 408.3 1287.5 399.1
1 0.61 1308.8 424.4 1297.8 433.7 1276.4 408.3 1287.5 399.0
1 0.61 1190.4 352.2 1181.8 362.0 1157.6 341.0 1166.2 331.1
1 0.58 1193.1 597.4 1181.9 608.6 1156.6 583.3 1167.8 572.1
1 0.53 1138.0 284.9 1128.6 295.3 1103.0 272.3 1112.4 261.9
