1 0.56 1311.0 430.6 1299.5 439.5 1279.2 413.5 1290.6 404.5
1 0.6 391.6 800.5 380.5 811.5 355.4 786.3 366.4 775.3
1 0.58 347.4 875.1 335.5 887.0 309.4 860.9 321.4 849.0
1 0.55 405.0 851.4 393.7 862.7 368.8 837.9 380.2 826.6
1 0.38 395.7 884.3 383.4 895.4 359.4 868.6 371.7 857.6
1 0.45 896.9 142.4 887.8 151.5 864.1 127.7 873.1 118.6
1 0.43 960.1 213.7 951.0 221.9 930.8 199.5 939.9 191.3
1 0.57 1310.9 430.5 1299.5 439.4 1279.3 413.5 1290.6 404.6
1 0.63 1188.3 598.4 1177.1 608.9 1152.6 582.6 1163.8 572.1
1 0.59 1310.9 430.8 1299.4 439.7 1279.1 413.6 1290.5 404.7
1 0.57 1196.0 353.9 1186.6 363.3 1163.9 340.5 1173.2 331.2
1 0.57 1147.0 285.2 1137.1 295.2 1112.8 270.8 1122.7 260.9
1 0.46 896.9 142.4 887.8 151.5 864.0 127.7 873.1 118.6
1 0.45 960.1 213.7 951.0 221.9 930.8 199.5 939.9 191.3
1 0.57 1311.2 430.2 1300.0 439.5 1278.8 414.2 1290.0 404.9
1 0.58 1310.9 430.7 1299.4 439.6 1279.2 413.7 1290.6 404.8
1 0.64 318.5 1022.1 306.5 1032.2 285.1 1006.6 297.1 996.6
1 0.63 395.0 882.6 383.7 893.1 360.4 868.1 371.6 857.6
1 0.62 346.7 874.9 335.1 886.5 309.3 860.8 321.0 849.1
1 0.62 492.2 1039.6 481.1 1049.6 458.5 1024.5 469.7 1014.5
1 0.6 391.6 800.4 380.5 811.5 355.3 786.3 366.4 775.2
1 0.57 411.2 933.5 399.8 943.7 376.9 918.3 388.3 908.0
1 0.57 404.7 852.4 392.8 863.1 369.1 836.8 381.0 826.1
1 0.51 391.7 978.7 378.2 990.8 352.6 962.3 366.0 950.2
1 0.51 521.5 1032.2 511.1 1043.3 486.1 1020.0 496.5 1008.8
1 0.45 551.0 998.1 540.5 1008.6 517.8 985.8 528.3 975.4
1 0.35 430.9 1077.1 412.4 1096.2 355.7 1041.5 374.2 1022.4
1 0.64 1188.2 598.7 1176.8 609.0 1152.7 582.3 1164.2 572.0
1 0.63 1188.3 598.4 1177.1 608.9 1152.6 582.6 1163.8 572.2
1 0.58 1311.2 430.2 1300.0 439.5 1278.8 414.2 1289.9 404.8
1 0.57 1195.9 353.9 1186.6 363.2 1164.0 340.5 1173.3 331.2
1 0.56 1147.0 285.2 1137.1 295.2 1112.7 270.8 1122.7 260.9
1 0.6 391.6 800.5 380.5 811.5 355.4 786.3 366.4 775.3
1 0.6 37.1 621.2 27.8 631.3 5.0 610.0 14.3 600.0
1 0.6 34.8 504.8 23.8 515.1 1.7 491.5 12.8 481.2
1 0.6 113.7 510.0 103.0 519.9 80.0 495.2 90.6 485.2
1 0.58 347.5 875.1 335.5 887.0 309.4 860.9 321.3 848.9
1 0.55 184.7 780.2 176.0 789.5 152.8 767.9 161.6 758.5
1 0.55 405.1 851.4 393.7 862.8 368.8 837.9 380.2 826.5
1 0.53 191.8 821.8 180.5 833.2 154.7 807.4 166.1 796.1
1 0.37 395.8 884.4 383.5 895.5 359.3 868.7 371.6 857.5
1 0.64 1188.2 598.7 1176.8 609.0 1152.7 582.3 1164.2 572.0
1 0.64 318.5 1022.2 306.6 1032.2 285.1 1006.6 297.1 996.6
1 0.63 395.0 882.6 383.7 893.1 360.4 868.1 371.6 857.6
1 0.62 492.2 1039.6 481.1 1049.6 458.5 1024.5 469.7 1014.5
1 0.62 346.7 874.9 335.1 886.5 309.3 860.8 321.0 849.1
1 0.61 34.9 504.9 23.8 515.2 1.8 491.6 12.9 481.3
1 0.61 391.6 800.4 380.5 811.5 355.3 786.3 366.4 775.2
1 0.6 113.8 509.9 103.0 519.9 79.9 495.2 90.7 485.2
1 0.59 37.2 621.2 27.8 631.3 4.9 610.0 14.4 599.9
1 0.58 411.2 933.5 399.8 943.7 376.9 918.3 388.3 908.0
1 0.57 404.7 852.4 392.8 863.1 369.1 836.8 381.0 826.1
1 0.54 184.4 780.4 175.0 789.7 152.7 767.4 162.0 758.0
1 0.52 391.5 978.7 378.2 990.7 352.6 962.3 366.0 950.3
1 0.52 191.7 821.9 180.5 833.1 154.8 807.5 166.1 796.2
1 0.51 521.5 1032.2 511.1 1043.3 486.2 1020.0 496.5 1008.9
1 0.46 551.0 998.1 540.5 1008.6 517.8 985.9 528.3 975.4
1 0.35 430.9 1077.3 412.5 1096.3 355.6 1041.4 374.0 1022.4
1 0.6 113.7 510.0 103.0 519.9 80.0 495.2 90.7 485.2
1 0.6 34.8 504.8 23.8 515.1 1.7 491.5 12.8 481.2
1 0.59 37.2 621.3 27.8 631.4 4.9 610.0 14.4 599.9
1 0.63 1188.3 598.4 1177.1 608.9 1152.6 582.6 1163.8 572.1
1 0.59 1310.8 430.7 1299.4 439.6 1279.1 413.7 1290.6 404.7
1 0.58 1195.9 353.9 1186.7 363.2 1164.0 340.5 1173.3 331.3
1 0.57 1147.0 285.2 1137.1 295.1 1112.7 270.8 1122.6 260.9
1 0.63 1188.4 598.4 1177.1 608.9 1152.6 582.7 1163.9 572.1
1 0.6 1310.8 430.7 1299.4 439.6 1279.1 413.6 1290.5 404.7
1 0.57 1147.0 285.2 1137.1 295.1 1112.8 270.8 1122.7 260.9
1 0.57 1195.9 353.9 1186.7 363.2 1164.0 340.5 1173.2 331.2
1 0.52 521.6 1032.2 511.1 1043.4 486.0 1020.0 496.5 1008.7
1 0.46 551.0 998.1 540.6 1008.5 517.9 985.8 528.3 975.5
