1 0.68 653.0 181.3 636.5 183.9 630.9 148.5 647.4 145.9
1 0.62 741.0 246.5 732.3 255.9 707.7 232.9 716.4 223.6
1 0.55 866.4 485.2 858.1 494.7 832.3 472.3 840.5 462.8
1 0.52 1126.5 610.7 1116.8 621.4 1091.3 598.4 1101.0 587.7
1 0.49 935.1 551.9 926.7 560.9 903.8 539.5 912.2 530.5
1 0.48 630.7 122.5 619.6 134.3 594.0 110.4 605.0 98.6
1 0.56 866.4 485.2 858.1 494.7 832.3 472.2 840.5 462.7
1 0.53 1126.5 610.7 1116.8 621.5 1091.2 598.4 1100.9 587.6
1 0.47 935.2 551.9 926.7 560.9 903.7 539.4 912.1 530.4
1 0.65 1126.2 610.8 1117.4 620.9 1092.0 598.9 1100.9 588.7
1 0.59 1180.0 676.9 1171.5 686.7 1146.8 665.3 1155.3 655.5
1 0.54 1300.5 744.3 1289.7 754.0 1266.7 728.5 1277.5 718.8
1 0.55 866.3 485.2 858.1 494.7 832.3 472.3 840.5 462.8
1 0.51 1126.7 610.7 1117.0 621.5 1091.3 598.4 1101.0 587.7
1 0.47 935.1 551.9 926.7 560.9 903.7 539.5 912.2 530.5
1 0.65 1126.2 610.8 1117.4 620.9 1092.1 598.9 1100.9 588.8
1 0.55 866.4 485.2 858.1 494.7 832.2 472.3 840.5 462.7
1 0.5 741.4 247.4 733.0 256.4 710.6 235.4 718.9 226.5
1 0.49 935.1 551.9 926.7 560.9 903.7 539.5 912.1 530.5
1 0.64 47.0 872.0 36.5 883.2 11.6 860.0 22.0 848.8
1 0.56 81.2 950.7 68.9 962.9 43.7 937.8 56.0 925.5
1 0.39 127.3 950.4 117.8 962.6 93.1 943.3 102.6 931.1
1 0.56 866.6 484.9 858.0 494.8 832.0 472.3 840.7 462.4
1 0.64 47.1 872.2 36.8 883.3 11.9 860.1 22.3 849.0
1 0.46 630.8 122.6 619.8 134.4 594.0 110.4 605.1 98.6
1 0.55 1300.6 744.3 1289.7 754.1 1266.7 728.5 1277.5 718.7
1 0.65 1126.2 610.8 1117.4 620.9 1092.0 598.9 1100.9 588.7
1 0.68 653.0 181.3 636.5 183.9 630.9 148.5 647.4 145.9
1 0.62 741.0 246.5 732.3 255.9 707.7 232.9 716.4 223.5
1 0.55 866.4 485.2 858.1 494.7 832.2 472.3 840.5 462.7
1 0.48 630.6 122.5 619.6 134.3 594.0 110.4 605.1 98.6
1 0.53 1300.5 744.2 1289.6 754.0 1266.7 728.5 1277.5 718.8
1 0.65 1126.2 610.7 1117.3 620.9 1092.0 598.9 1100.8 588.7
1 0.59 1180.2 676.5 1171.5 686.5 1146.5 664.9 1155.2 654.9
1 0.57 1188.4 919.3 1177.8 931.0 1151.0 906.8 1161.5 895.1
1 0.57 1300.6 744.3 1289.7 754.0 1266.6 728.4 1277.5 718.7
1 0.56 866.3 485.2 858.1 494.7 832.2 472.2 840.5 462.7
1 0.48 935.2 551.9 926.7 560.9 903.7 539.4 912.1 530.4
1 0.65 1126.2 610.7 1117.3 620.9 1092.0 598.9 1100.8 588.7
1 0.58 1179.9 677.0 1171.4 686.7 1146.8 665.4 1155.3 655.6
1 0.58 1188.3 919.3 1177.8 930.9 1151.0 906.8 1161.5 895.1
1 0.57 1300.5 744.3 1289.7 754.0 1266.7 728.5 1277.5 718.7
1 0.56 866.4 485.2 858.1 494.7 832.2 472.2 840.5 462.7
1 0.64 1126.3 610.8 1117.4 621.0 1092.0 598.9 1100.8 588.7
1 0.6 1179.9 676.9 1171.5 686.6 1146.9 665.3 1155.3 655.5
1 0.56 1300.5 744.2 1289.6 754.0 1266.7 728.5 1277.5 718.7
1 0.55 866.3 485.2 858.1 494.7 832.2 472.2 840.5 462.8
1 0.47 935.1 551.9 926.7 560.9 903.7 539.5 912.1 530.4
