1 0.62 754.7 444.6 744.8 453.7 721.7 428.9 731.5 419.8
1 0.61 1113.1 834.3 1102.9 843.8 1079.8 818.9 1089.9 809.5
1 0.51 863.6 690.4 853.9 700.2 829.7 676.0 839.5 666.3
1 0.45 926.9 761.9 917.7 769.7 897.6 745.8 906.8 738.0
1 0.6 1113.2 834.2 1102.9 843.8 1079.8 818.9 1090.0 809.3
1 0.5 863.6 690.4 853.9 700.1 829.7 675.9 839.4 666.2
1 0.46 927.4 761.2 918.5 769.5 897.2 746.6 906.0 738.3
1 0.62 671.8 373.8 654.8 375.3 651.6 339.8 668.6 338.3
1 0.62 754.7 444.5 744.9 453.6 722.0 429.0 731.7 419.9
1 0.61 1113.1 834.3 1102.9 843.7 1079.8 818.9 1090.0 809.4
1 0.51 863.6 690.4 853.9 700.2 829.8 676.0 839.5 666.3
1 0.46 927.0 761.7 917.9 769.6 897.5 746.0 906.6 738.1
1 0.45 653.6 314.2 641.3 325.2 617.3 298.5 629.5 287.5
1 0.55 1276.9 977.2 1265.5 986.1 1245.0 959.8 1256.4 950.9
1 0.62 671.7 373.8 654.8 375.3 651.7 339.8 668.6 338.4
1 0.62 754.7 444.5 744.9 453.6 722.0 429.0 731.7 419.9
1 0.62 406.8 63.2 397.1 72.8 372.9 48.6 382.5 39.0
1 0.56 372.4 19.7 362.9 28.5 343.4 7.6 352.9 -1.3
1 0.41 653.6 314.2 641.3 325.2 617.2 298.5 629.5 287.4
1 0.28 866.1 124.0 861.9 140.8 826.5 132.0 830.7 115.1
1 0.61 1113.1 834.2 1102.9 843.7 1079.7 818.9 1089.9 809.4
1 0.58 1162.9 902.2 1153.5 911.5 1130.3 888.3 1139.6 878.9
1 0.53 1276.9 977.2 1265.5 986.1 1245.1 959.8 1256.4 950.9
1 0.51 863.6 690.4 853.9 700.1 829.7 675.9 839.4 666.2
1 0.62 754.6 444.6 744.8 453.7 721.7 428.9 731.5 419.8
1 0.62 406.8 63.2 397.2 72.8 372.9 48.6 382.5 39.0
1 0.56 372.4 19.7 362.9 28.5 343.4 7.6 352.9 -1.3
1 0.61 1113.1 834.2 1102.9 843.7 1079.7 818.9 1090.0 809.4
1 0.56 1162.9 902.2 1153.5 911.6 1130.2 888.3 1139.6 878.9
1 0.55 1276.9 977.1 1265.5 986.0 1245.0 959.8 1256.4 950.9
1 0.51 863.6 690.3 853.9 700.1 829.7 675.9 839.4 666.2
1 0.47 927.4 761.2 918.5 769.5 897.2 746.6 906.0 738.3
1 0.62 671.7 373.8 654.8 375.3 651.7 339.8 668.6 338.3
1 0.62 754.6 444.5 744.9 453.6 722.0 429.0 731.7 419.9
1 0.42 653.6 314.2 641.3 325.2 617.3 298.5 629.5 287.5
1 0.28 866.3 124.0 862.1 140.9 826.4 132.0 830.6 115.1
1 0.62 671.8 373.8 654.8 375.3 651.6 339.8 668.6 338.3
1 0.62 754.7 444.5 744.9 453.6 722.0 429.0 731.7 419.9
1 0.51 863.7 690.4 853.9 700.2 829.7 676.0 839.5 666.3
1 0.44 653.6 314.2 641.3 325.2 617.2 298.5 629.5 287.5
1 0.61 1113.1 834.3 1102.9 843.8 1079.8 818.9 1089.9 809.5
