1 0.64 758.7 771.7 748.5 780.3 727.1 754.8 737.3 746.2
1 0.61 679.0 698.4 662.0 699.3 660.2 663.2 677.1 662.3
1 0.6 423.9 379.1 413.0 388.2 390.9 361.8 401.8 352.7
1 0.51 367.8 272.9 357.4 282.5 334.6 258.1 344.9 248.4
1 0.5 390.8 333.0 381.5 341.4 362.1 319.8 371.3 311.4
1 0.41 662.6 637.2 650.8 647.8 628.4 622.9 640.2 612.3
1 0.65 758.7 771.7 748.5 780.2 727.1 754.7 737.3 746.1
1 0.61 679.0 698.4 662.1 699.3 660.2 663.2 677.1 662.3
1 0.56 859.0 1017.4 849.4 1027.0 825.6 1003.3 835.3 993.6
1 0.43 662.7 637.2 650.8 647.9 628.2 622.7 640.1 612.0
1 0.25 883.8 456.5 881.2 470.1 852.4 464.5 855.0 450.9
1 0.65 467.6 5.5 476.6 17.4 450.0 37.4 441.0 25.5
1 0.65 317.7 211.4 307.2 221.3 284.8 197.4 295.4 187.5
1 0.6 497.1 54.0 506.2 65.2 483.8 83.4 474.6 72.2
1 0.6 423.9 379.1 413.0 388.2 390.9 361.8 401.8 352.7
1 0.58 477.7 22.9 485.8 34.4 459.7 52.6 451.7 41.2
1 0.57 487.0 38.1 495.0 50.0 469.5 67.2 461.5 55.3
1 0.57 328.8 136.2 317.7 147.3 292.9 122.5 304.0 111.3
1 0.57 514.1 68.7 522.1 80.2 497.3 97.5 489.3 86.1
1 0.54 343.9 121.2 332.5 131.5 309.1 105.5 320.5 95.2
1 0.52 529.4 82.4 537.8 93.5 514.3 111.2 505.9 100.1
1 0.51 367.7 273.0 357.4 282.6 334.6 258.1 344.9 248.5
1 0.49 390.8 333.0 381.5 341.4 362.0 319.7 371.3 311.3
1 0.47 340.5 242.9 328.7 252.5 307.0 225.7 318.8 216.1
1 0.43 539.9 95.6 548.5 106.6 524.1 125.7 515.5 114.7
1 0.66 758.7 771.7 748.5 780.3 727.1 754.8 737.3 746.2
1 0.57 1038.3 180.3 1028.4 189.6 1006.2 165.8 1016.2 156.6
1 0.55 890.7 189.1 905.9 190.4 902.8 225.0 887.7 223.7
1 0.53 514.1 68.8 522.1 80.2 497.4 97.5 489.4 86.1
1 0.51 529.9 82.7 537.8 94.0 513.8 110.8 505.9 99.5
1 0.47 496.7 53.8 506.2 64.7 484.1 83.9 474.6 73.0
1 0.42 539.9 95.7 548.5 106.6 524.1 125.6 515.6 114.7
1 0.31 972.7 195.9 986.5 205.2 968.9 231.2 955.2 222.0
1 0.58 1038.3 180.3 1028.3 189.6 1006.2 165.8 1016.1 156.6
1 0.55 890.8 189.1 905.8 190.4 902.8 225.0 887.7 223.7
1 0.3 972.7 195.9 986.5 205.2 968.9 231.3 955.1 222.0
1 0.6 1038.2 180.3 1028.4 189.4 1006.3 165.8 1016.2 156.7
1 0.32 972.6 197.3 985.3 205.3 969.6 230.5 956.8 222.5
1 0.66 758.6 771.6 748.4 780.2 727.1 754.8 737.3 746.2
1 0.56 859.0 1017.3 849.4 1027.0 825.6 1003.2 835.3 993.6
1 0.65 467.6 5.5 476.6 17.4 450.0 37.4 441.0 25.5
1 0.64 317.7 211.4 307.1 221.3 284.8 197.4 295.4 187.5
1 0.6 423.9 379.1 413.0 388.2 390.9 361.8 401.8 352.7
1 0.59 497.1 53.9 506.3 65.2 483.8 83.4 474.6 72.2
1 0.57 477.8 23.0 485.8 34.4 459.8 52.6 451.8 41.1
1 0.57 487.0 38.2 495.0 50.0 469.5 67.1 461.6 55.3
1 0.57 328.8 136.2 317.7 147.3 292.9 122.5 304.0 111.4
1 0.56 514.1 68.7 522.1 80.2 497.3 97.5 489.3 86.1
1 0.53 343.9 121.2 332.5 131.4 309.1 105.5 320.5 95.3
1 0.51 529.9 82.7 537.9 94.0 513.8 110.9 505.9 99.5
1 0.5 390.8 333.0 381.5 341.4 362.0 319.8 371.3 311.4
1 0.5 367.8 273.0 357.4 282.6 334.6 258.2 345.0 248.5
1 0.45 340.6 242.9 328.7 252.5 307.0 225.7 318.9 216.1
1 0.43 539.9 95.6 548.5 106.6 524.1 125.7 515.6 114.7
1 0.65 758.7 771.7 748.5 780.3 727.1 754.7 737.3 746.2
1 0.61 679.0 698.4 662.0 699.3 660.2 663.2 677.1 662.3
1 0.4 662.6 637.2 650.8 647.8 628.3 622.9 640.1 612.3
1 0.65 758.7 771.7 748.5 780.3 727.0 754.7 737.3 746.1
1 0.61 679.0 698.4 662.1 699.3 660.2 663.1 677.1 662.3
1 0.56 859.1 1017.4 849.4 1027.0 825.6 1003.2 835.3 993.6
1 0.43 662.8 637.2 650.9 648.0 628.1 622.7 640.0 611.9
1 0.6 423.9 379.0 413.0 388.2 390.9 361.8 401.8 352.7
1 0.51 367.8 272.9 357.4 282.6 334.6 258.1 344.9 248.4
1 0.5 390.8 333.0 381.5 341.4 362.0 319.8 371.3 311.4
