1 0.63 485.3 734.4 493.3 745.0 468.1 764.0 460.1 753.4
1 0.62 465.6 701.9 474.3 713.1 447.9 733.8 439.1 722.6
1 0.6 328.0 830.6 316.5 842.0 290.9 816.4 302.3 804.9
1 0.6 495.8 749.4 505.1 759.7 483.2 779.4 473.9 769.1
1 0.55 342.6 814.8 331.1 825.5 308.1 800.8 319.5 790.1
1 0.55 511.4 763.5 519.7 775.4 494.1 793.4 485.8 781.5
1 0.5 475.6 717.8 484.2 729.6 457.4 749.1 448.8 737.3
1 0.45 538.3 793.2 545.7 803.4 522.4 820.3 515.0 810.1
1 0.45 451.2 689.9 460.2 700.2 437.8 719.7 428.8 709.4
1 0.43 527.3 778.4 535.9 789.4 512.6 807.6 504.0 796.7
1 0.65 317.6 904.5 306.3 914.7 284.1 890.1 295.4 879.9
1 0.63 425.3 1068.7 413.6 1078.8 391.4 1053.2 403.1 1043.0
1 0.62 464.0 701.3 473.6 712.5 448.5 734.3 438.8 723.2
1 0.6 327.9 830.4 316.4 841.9 290.9 816.4 302.4 804.9
1 0.6 367.3 964.7 357.0 974.3 335.4 951.0 345.7 941.5
1 0.59 495.7 749.6 504.9 759.8 483.2 779.4 473.9 769.2
1 0.57 485.4 734.3 493.3 744.9 468.1 764.0 460.1 753.4
1 0.57 342.6 814.7 331.1 825.5 308.0 800.7 319.5 789.9
1 0.52 511.3 763.6 519.6 775.5 493.9 793.4 485.6 781.6
1 0.51 340.3 935.5 329.3 944.8 308.5 920.1 319.6 910.8
1 0.49 475.6 717.8 484.2 729.7 457.6 749.0 449.0 737.1
1 0.42 538.6 793.3 545.9 803.7 522.3 820.2 515.0 809.8
1 0.41 451.2 690.1 460.1 700.3 437.9 719.5 429.0 709.3
1 0.39 525.6 777.5 534.6 787.9 512.8 806.9 503.8 796.5
1 0.38 391.8 1025.8 381.0 1034.9 361.0 1011.1 371.8 1002.0
1 0.6 1033.4 874.4 1023.7 884.1 1000.8 861.2 1010.5 851.5
1 0.34 969.2 890.1 982.2 897.3 967.4 924.0 954.4 916.8
1 0.54 1033.8 875.4 1023.6 885.0 1001.2 861.0 1011.4 851.4
1 0.48 496.0 749.4 505.1 759.6 482.9 779.6 473.8 769.4
1 0.46 511.4 763.4 519.8 775.4 494.0 793.4 485.6 781.4
1 0.4 527.3 778.5 535.8 789.4 512.5 807.5 504.0 796.7
1 0.4 538.1 793.1 545.6 803.1 522.7 820.4 515.2 810.4
1 0.64 317.6 904.5 306.2 914.7 284.1 890.1 295.4 879.9
1 0.63 425.4 1068.7 413.6 1078.9 391.3 1053.2 403.0 1043.0
1 0.62 464.0 701.3 473.6 712.4 448.5 734.3 438.8 723.2
1 0.6 327.9 830.5 316.4 841.9 290.9 816.4 302.4 805.0
1 0.58 367.4 964.7 357.0 974.3 335.4 951.1 345.7 941.5
1 0.58 495.7 749.5 504.9 759.8 483.1 779.4 473.9 769.2
1 0.57 485.4 734.3 493.3 744.9 468.1 764.0 460.1 753.4
1 0.56 342.6 814.7 331.1 825.5 308.0 800.7 319.5 789.9
1 0.53 511.3 763.6 519.6 775.5 494.0 793.4 485.7 781.6
1 0.49 475.6 717.8 484.2 729.7 457.6 749.0 449.0 737.1
1 0.48 340.3 935.5 329.3 944.8 308.5 920.1 319.6 910.8
1 0.44 538.6 793.3 545.9 803.6 522.3 820.2 515.0 809.8
1 0.4 451.2 690.0 460.1 700.3 437.9 719.5 429.0 709.3
1 0.39 525.6 777.5 534.7 787.9 512.8 806.9 503.8 796.5
1 0.37 391.8 1025.8 381.0 1034.9 361.0 1011.1 371.8 1002.0
1 0.61 886.7 883.2 901.6 884.5 898.6 918.6 883.7 917.3
1 0.59 1033.5 874.3 1023.7 884.2 1000.7 861.2 1010.5 851.4
1 0.41 495.9 749.4 505.1 759.6 482.7 779.8 473.5 769.6
1 0.4 512.0 763.7 520.2 775.9 494.1 793.5 485.9 781.4
1 0.37 969.1 889.4 982.6 897.8 965.9 924.4 952.5 916.0
1 0.35 538.6 793.3 545.9 803.6 522.3 820.2 515.0 809.8
1 0.32 527.6 778.4 536.2 789.9 512.5 807.8 503.9 796.3
1 0.56 1033.8 875.4 1023.6 885.0 1001.1 860.9 1011.4 851.4
1 0.63 464.0 701.4 473.6 712.4 448.6 734.2 439.0 723.1
1 0.62 485.3 734.4 493.3 745.0 468.1 764.0 460.1 753.4
1 0.6 328.0 830.6 316.5 842.0 290.9 816.4 302.3 804.9
1 0.6 495.8 749.5 505.0 759.7 483.2 779.4 474.0 769.1
1 0.57 342.6 814.8 331.2 825.5 308.1 800.7 319.5 790.1
1 0.54 511.4 763.5 519.7 775.4 494.1 793.3 485.8 781.5
1 0.5 475.6 717.8 484.2 729.7 457.4 749.1 448.8 737.3
1 0.45 451.2 689.9 460.1 700.2 437.7 719.7 428.8 709.4
1 0.44 538.6 793.3 545.8 803.7 522.2 820.2 515.0 809.8
1 0.43 527.3 778.4 535.9 789.4 512.6 807.6 504.0 796.6
1 0.61 886.7 883.2 901.6 884.5 898.6 918.6 883.7 917.3
1 0.59 1033.5 874.3 1023.7 884.1 1000.7 861.2 1010.5 851.4
1 0.37 969.1 889.4 982.6 897.8 965.9 924.4 952.5 916.1
1 0.52 1033.8 875.4 1023.6 885.0 1001.1 861.0 1011.4 851.4
