1 0.63 954.5 313.4 941.4 314.3 939.1 282.1 952.2 281.2
1 0.6 943.7 216.7 929.8 220.9 919.1 186.0 933.0 181.7
1 0.59 1000.5 494.8 1008.8 505.5 982.9 525.7 974.6 515.1
1 0.59 952.5 258.6 939.5 260.6 934.5 229.0 947.5 227.0
1 0.54 956.8 460.5 969.3 468.0 951.1 498.3 938.6 490.8
1 0.4 948.3 440.7 958.8 446.0 946.2 470.7 935.7 465.4
1 0.35 1039.6 494.8 1040.2 506.5 1013.7 507.8 1013.0 496.2
1 0.66 1587.1 441.3 1586.8 455.1 1553.8 454.5 1554.1 440.7
1 0.63 1657.8 509.3 1657.6 524.4 1622.1 523.8 1622.4 508.7
1 0.61 1833.5 635.3 1844.5 645.9 1820.2 671.0 1809.3 660.4
1 0.6 1599.6 468.4 1594.2 481.9 1563.5 469.6 1569.0 456.0
1 0.58 1814.7 626.7 1825.3 637.7 1800.5 661.7 1789.8 650.7
1 0.47 1754.0 577.1 1743.3 584.4 1728.5 562.5 1739.2 555.3
1 0.42 1563.8 429.2 1553.0 437.6 1535.0 414.5 1545.7 406.1
1 0.39 1622.7 483.6 1621.9 499.0 1589.5 497.3 1590.3 481.9
1 0.66 1587.0 441.3 1586.8 455.1 1553.8 454.5 1554.1 440.8
1 0.62 1657.8 509.3 1657.5 524.4 1622.1 523.8 1622.4 508.7
1 0.6 1599.7 468.4 1594.2 482.0 1563.5 469.6 1569.0 456.0
1 0.55 1388.6 234.9 1383.2 247.7 1354.4 235.5 1359.9 222.7
1 0.44 1563.8 429.2 1553.0 437.7 1535.0 414.6 1545.7 406.1
1 0.42 1754.0 577.1 1743.3 584.4 1728.5 562.5 1739.2 555.3
1 0.41 1622.7 483.6 1621.9 498.9 1589.5 497.2 1590.3 481.9
1 0.3 1327.2 200.1 1316.3 212.7 1290.6 190.3 1301.5 177.7
1 0.63 954.5 313.4 941.3 314.3 939.1 282.1 952.2 281.2
1 0.6 943.7 216.7 929.8 220.9 919.1 186.0 933.0 181.7
1 0.59 1000.5 494.9 1008.8 505.5 982.9 525.7 974.6 515.1
1 0.59 952.4 258.5 939.5 260.6 934.5 229.0 947.4 227.0
1 0.53 956.8 460.5 969.3 468.0 951.1 498.3 938.6 490.8
1 0.4 948.3 440.7 958.7 446.0 946.2 470.7 935.7 465.4
1 0.31 1039.5 494.8 1040.1 506.4 1013.7 507.8 1013.1 496.2
1 0.56 1000.6 494.8 1008.9 505.4 982.9 525.7 974.6 515.1
1 0.52 956.9 460.5 969.3 468.0 951.1 498.4 938.6 490.9
1 0.36 948.2 441.0 958.6 446.3 946.2 470.6 935.9 465.3
1 0.29 1039.5 494.8 1040.1 506.4 1013.7 507.8 1013.1 496.2
1 0.68 1586.9 441.5 1586.7 455.1 1553.9 454.5 1554.1 441.0
1 0.62 1599.7 468.9 1594.0 482.2 1563.7 469.4 1569.3 456.0
1 0.54 1000.0 495.0 1008.4 505.7 982.7 525.8 974.3 515.1
1 0.28 1039.6 494.7 1040.2 506.5 1013.7 507.9 1013.1 496.1
1 0.66 1587.0 441.3 1586.8 455.1 1553.8 454.5 1554.0 440.7
1 0.63 1657.8 509.3 1657.5 524.4 1622.1 523.8 1622.4 508.7
1 0.61 1599.7 468.4 1594.2 482.0 1563.5 469.6 1569.0 456.0
1 0.61 1868.8 529.9 1869.5 543.0 1836.4 544.8 1835.7 531.7
1 0.55 1388.7 234.9 1383.2 247.8 1354.4 235.5 1359.9 222.7
1 0.55 1887.4 549.5 1892.8 563.5 1860.1 576.1 1854.7 562.0
1 0.45 1563.8 429.2 1553.0 437.7 1534.9 414.6 1545.8 406.1
1 0.44 1622.7 483.6 1621.9 498.9 1589.5 497.2 1590.3 481.9
1 0.43 1754.0 577.1 1743.3 584.4 1728.5 562.5 1739.3 555.3
1 0.37 1327.2 200.1 1316.2 212.7 1290.2 190.1 1301.2 177.5
1 0.28 1313.0 94.7 1302.7 102.2 1285.7 78.8 1296.0 71.3
1 0.66 1587.0 441.3 1586.7 455.1 1553.8 454.5 1554.0 440.7
1 0.59 1599.7 468.8 1594.0 482.3 1563.6 469.4 1569.3 455.9
1 0.58 1000.5 494.8 1008.8 505.5 982.8 525.8 974.5 515.1
1 0.48 1563.8 429.2 1553.0 437.6 1535.0 414.5 1545.7 406.1
1 0.3 1039.6 494.7 1040.2 506.5 1013.6 507.9 1013.0 496.1
1 0.68 1587.0 441.5 1586.8 455.1 1553.9 454.5 1554.1 440.9
1 0.64 1833.7 635.0 1844.7 645.6 1820.3 670.9 1809.3 660.3
1 0.63 1599.7 468.4 1594.2 482.0 1563.5 469.6 1569.0 456.0
1 0.62 1657.8 509.4 1657.6 524.5 1622.1 523.9 1622.4 508.8
1 0.62 1869.0 529.8 1869.7 543.0 1836.4 544.8 1835.7 531.6
1 0.6 1868.2 767.7 1852.5 770.5 1846.6 737.1 1862.3 734.3
1 0.57 1887.5 549.4 1892.9 563.6 1860.1 576.2 1854.6 562.0
1 0.57 1814.3 626.5 1824.9 637.5 1799.9 661.7 1789.3 650.7
1 0.52 1910.9 666.1 1897.1 672.5 1883.5 643.4 1897.3 637.0
1 0.48 1754.1 577.1 1743.3 584.4 1728.5 562.5 1739.3 555.2
1 0.44 1622.7 483.6 1621.9 498.9 1589.6 497.2 1590.4 481.9
1 0.63 954.5 313.3 941.4 314.3 939.1 282.1 952.2 281.2
1 0.59 1000.5 494.8 1008.8 505.5 982.9 525.7 974.6 515.1
1 0.54 956.8 460.5 969.3 468.0 951.1 498.3 938.6 490.8
1 0.4 948.3 440.7 958.7 446.0 946.2 470.7 935.7 465.4
1 0.37 953.7 259.1 939.6 261.6 934.0 229.7 948.1 227.2
1 0.32 1039.6 494.8 1040.2 506.5 1013.6 507.8 1013.0 496.2
1 0.52 51.3 410.3 55.6 423.4 25.3 433.2 21.0 420.2
1 0.45 30.3 402.3 33.6 414.7 2.2 423.1 -1.2 410.8
1 0.67 1587.0 441.3 1586.7 455.1 1553.8 454.5 1554.0 440.7
1 0.59 1599.7 468.9 1594.0 482.3 1563.6 469.4 1569.3 455.9
1 0.58 1000.5 494.8 1008.9 505.5 982.9 525.8 974.5 515.1
1 0.55 1388.6 234.9 1383.2 247.7 1354.4 235.5 1359.9 222.7
1 0.47 1563.8 429.2 1553.0 437.6 1535.0 414.5 1545.7 406.1
1 0.32 1039.6 494.7 1040.2 506.5 1013.6 507.9 1013.0 496.1
1 0.3 1327.2 200.1 1316.3 212.6 1290.7 190.3 1301.6 177.8
1 0.63 954.5 313.4 941.3 314.3 939.1 282.1 952.2 281.2
1 0.59 1000.5 494.9 1008.8 505.4 982.9 525.7 974.6 515.1
1 0.53 956.8 460.5 969.3 468.0 951.1 498.3 938.6 490.8
1 0.41 948.3 440.7 958.7 446.0 946.1 470.7 935.7 465.4
1 0.36 953.7 259.1 939.6 261.6 933.9 229.6 948.0 227.2
1 0.29 1039.6 494.8 1040.2 506.4 1013.6 507.8 1013.0 496.2
1 0.5 51.3 410.3 55.6 423.4 25.3 433.2 21.0 420.1
1 0.44 30.3 402.3 33.6 414.7 2.2 423.1 -1.1 410.7
1 0.66 1587.1 441.3 1586.8 455.1 1553.8 454.6 1554.0 440.7
1 0.63 1833.7 635.1 1844.6 645.7 1820.3 670.9 1809.3 660.3
1 0.63 1657.8 509.3 1657.5 524.4 1622.1 523.8 1622.4 508.7
1 0.62 1868.8 529.9 1869.5 543.0 1836.4 544.8 1835.7 531.6
1 0.61 1599.7 468.4 1594.2 482.0 1563.5 469.6 1569.0 456.0
1 0.59 1868.4 766.5 1852.7 769.6 1846.2 736.6 1861.9 733.5
1 0.58 1814.7 626.7 1825.3 637.8 1800.5 661.7 1789.9 650.7
1 0.57 1887.4 549.5 1892.8 563.5 1860.1 576.1 1854.7 562.0
1 0.51 1910.9 666.1 1897.1 672.5 1883.5 643.4 1897.3 637.0
1 0.47 1754.0 577.1 1743.3 584.4 1728.5 562.5 1739.3 555.3
1 0.45 1563.8 429.3 1553.0 437.7 1535.0 414.5 1545.7 406.1
1 0.43 1622.7 483.6 1621.9 499.0 1589.5 497.3 1590.3 481.9
1 0.55 1000.6 494.7 1009.0 505.4 982.9 525.8 974.5 515.1
1 0.52 956.9 460.4 969.4 467.9 951.1 498.4 938.6 490.9
1 0.37 948.2 441.0 958.6 446.3 946.2 470.6 935.9 465.3
1 0.31 1039.6 494.8 1040.2 506.5 1013.7 507.9 1013.1 496.2
1 0.67 1587.0 441.5 1586.8 455.1 1553.9 454.5 1554.2 440.9
1 0.62 1657.9 509.4 1657.6 524.5 1622.1 523.9 1622.4 508.8
1 0.62 1599.7 468.4 1594.2 482.0 1563.6 469.6 1569.0 456.0
1 0.62 1833.5 635.4 1844.4 645.9 1820.1 671.0 1809.2 660.5
1 0.57 1814.3 626.5 1824.9 637.5 1799.8 661.7 1789.2 650.8
1 0.47 1754.1 577.1 1743.3 584.4 1728.5 562.5 1739.3 555.2
1 0.4 1622.7 483.6 1621.9 498.9 1589.6 497.2 1590.4 481.9
