1 0.65 1590.8 872.1 1590.6 886.0 1557.2 885.4 1557.4 871.5
1 0.63 1602.9 899.6 1597.6 913.4 1566.8 901.6 1572.1 887.8
1 0.62 1661.0 939.7 1660.5 955.2 1624.2 954.0 1624.7 938.4
1 0.59 1393.2 669.2 1387.6 681.6 1358.6 668.7 1364.1 656.3
1 0.5 1566.0 859.6 1555.6 867.7 1538.3 845.4 1548.6 837.4
1 0.44 1626.3 918.7 1624.2 931.8 1593.8 927.0 1595.9 913.8
1 0.44 1754.7 1004.3 1744.5 1011.7 1729.5 991.0 1739.7 983.6
1 0.38 1331.5 632.9 1321.8 645.0 1294.9 623.2 1304.7 611.1
1 0.26 1816.9 1053.1 1828.4 1065.5 1803.0 1089.2 1791.5 1076.8
1 0.65 958.9 748.6 945.8 749.5 943.5 717.5 956.7 716.6
1 0.62 1004.1 930.1 1013.1 941.3 987.8 961.8 978.8 950.6
1 0.62 947.8 651.6 934.1 655.8 924.0 622.6 937.6 618.4
1 0.59 956.5 693.6 943.9 695.1 940.0 663.6 952.6 662.0
1 0.58 961.0 896.2 973.7 903.8 955.7 933.9 942.9 926.2
1 0.44 953.0 877.0 963.6 881.9 951.6 907.7 941.0 902.8
1 0.27 1043.1 929.3 1044.2 942.4 1017.5 944.7 1016.3 931.7
1 0.27 591.3 465.8 594.3 481.2 549.6 489.9 546.6 474.5
1 0.26 591.3 465.7 594.3 481.2 549.6 489.9 546.6 474.4
1 0.65 1590.8 872.1 1590.6 886.0 1557.1 885.4 1557.4 871.5
1 0.63 1603.0 899.6 1597.6 913.4 1566.8 901.6 1572.1 887.8
1 0.62 1661.0 939.7 1660.5 955.2 1624.2 954.0 1624.7 938.4
1 0.59 1393.2 669.2 1387.6 681.6 1358.6 668.7 1364.2 656.3
1 0.54 1871.3 958.2 1871.3 972.4 1838.3 972.4 1838.3 958.2
1 0.51 1566.0 859.7 1555.7 867.7 1538.3 845.5 1548.6 837.4
1 0.51 1888.3 978.2 1893.0 992.8 1860.0 1003.5 1855.2 989.0
1 0.45 1331.5 632.9 1321.7 644.9 1294.7 623.1 1304.4 611.1
1 0.45 1626.3 918.6 1624.2 931.8 1593.8 927.0 1595.9 913.8
1 0.43 1754.7 1004.3 1744.5 1011.8 1729.4 991.0 1739.7 983.6
1 0.34 1817.0 1053.0 1828.4 1065.3 1802.9 1089.2 1791.4 1076.8
1 0.59 1393.2 669.3 1387.7 681.7 1358.7 668.7 1364.2 656.4
1 0.51 1566.0 859.8 1555.8 867.7 1538.3 845.4 1548.5 837.4
1 0.45 1331.4 632.9 1321.8 644.8 1294.9 623.1 1304.5 611.2
1 0.35 1589.9 871.2 1589.9 884.7 1557.4 884.7 1557.4 871.2
1 0.65 959.0 748.6 945.8 749.5 943.5 717.5 956.7 716.6
1 0.62 947.9 651.7 934.1 655.9 924.0 622.6 937.7 618.4
1 0.6 956.5 693.7 943.9 695.2 940.0 663.5 952.6 662.0
1 0.32 1331.5 632.9 1321.8 644.9 1294.8 623.0 1304.5 611.1
1 0.56 57.8 838.2 62.4 850.9 30.9 862.3 26.3 849.7
1 0.51 25.8 854.1 26.5 867.6 -5.2 869.2 -5.9 855.7
1 0.49 35.5 830.7 38.7 842.7 7.2 851.1 4.0 839.2
1 0.29 591.3 465.8 594.3 481.2 549.7 489.9 546.7 474.5
1 0.64 959.0 748.6 945.8 749.5 943.5 717.5 956.7 716.5
1 0.62 1004.1 930.1 1013.1 941.3 987.8 961.8 978.7 950.7
1 0.62 947.8 651.6 934.1 655.8 924.0 622.6 937.6 618.4
1 0.59 956.5 693.6 943.8 695.1 940.0 663.6 952.6 662.0
1 0.58 961.0 896.1 973.8 903.8 955.7 933.9 942.9 926.2
1 0.44 953.0 876.9 963.6 881.9 951.6 907.7 941.0 902.8
1 0.28 1331.2 632.9 1321.4 645.0 1294.5 623.2 1304.3 611.1
1 0.58 1393.2 669.3 1387.7 681.7 1358.6 668.7 1364.1 656.4
1 0.51 1565.9 859.8 1555.8 867.7 1538.3 845.4 1548.5 837.5
1 0.42 1331.4 632.9 1321.8 644.8 1295.1 623.1 1304.6 611.3
1 0.31 1590.0 871.2 1590.0 884.7 1557.4 884.7 1557.4 871.2
1 0.59 1393.2 669.3 1387.7 681.7 1358.6 668.7 1364.1 656.4
1 0.5 1331.4 632.9 1321.7 644.8 1294.6 622.9 1304.2 611.0
1 0.48 1566.0 859.8 1555.8 867.8 1538.3 845.4 1548.5 837.4
1 0.31 1590.0 871.2 1590.0 884.7 1557.4 884.7 1557.4 871.2
1 0.65 1590.7 872.1 1590.4 886.0 1557.2 885.4 1557.4 871.5
1 0.61 1004.1 930.1 1013.2 941.3 987.8 961.9 978.7 950.6
1 0.59 1393.2 669.2 1387.6 681.6 1358.6 668.7 1364.2 656.3
1 0.53 1565.9 859.7 1555.7 867.7 1538.3 845.5 1548.6 837.4
1 0.52 1606.4 900.8 1600.6 915.2 1566.6 901.5 1572.4 887.0
1 0.38 1331.5 632.9 1321.7 644.9 1294.9 623.2 1304.6 611.1
1 0.25 1043.1 929.2 1044.2 942.4 1017.4 944.8 1016.3 931.6
1 0.29 945.4 649.5 931.3 653.0 923.6 621.8 937.6 618.3
1 0.57 57.9 838.1 62.5 850.9 30.9 862.3 26.3 849.6
1 0.53 35.8 830.7 39.0 842.7 7.3 851.2 4.1 839.2
1 0.51 25.9 854.0 26.6 867.6 -5.5 869.3 -6.2 855.7
1 0.65 959.0 748.6 945.8 749.5 943.6 717.5 956.7 716.6
1 0.62 947.9 651.7 934.1 655.9 924.0 622.6 937.7 618.4
1 0.6 956.5 693.6 943.9 695.2 940.0 663.5 952.6 662.0
1 0.3 945.4 649.4 931.3 652.9 923.6 621.9 937.6 618.4
