1 0.29 1075.6 161.4 1086.9 165.7 1075.7 194.9 1064.4 190.6
1 0.28 1006.5 357.2 1020.7 361.0 1010.1 400.6 995.9 396.8
1 0.63 1817.3 417.8 1822.8 429.8 1794.8 442.8 1789.2 430.9
1 0.62 1885.6 518.7 1877.3 529.3 1852.4 509.9 1860.7 499.3
1 0.58 1832.9 400.5 1820.7 407.2 1804.6 378.2 1816.8 371.4
1 0.44 1782.1 439.0 1787.6 448.5 1765.1 461.4 1759.7 452.0
1 0.63 1817.2 417.9 1822.8 429.8 1794.8 442.8 1789.2 430.9
1 0.58 1833.0 400.4 1820.7 407.2 1804.6 378.2 1816.9 371.4
1 0.55 1593.7 67.5 1589.5 80.4 1559.7 70.8 1563.8 57.8
1 0.55 1761.6 153.7 1768.3 165.8 1739.4 181.8 1732.7 169.7
1 0.55 1547.8 50.4 1541.3 63.6 1511.2 48.9 1517.6 35.7
1 0.48 1774.2 187.7 1781.7 198.9 1755.7 216.4 1748.2 205.2
1 0.43 1782.1 439.0 1787.6 448.5 1765.1 461.4 1759.7 452.0
1 0.43 1614.8 146.3 1623.9 156.8 1598.7 178.7 1589.6 168.2
1 0.39 1752.9 135.6 1758.6 146.7 1735.6 158.4 1730.0 147.2
1 0.63 1817.2 417.8 1822.8 429.8 1794.8 442.9 1789.2 430.9
1 0.62 1885.6 518.7 1877.3 529.3 1852.4 509.9 1860.7 499.3
1 0.58 1833.0 400.5 1820.7 407.3 1804.6 378.2 1816.8 371.4
1 0.56 1593.7 67.5 1589.5 80.5 1559.6 70.8 1563.8 57.8
1 0.56 1547.8 50.5 1541.4 63.7 1511.2 48.9 1517.6 35.7
1 0.56 1761.6 153.6 1768.4 165.8 1739.4 181.8 1732.6 169.7
1 0.51 1774.2 187.6 1781.9 198.8 1755.7 216.5 1748.1 205.2
1 0.45 1614.8 146.2 1624.0 156.7 1598.7 178.7 1589.5 168.1
1 0.44 1782.1 439.0 1787.6 448.5 1765.1 461.5 1759.6 452.0
1 0.41 1752.9 135.5 1758.6 146.7 1735.6 158.5 1729.9 147.2
1 0.63 1817.2 417.9 1822.8 429.8 1794.8 442.8 1789.2 430.9
1 0.59 1833.0 400.4 1820.7 407.1 1804.7 378.2 1816.9 371.5
1 0.44 1782.1 439.0 1787.5 448.5 1765.2 461.4 1759.7 452.0
1 0.29 1006.5 357.4 1020.6 361.1 1010.1 400.6 996.0 396.8
1 0.31 1006.5 357.3 1020.7 361.1 1010.1 400.5 996.0 396.7
1 0.58 1885.7 518.7 1877.3 529.3 1852.3 509.8 1860.7 499.1
1 0.38 1782.2 438.7 1787.5 448.1 1765.4 460.8 1760.0 451.5
1 0.58 1593.3 67.5 1589.2 80.3 1559.7 70.7 1563.9 58.0
1 0.56 1547.8 50.5 1541.4 63.6 1511.2 48.9 1517.6 35.8
1 0.33 1006.1 357.1 1020.5 360.7 1010.6 400.6 996.2 397.0
1 0.31 1075.6 161.4 1086.9 165.8 1075.7 194.9 1064.4 190.6
1 0.34 1075.6 161.4 1086.9 165.7 1075.7 194.9 1064.4 190.6
1 0.32 1006.2 357.1 1020.5 360.7 1010.6 400.5 996.2 397.0
1 0.35 1782.0 438.9 1787.3 448.1 1765.5 460.7 1760.2 451.5
1 0.33 1006.1 357.3 1020.4 360.9 1010.6 400.5 996.2 396.9
