1 0.67 1817.8 536.0 1823.5 548.3 1795.6 561.3 1789.8 549.0
1 0.6 1833.6 518.3 1821.5 525.3 1805.3 497.2 1817.4 490.3
1 0.43 1782.2 557.0 1787.6 566.5 1764.7 579.7 1759.3 570.2
1 0.68 1817.9 535.8 1823.7 548.2 1795.6 561.3 1789.8 548.9
1 0.64 1762.8 271.6 1769.4 284.0 1741.0 299.0 1734.5 286.7
1 0.61 1419.0 35.6 1418.5 50.6 1384.6 49.4 1385.1 34.4
1 0.6 1834.0 518.7 1821.1 525.8 1805.1 497.0 1818.0 489.8
1 0.6 1549.5 167.3 1542.7 181.2 1512.0 166.3 1518.8 152.3
1 0.56 1775.8 304.2 1783.5 315.6 1757.4 333.2 1749.7 321.8
1 0.56 1595.1 185.4 1591.0 198.0 1561.4 188.4 1565.5 175.8
1 0.56 1885.8 636.2 1877.4 647.0 1852.4 627.5 1860.9 616.8
1 0.55 1857.4 96.0 1864.6 110.7 1828.8 128.2 1821.7 113.5
1 0.47 1782.3 556.9 1787.8 566.5 1764.7 579.8 1759.1 570.2
1 0.39 1754.8 253.0 1760.4 264.0 1737.2 275.8 1731.6 264.9
1 0.38 1451.4 116.8 1448.5 131.6 1419.4 126.0 1422.3 111.2
1 0.37 1616.3 264.7 1625.3 275.8 1599.0 297.1 1590.0 286.0
1 0.61 1419.0 35.6 1418.5 50.6 1384.6 49.4 1385.1 34.4
1 0.6 1549.4 167.3 1542.7 181.2 1512.1 166.3 1518.8 152.4
1 0.58 1595.0 185.4 1590.9 197.9 1561.5 188.3 1565.5 175.9
1 0.38 1451.4 116.9 1448.5 131.6 1419.4 126.0 1422.3 111.2
1 0.37 1075.9 281.1 1087.2 285.5 1076.3 313.8 1065.0 309.4
1 0.31 1005.9 480.0 1019.8 483.4 1010.6 520.3 996.7 516.8
1 0.29 1063.8 318.2 1074.3 322.8 1061.7 351.1 1051.2 346.4
1 0.68 1817.9 535.9 1823.6 548.3 1795.6 561.3 1789.9 548.9
1 0.65 1762.8 271.7 1769.3 284.0 1741.1 299.0 1734.5 286.7
1 0.6 1833.9 518.5 1821.1 525.6 1805.2 496.9 1818.0 489.8
1 0.6 1419.0 35.6 1418.5 50.7 1384.6 49.5 1385.1 34.4
1 0.59 1549.5 167.3 1542.7 181.3 1512.0 166.3 1518.8 152.3
1 0.55 1595.2 185.4 1591.1 198.1 1561.4 188.4 1565.5 175.8
1 0.54 1775.8 304.2 1783.5 315.6 1757.4 333.3 1749.6 321.8
1 0.46 1782.2 556.9 1787.7 566.5 1764.7 579.8 1759.2 570.2
1 0.4 1451.4 116.8 1448.5 131.6 1419.4 126.0 1422.2 111.2
1 0.4 1754.8 253.0 1760.4 264.0 1737.2 275.8 1731.6 264.9
1 0.37 1616.4 264.7 1625.3 275.8 1599.0 297.1 1590.0 286.1
1 0.44 1075.9 281.1 1087.3 285.5 1076.4 313.8 1065.0 309.4
1 0.33 1063.8 318.2 1074.3 322.8 1061.8 351.1 1051.2 346.4
1 0.29 1005.9 479.9 1019.8 483.4 1010.6 520.3 996.7 516.8
1 0.26 1040.5 383.5 1052.6 387.9 1041.0 419.7 1029.0 415.3
1 0.41 1075.9 281.1 1087.2 285.5 1076.4 313.8 1065.0 309.4
1 0.32 1063.8 318.2 1074.3 322.9 1061.7 351.1 1051.2 346.4
1 0.29 1005.9 480.1 1019.7 483.5 1010.6 520.2 996.8 516.8
1 0.25 1040.5 383.5 1052.6 387.9 1041.0 419.7 1029.0 415.3
1 0.26 1006.0 479.6 1019.9 483.0 1010.6 520.2 996.7 516.8
1 0.39 1075.9 281.1 1087.2 285.4 1076.4 313.8 1065.0 309.4
1 0.28 1063.8 318.2 1074.2 322.8 1061.7 351.1 1051.2 346.4
1 0.25 1005.9 480.2 1019.7 483.6 1010.6 520.2 996.7 516.8
1 0.31 1006.0 479.3 1020.0 482.8 1010.7 520.3 996.6 516.8
1 0.67 1817.8 536.0 1823.5 548.3 1795.6 561.3 1789.8 549.0
1 0.62 1885.7 636.4 1877.6 646.8 1852.6 627.2 1860.7 616.9
1 0.61 1833.8 518.6 1821.1 525.6 1805.1 496.9 1817.9 489.8
1 0.45 1782.2 556.9 1787.7 566.5 1764.7 579.8 1759.2 570.2
1 0.68 1817.8 535.9 1823.6 548.3 1795.7 561.3 1789.9 548.9
1 0.65 1762.8 271.7 1769.3 284.0 1741.1 299.0 1734.5 286.7
1 0.6 1833.9 518.5 1821.1 525.6 1805.2 496.9 1818.0 489.8
1 0.56 1775.8 304.2 1783.5 315.6 1757.4 333.2 1749.7 321.8
1 0.43 1782.2 557.0 1787.7 566.5 1764.7 579.7 1759.3 570.2
1 0.43 1754.8 253.1 1760.3 264.0 1737.2 275.7 1731.7 264.9
1 0.37 1616.4 264.8 1625.3 275.8 1599.0 297.1 1590.1 286.1
1 0.67 1817.9 535.9 1823.7 548.3 1795.6 561.3 1789.9 548.9
1 0.65 1762.8 271.7 1769.3 284.0 1741.1 299.0 1734.5 286.7
1 0.6 1885.8 636.5 1877.7 646.9 1852.6 627.2 1860.7 616.9
1 0.6 1834.0 518.7 1821.1 525.8 1805.1 497.0 1818.0 489.8
1 0.57 1775.8 304.2 1783.5 315.6 1757.4 333.2 1749.7 321.8
1 0.44 1782.3 556.8 1787.9 566.4 1764.7 579.8 1759.1 570.2
1 0.42 1754.9 253.1 1760.4 264.0 1737.2 275.8 1731.6 264.9
1 0.38 1616.4 264.7 1625.3 275.8 1599.0 297.1 1590.0 286.1
1 0.36 1075.9 281.1 1087.2 285.4 1076.3 313.8 1065.0 309.5
1 0.28 1005.9 480.1 1019.7 483.6 1010.6 520.2 996.7 516.8
1 0.28 1063.8 318.2 1074.2 322.8 1061.6 351.1 1051.3 346.4
1 0.3 1006.0 479.2 1020.0 482.7 1010.7 520.3 996.7 516.8
1 0.41 1075.9 281.1 1087.2 285.5 1076.4 313.7 1065.0 309.4
1 0.31 1063.8 318.2 1074.3 322.8 1061.7 351.1 1051.2 346.4
1 0.3 1005.9 479.9 1019.8 483.4 1010.6 520.3 996.7 516.8
1 0.25 1040.5 383.5 1052.6 387.9 1041.1 419.7 1028.9 415.3
