1 0.34 1040.5 504.5 1051.8 508.2 1041.8 538.9 1030.5 535.3
1 0.26 1064.2 438.7 1075.0 443.8 1062.2 471.1 1051.5 466.0
1 0.25 1006.5 600.8 1020.5 604.2 1011.3 641.2 997.3 637.7
1 0.68 1817.9 654.2 1824.2 666.7 1796.7 680.7 1790.3 668.3
1 0.61 1886.6 754.1 1878.2 764.8 1853.1 745.2 1861.4 734.4
1 0.57 1834.5 637.2 1822.4 644.2 1806.0 615.9 1818.2 608.8
1 0.48 1783.7 676.2 1788.7 686.1 1764.4 698.5 1759.3 688.6
1 0.68 1817.9 654.2 1824.2 666.7 1796.7 680.7 1790.3 668.2
1 0.57 1834.5 637.1 1822.4 644.1 1806.1 615.9 1818.2 608.9
1 0.47 1783.6 676.3 1788.6 686.2 1764.4 698.5 1759.4 688.6
1 0.67 1817.9 654.3 1824.2 666.7 1796.6 680.7 1790.3 668.3
1 0.61 1764.9 389.1 1771.9 401.8 1743.0 417.8 1736.0 405.2
1 0.6 1551.0 286.1 1544.2 300.0 1513.4 285.0 1520.2 271.1
1 0.56 1834.4 637.0 1822.4 644.0 1806.2 615.9 1818.2 608.9
1 0.55 1596.6 304.1 1592.5 316.6 1562.3 306.7 1566.4 294.3
1 0.54 1777.2 422.6 1785.0 434.1 1758.9 451.7 1751.1 440.2
1 0.47 1618.0 382.2 1627.5 393.4 1601.2 415.5 1591.7 404.2
1 0.42 1783.5 676.4 1788.5 686.2 1764.4 698.5 1759.4 688.7
1 0.42 1757.0 371.1 1762.5 382.0 1738.9 394.0 1733.3 383.1
1 0.63 1420.2 154.6 1419.5 169.2 1385.6 167.5 1386.4 152.8
1 0.62 1764.9 389.2 1771.9 401.8 1743.0 417.8 1736.0 405.2
1 0.6 1551.0 286.1 1544.2 300.0 1513.4 285.0 1520.2 271.1
1 0.55 1596.6 304.1 1592.5 316.6 1562.4 306.8 1566.4 294.3
1 0.54 1777.2 422.5 1785.0 434.1 1758.9 451.7 1751.1 440.2
1 0.48 1618.0 382.1 1627.5 393.4 1601.2 415.5 1591.7 404.2
1 0.44 1452.3 235.0 1449.7 249.6 1420.0 244.4 1422.6 229.8
1 0.42 1757.0 371.0 1762.6 382.0 1738.9 394.1 1733.3 383.1
1 0.36 1834.3 636.3 1821.5 643.4 1805.6 614.8 1818.4 607.7
1 0.33 1040.5 504.6 1051.8 508.2 1041.8 538.9 1030.6 535.3
1 0.31 1076.3 401.5 1087.7 405.8 1077.0 433.6 1065.7 429.2
1 0.63 1420.3 154.6 1419.5 169.2 1385.6 167.5 1386.4 152.8
1 0.62 1764.9 389.1 1772.0 401.8 1743.0 417.9 1736.0 405.2
1 0.6 1551.0 286.1 1544.2 300.1 1513.4 285.0 1520.2 271.1
1 0.56 1777.2 422.5 1785.1 434.1 1758.9 451.7 1751.0 440.1
1 0.55 1596.5 304.1 1592.5 316.5 1562.4 306.8 1566.4 294.3
1 0.51 1859.0 213.5 1866.3 228.3 1830.5 245.8 1823.2 230.9
1 0.47 1618.0 382.2 1627.5 393.5 1601.2 415.6 1591.7 404.3
1 0.43 1452.3 235.1 1449.7 249.6 1420.0 244.4 1422.6 229.8
1 0.41 1757.0 371.0 1762.6 382.0 1738.8 394.1 1733.2 383.1
1 0.36 1834.2 636.3 1821.5 643.3 1805.7 614.8 1818.4 607.8
1 0.37 1076.3 401.5 1087.7 405.9 1077.1 433.6 1065.7 429.2
1 0.36 1040.5 504.6 1051.8 508.3 1041.8 538.9 1030.5 535.3
1 0.33 1040.5 504.6 1051.8 508.2 1041.8 539.0 1030.5 535.3
1 0.34 1040.5 504.6 1051.8 508.3 1041.8 538.9 1030.6 535.3
1 0.32 1076.3 401.5 1087.7 405.9 1077.0 433.6 1065.7 429.2
1 0.37 1076.3 401.5 1087.7 405.9 1077.1 433.6 1065.7 429.2
1 0.36 1040.5 504.6 1051.8 508.3 1041.8 538.9 1030.6 535.3
1 0.25 1064.4 438.9 1074.9 443.8 1062.3 470.8 1051.8 465.9
1 0.61 1551.0 286.1 1544.2 300.0 1513.5 285.0 1520.2 271.1
1 0.58 1596.4 304.0 1592.3 316.5 1562.3 306.7 1566.4 294.2
1 0.36 1040.5 504.5 1051.8 508.2 1041.8 538.9 1030.5 535.3
1 0.34 1076.3 401.5 1087.7 405.9 1077.0 433.6 1065.7 429.2
1 0.25 1006.7 600.3 1020.7 603.8 1011.4 641.1 997.4 637.6
1 0.68 1817.9 654.2 1824.2 666.7 1796.6 680.7 1790.3 668.3
1 0.61 1551.0 286.1 1544.2 300.0 1513.4 285.0 1520.2 271.1
1 0.61 1765.0 389.1 1772.0 401.8 1743.0 417.9 1735.9 405.2
1 0.6 1886.6 754.1 1878.2 764.8 1853.0 745.1 1861.4 734.4
1 0.58 1834.4 637.1 1822.3 644.1 1806.1 615.9 1818.2 608.9
1 0.55 1596.6 304.1 1592.5 316.6 1562.3 306.8 1566.4 294.3
1 0.54 1777.2 422.5 1785.0 434.1 1758.9 451.7 1751.1 440.2
1 0.48 1618.0 382.1 1627.5 393.4 1601.2 415.5 1591.7 404.2
1 0.45 1783.5 676.3 1788.6 686.2 1764.4 698.5 1759.3 688.6
1 0.41 1757.0 371.0 1762.6 382.0 1738.8 394.1 1733.2 383.1
1 0.63 1420.3 154.6 1419.5 169.2 1385.6 167.4 1386.4 152.8
1 0.6 1551.0 286.1 1544.2 300.0 1513.5 285.0 1520.2 271.1
1 0.58 1596.3 304.0 1592.3 316.4 1562.4 306.7 1566.5 294.3
1 0.42 1452.3 235.1 1449.7 249.6 1420.0 244.4 1422.6 229.8
1 0.36 1040.5 504.6 1051.8 508.3 1041.8 538.9 1030.6 535.3
1 0.35 1076.3 401.5 1087.7 405.9 1077.0 433.6 1065.7 429.2
1 0.34 1040.5 504.6 1051.8 508.2 1041.8 538.9 1030.6 535.3
1 0.27 1064.2 438.9 1074.9 443.9 1062.2 471.0 1051.6 466.0
