1 0.41 1041.5 623.0 1053.3 626.8 1043.3 657.6 1031.5 653.7
1 0.37 1077.6 521.1 1088.6 525.3 1078.1 552.5 1067.1 548.3
1 0.26 1066.1 557.3 1077.2 562.5 1064.0 590.9 1052.8 585.7
1 0.44 1041.6 623.2 1053.2 626.9 1043.2 657.6 1031.6 653.8
1 0.4 1077.5 521.1 1088.6 525.3 1078.1 552.7 1067.0 548.4
1 0.28 1066.0 557.5 1077.2 562.7 1064.0 590.9 1052.8 585.7
1 0.26 1006.7 722.0 1020.5 725.5 1012.0 759.9 998.1 756.4
1 0.63 1421.7 273.4 1420.9 288.2 1387.0 286.4 1387.8 271.6
1 0.63 1765.7 507.4 1772.8 519.8 1744.6 536.0 1737.5 523.7
1 0.61 1886.7 871.5 1878.5 882.3 1853.4 863.3 1861.5 852.5
1 0.61 1835.5 755.1 1823.5 762.1 1806.8 733.0 1818.7 726.1
1 0.6 1818.4 772.5 1824.8 785.0 1797.0 799.2 1790.6 786.7
1 0.57 1597.3 421.7 1593.1 434.6 1563.9 425.1 1568.0 412.2
1 0.57 1551.7 405.2 1545.3 418.3 1515.0 403.5 1521.4 390.4
1 0.53 1778.2 541.1 1786.0 552.8 1759.9 570.4 1752.1 558.7
1 0.51 1783.8 794.6 1788.9 804.8 1764.3 817.4 1759.1 807.2
1 0.51 1618.6 501.2 1628.4 512.9 1602.4 534.7 1592.6 523.0
1 0.42 1861.7 330.8 1869.0 345.8 1832.6 363.5 1825.3 348.6
1 0.41 1453.6 353.1 1451.3 367.7 1421.6 363.0 1423.9 348.4
1 0.39 1758.3 489.5 1764.0 500.7 1740.6 512.6 1734.9 501.4
1 0.63 1421.7 273.4 1420.9 288.2 1387.0 286.4 1387.8 271.6
1 0.59 1551.7 405.2 1545.3 418.2 1515.0 403.5 1521.4 390.4
1 0.57 1597.8 421.8 1593.6 434.7 1563.8 425.1 1568.1 412.1
1 0.41 1077.6 521.2 1088.5 525.4 1078.1 552.4 1067.2 548.2
1 0.33 1453.6 353.1 1451.3 367.8 1421.6 363.1 1423.9 348.3
1 0.29 1066.0 557.5 1077.1 562.6 1063.9 590.8 1052.9 585.7
1 0.43 1077.6 521.1 1088.5 525.4 1078.2 552.4 1067.2 548.2
1 0.32 1066.0 557.4 1077.2 562.6 1064.0 590.9 1052.8 585.7
1 0.41 1041.6 623.1 1053.2 626.9 1043.2 657.6 1031.6 653.8
1 0.37 1077.5 521.1 1088.6 525.3 1078.1 552.7 1067.0 548.4
1 0.38 1077.6 521.1 1088.5 525.3 1078.1 552.4 1067.2 548.2
1 0.26 1066.1 557.4 1077.1 562.6 1063.9 590.8 1052.9 585.7
1 0.64 1765.7 507.4 1772.8 519.7 1744.6 536.0 1737.5 523.7
1 0.63 1421.9 272.8 1421.1 287.6 1386.6 285.8 1387.4 271.0
1 0.6 1835.4 755.1 1823.5 761.9 1806.8 733.0 1818.8 726.1
1 0.6 1818.4 772.6 1824.8 785.1 1797.0 799.2 1790.6 786.7
1 0.57 1597.4 421.7 1593.2 434.6 1563.8 425.1 1568.0 412.2
1 0.56 1551.7 405.2 1545.3 418.3 1515.0 403.5 1521.4 390.4
1 0.53 1778.2 541.1 1786.0 552.8 1760.0 570.4 1752.1 558.7
1 0.51 1618.7 501.1 1628.5 512.9 1602.4 534.7 1592.6 523.0
1 0.5 1783.7 794.7 1788.9 804.8 1764.3 817.4 1759.1 807.2
1 0.42 1758.3 489.5 1764.0 500.7 1740.6 512.6 1734.9 501.4
1 0.4 1453.6 353.1 1451.2 367.7 1421.6 363.0 1423.9 348.4
1 0.43 1041.5 623.1 1053.3 626.9 1043.3 657.5 1031.6 653.7
1 0.41 1077.6 521.1 1088.6 525.3 1078.2 552.5 1067.1 548.3
1 0.31 1066.1 557.3 1077.2 562.5 1064.0 590.9 1052.8 585.7
1 0.26 1006.5 722.5 1020.4 726.0 1012.0 759.9 998.1 756.4
1 0.63 1421.7 273.4 1420.9 288.2 1387.0 286.4 1387.8 271.6
1 0.58 1551.7 405.2 1545.3 418.2 1515.0 403.5 1521.4 390.4
1 0.58 1597.7 421.8 1593.5 434.7 1563.9 425.1 1568.1 412.2
1 0.43 1041.5 623.0 1053.3 626.8 1043.3 657.5 1031.6 653.7
1 0.4 1453.6 353.1 1451.3 367.7 1421.6 363.0 1423.9 348.4
1 0.39 1077.6 521.1 1088.5 525.3 1078.1 552.5 1067.2 548.3
1 0.29 1066.1 557.2 1077.3 562.4 1064.0 590.9 1052.8 585.7
1 0.28 1006.5 722.4 1020.5 725.9 1012.0 759.9 998.0 756.4
1 0.64 1765.7 507.5 1772.7 519.7 1744.7 535.9 1737.6 523.7
1 0.61 1835.4 755.0 1823.5 761.9 1806.8 733.1 1818.8 726.2
1 0.6 1886.7 871.9 1878.3 882.6 1853.2 863.0 1861.6 852.2
1 0.59 1819.0 772.5 1825.3 784.8 1797.3 799.0 1791.1 786.7
1 0.56 1778.1 541.1 1786.0 552.7 1760.0 570.2 1752.2 558.6
1 0.53 1618.0 501.6 1627.7 512.8 1602.5 534.7 1592.8 523.5
1 0.47 1784.4 794.4 1789.7 804.5 1765.1 817.6 1759.8 807.5
1 0.41 1758.3 489.5 1764.0 500.7 1740.6 512.6 1734.9 501.4
1 0.44 1041.6 623.2 1053.2 626.9 1043.2 657.6 1031.6 653.8
1 0.39 1077.5 521.1 1088.6 525.4 1078.1 552.6 1067.0 548.4
1 0.28 1006.6 722.1 1020.6 725.6 1012.0 759.9 998.1 756.4
1 0.26 1066.0 557.5 1077.2 562.7 1064.0 590.9 1052.9 585.7
1 0.63 1765.7 507.4 1772.8 519.7 1744.6 536.0 1737.5 523.7
1 0.63 1421.7 273.4 1420.9 288.2 1387.0 286.4 1387.8 271.6
1 0.58 1551.7 405.2 1545.3 418.3 1515.0 403.5 1521.4 390.4
1 0.56 1597.4 421.7 1593.2 434.7 1563.8 425.1 1568.0 412.2
1 0.55 1778.2 541.1 1786.0 552.8 1760.0 570.3 1752.1 558.7
1 0.5 1618.6 501.1 1628.5 512.9 1602.4 534.8 1592.5 523.0
1 0.43 1758.3 489.4 1764.1 500.7 1740.6 512.7 1734.8 501.4
1 0.38 1861.7 330.8 1869.0 345.8 1832.5 363.6 1825.2 348.6
1 0.35 1453.6 353.1 1451.3 367.7 1421.6 363.0 1423.9 348.4
1 0.64 1765.7 507.5 1772.8 519.7 1744.7 536.0 1737.6 523.7
1 0.64 1421.9 272.8 1421.1 287.6 1386.6 285.8 1387.4 271.0
1 0.56 1551.7 405.2 1545.3 418.3 1515.0 403.5 1521.4 390.4
1 0.56 1597.4 421.7 1593.2 434.7 1563.8 425.1 1568.0 412.2
1 0.55 1778.2 541.2 1786.0 552.8 1760.0 570.3 1752.2 558.7
1 0.5 1618.6 501.2 1628.5 512.9 1602.4 534.8 1592.6 523.0
1 0.44 1758.3 489.5 1764.0 500.7 1740.6 512.6 1734.9 501.4
1 0.38 1453.6 353.1 1451.2 367.7 1421.6 363.0 1423.9 348.4
1 0.65 1765.7 507.5 1772.7 519.7 1744.7 535.9 1737.7 523.7
1 0.61 1835.4 754.9 1823.5 761.8 1806.9 733.1 1818.8 726.2
1 0.59 1819.0 772.5 1825.3 784.8 1797.4 799.0 1791.1 786.7
1 0.56 1778.1 541.1 1785.9 552.7 1760.0 570.2 1752.2 558.6
1 0.52 1618.1 501.6 1627.8 512.7 1602.5 534.7 1592.8 523.5
1 0.46 1784.3 794.5 1789.7 804.5 1765.1 817.5 1759.8 807.5
1 0.43 1758.3 489.5 1764.0 500.7 1740.7 512.5 1735.0 501.4
