1 0.62 995.2 728.9 1010.1 734.6 997.3 768.0 982.4 762.3
1 0.6 1216.9 635.1 1229.3 639.6 1218.6 669.1 1206.2 664.6
1 0.58 1202.0 768.9 1215.5 775.2 1201.7 804.8 1188.2 798.5
1 0.54 1278.4 276.0 1290.9 280.8 1279.1 311.6 1266.6 306.8
1 0.54 1257.8 559.5 1270.6 564.4 1258.7 595.5 1245.8 590.6
1 0.49 1242.3 365.2 1254.8 370.3 1243.5 398.3 1231.0 393.3
1 0.62 995.2 728.8 1010.1 734.5 997.3 768.0 982.4 762.3
1 0.64 266.5 287.0 280.7 292.1 269.2 323.5 255.1 318.4
1 0.63 309.6 361.9 324.7 368.3 310.8 401.0 295.7 394.7
1 0.61 286.2 344.0 301.8 350.3 287.7 385.3 272.0 379.0
1 0.59 377.7 346.2 392.6 352.5 378.0 387.0 363.1 380.7
1 0.56 355.5 319.9 370.7 325.8 357.9 359.2 342.6 353.4
1 0.51 274.3 426.7 289.5 431.7 278.6 465.3 263.3 460.4
1 0.43 249.3 268.6 264.0 274.8 250.4 306.8 235.8 300.6
1 0.39 291.0 506.4 305.9 513.7 290.9 544.4 276.0 537.1
1 0.65 16.9 833.5 31.1 839.0 19.3 869.6 5.2 864.2
1 0.48 100.4 439.7 126.2 449.6 97.6 524.0 71.8 514.1
1 0.38 67.8 984.6 83.9 990.8 71.3 1023.5 55.3 1017.3
1 0.45 242.7 729.1 257.6 734.8 244.6 768.6 229.7 762.9
1 0.45 209.8 438.2 223.3 443.4 211.7 473.7 198.2 468.5
1 0.46 81.9 779.2 94.8 784.5 83.5 812.5 70.6 807.3
1 0.47 167.6 839.1 182.9 844.9 169.8 879.0 154.5 873.1
1 0.47 130.8 946.4 145.7 952.4 131.9 986.6 117.0 980.6
1 0.48 50.8 955.8 65.1 961.3 53.2 992.2 38.9 986.7
1 0.5 225.4 550.7 240.1 555.4 229.2 589.0 214.5 584.3
1 0.6 61.1 695.8 75.9 701.5 63.2 734.7 48.3 729.0
1 0.5 176.1 744.9 190.5 750.7 177.5 782.9 163.1 777.1
1 0.54 109.7 796.4 125.4 802.5 111.9 837.8 96.1 831.7
1 0.55 220.6 491.8 235.0 497.3 223.2 528.1 208.8 522.6
1 0.57 158.1 722.0 173.2 728.1 159.9 761.2 144.7 755.1
1 0.58 71.8 754.3 84.6 759.2 74.0 786.8 61.2 781.9
1 0.58 110.9 933.4 126.6 939.4 113.1 974.6 97.3 968.5
1 0.6 212.6 652.3 227.1 657.8 214.4 690.9 199.9 685.3
1 0.33 291.0 506.5 305.8 513.7 290.9 544.3 276.0 537.1
1 0.62 995.2 728.8 1010.1 734.6 997.3 768.1 982.3 762.3
1 0.6 1216.9 635.1 1229.3 639.6 1218.6 669.1 1206.2 664.6
1 0.59 1202.0 769.0 1215.5 775.2 1201.7 804.7 1188.3 798.4
1 0.54 1257.5 558.7 1270.5 563.5 1259.2 594.7 1246.1 589.9
1 0.54 1278.4 275.9 1290.9 280.7 1279.1 311.6 1266.6 306.8
1 0.48 1242.3 365.2 1254.8 370.3 1243.5 398.3 1230.9 393.3
1 0.63 266.6 287.0 280.7 292.1 269.2 323.5 255.1 318.4
1 0.63 309.6 361.9 324.7 368.3 310.8 401.0 295.7 394.7
1 0.61 286.2 344.0 301.8 350.3 287.7 385.3 272.0 379.0
1 0.6 179.7 330.8 195.1 336.7 182.4 369.6 167.0 363.7
1 0.59 377.7 346.2 392.7 352.5 378.0 387.0 363.1 380.7
1 0.57 220.6 491.8 235.0 497.3 223.2 528.0 208.9 522.5
1 0.56 355.5 319.9 370.7 325.8 357.9 359.2 342.6 353.4
1 0.51 225.4 550.7 240.1 555.5 229.2 589.2 214.5 584.4
1 0.51 210.5 438.6 223.6 443.9 211.6 473.6 198.5 468.3
1 0.5 274.2 426.8 289.5 431.7 278.6 465.3 263.3 460.4
1 0.49 186.5 388.7 200.6 395.0 188.6 422.0 174.5 415.7
1 0.47 248.9 269.7 262.9 275.1 251.5 304.9 237.4 299.5
1 0.44 100.4 440.0 125.8 449.8 97.5 523.5 72.1 513.8
1 0.42 291.0 506.5 305.8 513.7 290.9 544.3 276.1 537.1
1 0.64 266.5 287.0 280.7 292.1 269.2 323.6 255.1 318.4
1 0.63 309.6 361.9 324.7 368.3 310.7 401.1 295.7 394.7
1 0.61 286.2 344.0 301.8 350.3 287.7 385.3 272.0 379.0
1 0.59 377.7 346.2 392.6 352.5 378.0 387.0 363.1 380.6
1 0.56 355.5 319.9 370.7 325.7 357.9 359.3 342.6 353.4
1 0.5 274.3 426.7 289.5 431.7 278.6 465.3 263.3 460.3
1 0.43 249.3 268.6 264.0 274.8 250.4 306.8 235.7 300.6
1 0.37 291.0 506.4 305.9 513.6 290.9 544.3 276.0 537.1
1 0.61 1216.8 635.0 1229.3 639.6 1218.5 669.3 1206.0 664.7
1 0.55 1257.5 558.7 1270.5 563.5 1259.2 594.7 1246.1 589.9
1 0.55 1278.4 275.9 1290.9 280.7 1279.1 311.6 1266.6 306.8
1 0.5 1242.3 365.2 1254.8 370.3 1243.5 398.3 1230.9 393.3
1 0.62 995.2 728.9 1010.1 734.6 997.3 768.0 982.4 762.3
1 0.62 995.2 728.8 1010.1 734.5 997.3 768.0 982.4 762.3
1 0.61 1202.0 769.1 1215.3 775.3 1201.7 804.6 1188.4 798.4
1 0.58 1216.9 635.0 1229.4 639.6 1218.6 669.2 1206.1 664.7
1 0.53 1258.1 558.2 1271.0 563.1 1258.8 594.9 1245.9 589.9
1 0.54 1257.8 559.5 1270.6 564.4 1258.7 595.5 1245.8 590.6
1 0.54 1278.4 275.9 1290.9 280.7 1279.1 311.6 1266.6 306.8
1 0.48 1242.3 365.2 1254.8 370.3 1243.5 398.3 1230.9 393.3
1 0.61 1216.8 635.0 1229.4 639.6 1218.5 669.3 1206.0 664.7
1 0.55 1257.8 558.7 1270.7 563.7 1258.8 594.6 1245.9 589.7
1 0.25 1202.0 767.7 1216.0 774.6 1200.9 805.5 1186.9 798.7
1 0.62 1202.0 769.1 1215.4 775.3 1201.7 804.6 1188.4 798.4
1 0.61 995.2 728.8 1010.2 734.5 997.3 768.0 982.4 762.3
1 0.59 1216.9 635.0 1229.4 639.6 1218.6 669.2 1206.1 664.7
1 0.54 1257.8 558.7 1270.7 563.7 1258.9 594.6 1246.0 589.7
1 0.54 1456.2 78.3 1467.4 84.1 1453.1 112.0 1441.9 106.3
1 0.54 1257.8 559.5 1270.6 564.4 1258.7 595.5 1245.8 590.6
1 0.54 1456.2 78.3 1467.4 84.0 1453.1 112.0 1441.9 106.3
1 0.54 1278.4 276.0 1290.9 280.8 1279.1 311.6 1266.6 306.8
1 0.49 1242.3 365.3 1254.8 370.3 1243.5 398.3 1231.0 393.3
1 0.55 1257.7 559.5 1270.6 564.4 1258.7 595.5 1245.8 590.6
1 0.54 1456.2 78.4 1467.4 84.1 1453.1 112.0 1441.9 106.3
1 0.54 1278.4 275.9 1290.9 280.7 1279.1 311.6 1266.5 306.8
1 0.5 1242.3 365.2 1254.8 370.3 1243.5 398.3 1230.9 393.2
1 0.66 16.9 833.4 31.1 838.9 19.3 869.6 5.1 864.2
1 0.63 266.5 287.0 280.7 292.1 269.2 323.5 255.1 318.4
1 0.43 167.6 839.3 182.7 845.1 169.8 878.6 154.7 872.8
1 0.45 100.4 439.9 125.8 449.7 97.5 523.5 72.1 513.8
1 0.46 242.7 729.1 257.6 734.8 244.6 768.5 229.7 762.8
1 0.47 249.3 269.1 263.6 274.8 251.3 305.3 237.0 299.5
1 0.49 81.9 779.4 94.8 784.6 83.5 812.6 70.6 807.4
1 0.49 186.5 388.8 200.6 395.0 188.6 422.0 174.4 415.7
1 0.5 274.2 426.7 289.5 431.7 278.6 465.3 263.3 460.4
1 0.51 225.4 550.7 240.1 555.5 229.2 589.2 214.5 584.4
1 0.51 210.5 438.6 223.6 443.9 211.6 473.6 198.5 468.3
1 0.53 176.1 744.9 190.5 750.7 177.5 782.9 163.1 777.1
1 0.54 109.7 796.3 125.5 802.3 111.9 837.8 96.1 831.8
1 0.56 355.5 319.9 370.7 325.8 357.9 359.2 342.6 353.4
1 0.57 220.6 491.8 235.0 497.3 223.2 528.0 208.9 522.5
1 0.58 158.1 722.1 173.1 728.1 159.8 761.2 144.8 755.1
1 0.58 71.8 754.2 84.6 759.1 74.0 786.8 61.2 781.9
1 0.59 377.7 346.2 392.6 352.5 378.0 387.0 363.1 380.6
1 0.59 212.6 652.2 227.1 657.8 214.4 690.8 199.9 685.2
1 0.61 61.0 695.9 75.9 701.6 63.3 734.6 48.3 728.9
1 0.61 179.7 330.7 195.1 336.7 182.4 369.6 167.0 363.7
1 0.61 286.2 344.0 301.8 350.3 287.7 385.3 272.1 379.0
1 0.63 309.6 361.9 324.7 368.3 310.8 401.1 295.7 394.7
1 0.41 290.7 506.5 305.6 513.4 291.2 544.3 276.3 537.3
