1 0.64 358.9 292.1 358.2 306.8 325.3 305.1 326.0 290.4
1 0.58 320.7 372.6 308.4 382.6 286.0 354.9 298.3 344.9
1 0.51 346.6 269.5 342.8 284.5 309.1 276.1 312.8 261.1
1 0.45 290.3 333.7 278.6 345.4 251.0 317.8 262.7 306.1
1 0.62 358.9 291.8 358.3 306.6 325.3 305.4 325.8 290.6
1 0.58 320.7 372.6 308.4 382.6 286.0 354.9 298.3 344.9
1 0.5 346.7 269.5 342.9 284.6 309.0 276.2 312.8 261.1
1 0.43 290.3 333.8 278.7 345.4 251.1 317.8 262.7 306.2
1 0.3 282.5 216.3 296.7 224.5 279.6 254.2 265.4 246.0
1 0.65 227.1 595.3 235.4 607.1 207.2 626.8 199.0 615.0
1 0.64 236.3 486.1 245.4 498.3 217.0 519.7 207.9 507.5
1 0.63 95.4 629.9 104.7 641.7 78.1 662.5 68.9 650.6
1 0.62 145.3 530.0 154.3 544.4 119.0 566.4 110.1 552.1
1 0.61 176.6 514.8 175.5 529.7 140.0 527.2 141.0 512.3
1 0.58 249.4 612.8 257.1 623.7 230.3 642.4 222.6 631.5
1 0.48 40.7 686.6 48.8 701.3 7.7 724.0 -0.4 709.4
1 0.43 98.5 577.1 97.4 589.8 63.6 586.9 64.7 574.1
1 0.42 119.9 566.8 116.1 580.1 85.9 571.4 89.7 558.2
1 0.66 227.2 595.3 235.4 607.0 207.2 626.8 199.0 615.0
1 0.64 359.0 292.1 358.2 306.8 325.3 305.1 326.0 290.4
1 0.31 46.8 54.6 36.3 64.4 14.3 40.8 24.8 31.0
1 0.31 181.5 66.2 178.4 81.9 144.0 75.2 147.1 59.5
1 0.32 234.9 155.9 224.0 168.0 199.0 145.4 209.9 133.3
1 0.37 117.9 -12.7 127.1 1.9 98.1 20.0 88.9 5.4
1 0.41 71.1 37.4 56.9 49.4 28.0 15.0 42.3 3.1
1 0.44 290.3 333.7 278.7 345.4 251.2 317.9 262.8 306.2
1 0.45 159.2 180.8 145.4 189.1 127.3 159.0 141.1 150.7
1 0.46 119.8 566.3 116.4 579.6 86.0 572.0 89.3 558.7
1 0.46 98.3 577.1 97.2 589.7 63.7 586.8 64.8 574.2
1 0.48 108.4 129.0 97.4 137.6 77.3 111.9 88.3 103.3
1 0.49 208.7 248.8 193.4 255.9 178.3 223.5 193.6 216.3
1 0.5 115.9 109.6 102.5 119.0 79.6 86.4 93.0 77.0
1 0.5 346.6 269.5 342.9 284.6 309.0 276.2 312.8 261.0
1 0.56 249.3 612.8 257.0 623.8 229.8 642.9 222.0 631.9
1 0.56 218.7 118.3 219.7 133.0 184.9 135.4 183.9 120.7
1 0.56 146.1 112.4 135.4 120.2 116.5 94.2 127.2 86.4
1 0.58 320.8 372.6 308.4 382.6 285.9 354.9 298.3 344.9
1 0.6 176.5 514.9 175.4 529.8 139.9 527.3 140.9 512.4
1 0.61 203.7 111.7 191.7 121.4 169.2 93.6 181.2 83.9
1 0.63 236.3 486.1 245.4 498.2 217.0 519.7 207.8 507.6
1 0.63 145.2 530.2 154.1 544.5 119.3 566.2 110.3 551.9
1 0.3 282.5 216.2 296.8 224.5 279.6 254.2 265.3 246.0
1 0.66 227.1 595.4 235.3 607.0 207.2 626.7 199.1 615.0
1 0.64 359.0 292.1 358.2 306.8 325.3 305.1 326.1 290.4
1 0.63 236.3 486.1 245.4 498.2 217.0 519.6 207.8 507.6
1 0.63 95.4 629.9 104.6 641.7 78.1 662.5 68.8 650.6
1 0.63 145.2 530.1 154.2 544.4 119.3 566.2 110.3 552.0
1 0.61 176.5 514.9 175.4 529.8 139.9 527.3 140.9 512.4
1 0.59 249.5 612.8 257.0 623.6 230.3 642.3 222.8 631.5
1 0.58 320.7 372.6 308.4 382.6 286.0 354.9 298.3 344.9
1 0.5 346.6 269.5 342.9 284.6 309.1 276.2 312.8 261.1
1 0.48 40.8 686.5 48.9 701.2 7.6 724.0 -0.5 709.4
1 0.46 98.3 577.1 97.2 589.7 63.7 586.8 64.8 574.2
1 0.45 290.3 333.7 278.6 345.4 251.1 317.9 262.8 306.2
1 0.45 119.8 566.3 116.4 579.6 85.9 572.0 89.2 558.7
