1 0.49 1278.3 426.9 1328.8 445.2 1277.0 587.5 1226.5 569.1
1 0.51 1277.2 434.3 1326.2 452.1 1276.9 587.6 1227.9 569.7
1 0.42 1129.3 829.7 1191.8 844.1 1147.6 1035.4 1085.2 1020.9
1 0.5 1278.3 427.0 1328.6 445.3 1276.8 587.5 1226.5 569.2
1 0.36 1384.2 125.4 1434.0 146.5 1374.9 285.7 1325.1 264.6
1 0.5 1277.2 434.4 1326.1 452.2 1276.8 587.5 1228.0 569.7
1 0.41 1130.4 827.1 1192.7 841.5 1148.0 1035.4 1085.6 1021.0
1 0.49 1278.3 426.9 1328.7 445.2 1277.0 587.4 1226.5 569.0
1 0.36 1384.5 125.1 1434.1 146.2 1374.8 285.7 1325.2 264.7
1 0.5 1278.4 426.6 1328.9 445.0 1277.1 587.3 1226.6 568.9
1 0.5 1277.2 434.6 1325.9 452.3 1276.7 587.5 1228.0 569.8
1 0.5 1278.3 426.5 1329.0 444.9 1277.1 587.6 1226.4 569.2
1 0.37 1384.2 125.3 1434.0 146.5 1375.0 285.6 1325.1 264.4
1 0.49 1278.2 427.5 1328.4 445.8 1276.8 587.6 1226.5 569.3
