1 0.5 856.2 582.7 802.4 599.2 756.7 449.6 810.5 433.2
1 0.46 893.4 763.3 842.0 769.6 825.3 633.2 876.7 626.9
1 0.51 856.4 583.1 802.4 599.6 756.6 449.6 810.6 433.1
1 0.5 905.1 1007.4 850.3 1010.3 842.8 867.7 897.6 864.9
1 0.49 857.8 583.9 803.0 600.7 756.3 447.9 811.1 431.1
1 0.45 894.1 762.9 842.2 770.2 822.9 632.5 874.8 625.2
1 0.5 905.0 1007.3 850.6 1010.2 843.2 867.9 897.5 865.0
1 0.49 857.7 584.0 803.0 600.8 756.3 448.1 811.0 431.4
1 0.46 894.1 762.8 842.0 770.1 822.6 632.6 874.8 625.2
1 0.49 857.9 584.1 803.1 600.8 756.3 447.9 811.1 431.1
1 0.3 897.1 765.4 842.6 773.0 823.1 633.6 877.5 626.0
1 0.27 898.2 1007.9 847.3 1008.8 844.8 867.8 895.7 866.9
1 0.5 856.1 582.8 802.3 599.3 756.6 449.7 810.4 433.3
1 0.46 893.6 763.4 841.7 769.8 825.0 633.2 876.8 626.8
1 0.51 856.4 583.0 802.5 599.5 756.7 449.7 810.6 433.3
1 0.5 856.2 582.7 802.5 599.1 756.8 449.7 810.5 433.2
1 0.34 895.8 765.6 842.5 772.1 825.5 633.8 878.8 627.3
1 0.51 856.3 583.0 802.4 599.5 756.6 449.8 810.5 433.3
