1 0.58 1652.6 464.2 1615.9 505.1 1501.5 402.1 1538.3 361.3
1 0.41 807.3 204.9 769.9 245.0 665.9 148.0 703.3 107.8
1 0.58 1652.7 464.3 1616.0 505.1 1501.7 402.2 1538.4 361.4
1 0.52 1909.8 755.0 1874.5 797.1 1758.3 699.6 1793.6 657.5
1 0.28 1645.2 450.0 1610.1 491.9 1504.0 402.9 1539.1 361.0
1 0.58 1652.7 464.2 1615.9 505.1 1501.4 402.0 1538.2 361.1
1 0.27 1645.7 450.2 1610.3 492.3 1503.8 403.0 1539.2 360.8
1 0.59 1652.8 464.3 1615.9 505.3 1501.4 402.1 1538.2 361.2
1 0.4 807.3 204.6 769.5 245.2 664.9 147.8 702.8 107.2
1 0.5 1909.5 756.3 1874.1 797.0 1759.1 697.0 1794.5 656.2
