1 0.61 1619.4 289.8 1634.2 294.6 1623.6 327.3 1608.8 322.5
1 0.48 1511.4 320.9 1499.8 328.8 1481.7 302.1 1493.4 294.2
1 0.48 1511.4 320.9 1499.8 328.8 1481.8 302.1 1493.4 294.3
1 0.45 1511.4 320.9 1499.8 328.8 1481.8 302.2 1493.5 294.3
1 0.61 1619.4 289.8 1634.2 294.6 1623.5 327.2 1608.8 322.5
1 0.49 1511.4 320.9 1499.8 328.8 1481.8 302.1 1493.4 294.3
1 0.61 1619.4 289.8 1634.1 294.5 1623.5 327.3 1608.8 322.5
1 0.48 1511.4 321.0 1499.8 328.8 1481.8 302.1 1493.4 294.3
1 0.44 1635.2 45.9 1632.1 61.6 1596.1 54.6 1599.2 38.9
1 0.61 1619.4 289.7 1634.2 294.5 1623.5 327.3 1608.8 322.5
1 0.47 1511.4 321.0 1499.8 328.8 1481.8 302.2 1493.4 294.3
1 0.45 1635.2 45.9 1632.2 61.6 1596.1 54.6 1599.2 38.9
0 0.26 893.3 195.2 1039.5 215.7 966.1 737.8 820.0 717.3
