1 0.67 1674.7 558.4 1661.8 564.7 1647.1 534.5 1660.0 528.3
1 0.62 1717.7 249.1 1703.3 257.7 1684.8 227.0 1699.2 218.4
1 0.55 1556.0 377.3 1541.6 382.8 1529.7 351.8 1544.1 346.3
1 0.5 1645.2 476.3 1633.2 483.2 1617.2 455.4 1629.2 448.5
1 0.53 1556.0 377.4 1541.6 382.9 1529.7 351.8 1544.1 346.2
1 0.67 1674.7 558.4 1661.8 564.8 1647.0 534.5 1660.0 528.2
1 0.63 1905.8 1021.9 1892.4 1028.4 1877.5 998.1 1890.9 991.5
1 0.53 1869.5 758.5 1857.7 766.7 1838.1 738.7 1849.9 730.5
1 0.52 1645.3 476.4 1633.2 483.3 1617.1 455.3 1629.1 448.4
1 0.47 1823.9 673.6 1811.2 679.5 1798.9 653.0 1811.6 647.1
1 0.45 1904.9 951.0 1891.6 957.5 1876.7 926.9 1890.0 920.5
1 0.53 1555.9 377.4 1541.6 382.8 1529.7 351.8 1544.0 346.3
1 0.67 1674.7 558.4 1661.8 564.7 1647.1 534.5 1660.0 528.2
1 0.55 1556.0 377.4 1541.6 382.9 1529.7 351.8 1544.1 346.3
1 0.49 1645.2 476.3 1633.2 483.2 1617.1 455.4 1629.2 448.5
1 0.46 1823.8 673.5 1811.2 679.4 1799.0 653.1 1811.6 647.2
1 0.67 1674.7 558.4 1661.8 564.8 1647.0 534.5 1660.0 528.2
1 0.52 1645.3 476.4 1633.2 483.3 1617.1 455.3 1629.1 448.4
1 0.46 1824.0 673.6 1811.3 679.6 1798.9 653.0 1811.6 647.1
1 0.67 1674.7 558.4 1661.8 564.7 1647.1 534.6 1660.0 528.3
1 0.62 1717.7 249.1 1703.3 257.7 1684.8 227.0 1699.2 218.4
1 0.54 1556.0 377.4 1541.6 382.9 1529.7 351.8 1544.0 346.3
1 0.48 1645.2 476.3 1633.2 483.2 1617.2 455.5 1629.2 448.5
1 0.67 1674.7 558.4 1661.8 564.7 1647.1 534.5 1660.0 528.2
1 0.54 1556.0 377.4 1541.6 383.0 1529.6 351.8 1544.1 346.2
1 0.52 1869.0 759.4 1856.9 766.9 1838.8 738.0 1850.9 730.4
1 0.48 1645.2 476.3 1633.2 483.2 1617.1 455.4 1629.2 448.5
1 0.45 1823.7 673.4 1811.1 679.3 1799.0 653.1 1811.6 647.3
