1 0.65 1674.3 678.6 1661.4 684.9 1646.6 654.7 1659.6 648.4
1 0.53 1555.9 497.5 1541.7 503.0 1529.7 471.8 1543.9 466.4
1 0.52 1869.0 877.7 1857.3 885.9 1837.5 857.6 1849.2 849.5
1 0.47 1644.8 595.9 1632.7 602.9 1616.9 575.4 1628.9 568.4
1 0.39 1823.8 792.2 1812.0 799.0 1797.7 774.3 1809.5 767.5
1 0.33 1904.0 1063.0 1893.3 1070.8 1876.2 1047.3 1887.0 1039.5
1 0.65 1674.3 678.6 1661.4 684.9 1646.7 654.7 1659.6 648.4
1 0.63 1718.4 368.4 1704.1 377.0 1685.5 346.1 1699.8 337.5
1 0.56 1555.8 497.5 1541.6 502.9 1529.7 471.8 1543.9 466.4
1 0.48 1644.8 596.0 1632.8 602.9 1616.9 575.4 1628.9 568.5
1 0.38 1823.6 793.1 1811.2 799.4 1798.0 773.4 1810.3 767.1
1 0.54 1555.9 497.5 1541.6 503.0 1529.7 471.8 1543.9 466.4
1 0.65 1674.3 678.6 1661.4 684.9 1646.6 654.7 1659.6 648.4
1 0.54 1555.9 497.5 1541.7 503.0 1529.7 471.9 1543.9 466.4
1 0.49 1644.8 595.9 1632.7 602.9 1616.9 575.4 1629.0 568.4
1 0.39 1823.4 792.9 1811.2 799.2 1798.2 773.5 1810.4 767.3
1 0.62 1718.5 368.4 1704.1 377.1 1685.5 346.1 1699.8 337.4
1 0.55 1555.9 497.5 1541.6 503.0 1529.7 471.9 1543.9 466.4
1 0.47 1644.8 596.0 1632.8 602.9 1616.9 575.4 1628.9 568.4
1 0.53 1555.9 497.5 1541.7 503.0 1529.7 471.9 1543.9 466.4
1 0.53 1555.8 497.5 1541.6 503.0 1529.7 471.8 1543.9 466.4
1 0.65 1674.3 678.6 1661.4 684.9 1646.6 654.7 1659.6 648.4
1 0.63 1718.4 368.5 1704.1 377.1 1685.5 346.1 1699.8 337.4
1 0.54 1555.8 497.5 1541.6 503.0 1529.7 471.8 1543.9 466.4
1 0.46 1644.8 596.0 1632.8 602.9 1616.9 575.4 1628.9 568.4
1 0.46 1869.9 877.6 1858.7 886.1 1837.5 858.1 1848.8 849.6
1 0.4 1823.4 793.0 1811.2 799.2 1798.1 773.4 1810.3 767.2
1 0.62 1718.5 368.5 1704.1 377.1 1685.4 346.1 1699.8 337.4
1 0.55 1555.9 497.5 1541.6 503.0 1529.7 471.8 1543.9 466.4
1 0.46 1644.8 596.0 1632.8 602.9 1616.9 575.4 1628.9 568.4
