1 0.64 1069.6 103.2 1054.9 109.8 1040.4 77.3 1055.2 70.8
1 0.6 1090.6 84.2 1077.9 90.7 1062.6 60.8 1075.4 54.3
1 0.57 1071.8 157.1 1059.5 163.1 1045.1 133.6 1057.4 127.6
1 0.43 88.3 425.4 80.9 436.4 53.7 418.0 61.1 407.0
1 0.66 1720.1 990.2 1705.9 998.7 1686.3 966.1 1700.5 957.6
1 0.66 1720.1 990.2 1705.9 998.7 1686.3 966.1 1700.5 957.6
1 0.65 1153.9 202.9 1140.8 210.2 1124.0 179.8 1137.1 172.5
1 0.64 1069.6 103.2 1054.9 109.8 1040.5 77.3 1055.2 70.8
1 0.6 1090.6 84.2 1077.9 90.7 1062.6 60.8 1075.3 54.3
1 0.58 1071.7 157.1 1059.5 163.0 1045.2 133.6 1057.4 127.6
1 0.47 88.3 425.4 81.0 436.3 53.8 418.0 61.2 407.1
1 0.65 1153.9 203.0 1140.8 210.2 1124.0 179.8 1137.0 172.6
1 0.64 1069.6 103.2 1054.9 109.7 1040.5 77.3 1055.1 70.8
1 0.59 1090.6 84.2 1077.9 90.7 1062.6 60.8 1075.3 54.3
1 0.57 1071.7 157.1 1059.5 163.0 1045.2 133.6 1057.4 127.6
