1 0.65 1674.7 912.4 1661.5 919.7 1644.7 889.3 1657.9 882.0
1 0.61 1719.1 602.4 1704.7 611.1 1685.6 579.3 1700.0 570.6
1 0.57 1555.7 732.0 1541.2 737.9 1528.4 706.2 1542.9 700.4
1 0.55 1644.2 830.6 1632.4 837.4 1616.6 810.1 1628.4 803.3
1 0.38 1822.5 1023.8 1809.9 1030.8 1795.8 1005.4 1808.5 998.4
1 0.59 1555.6 732.4 1540.9 738.0 1528.6 706.0 1543.4 700.4
1 0.61 1719.2 602.4 1704.7 611.1 1685.5 579.2 1700.0 570.5
1 0.61 1719.2 602.4 1704.7 611.1 1685.5 579.2 1700.0 570.5
1 0.59 1555.6 732.3 1540.9 738.0 1528.6 706.1 1543.4 700.4
1 0.56 1644.2 830.6 1632.3 837.4 1616.6 810.2 1628.4 803.3
1 0.44 94.1 40.4 86.7 51.3 59.2 32.8 66.6 21.9
1 0.61 1719.2 602.4 1704.7 611.1 1685.5 579.2 1700.0 570.5
1 0.61 1719.2 602.4 1704.7 611.1 1685.5 579.2 1700.0 570.5
1 0.58 1555.7 732.4 1540.9 738.1 1528.6 706.0 1543.4 700.4
1 0.54 1644.2 830.6 1632.3 837.4 1616.6 810.2 1628.4 803.3
1 0.57 1555.7 732.1 1541.2 737.9 1528.4 706.3 1542.9 700.4
1 0.66 1674.7 912.3 1661.5 919.6 1644.7 889.3 1657.9 882.0
1 0.61 1719.1 602.4 1704.7 611.0 1685.7 579.3 1700.0 570.7
1 0.58 1555.7 732.0 1541.2 737.8 1528.5 706.3 1542.9 700.4
1 0.56 1644.1 830.6 1632.4 837.4 1616.6 810.1 1628.4 803.3
1 0.38 1822.7 1023.9 1810.0 1030.9 1795.8 1005.3 1808.5 998.3
