1 0.58 371.4 46.2 369.8 61.5 334.8 57.8 336.4 42.5
1 0.53 363.7 88.3 362.9 103.9 327.8 102.1 328.6 86.4
1 0.36 375.1 6.7 374.4 20.6 344.8 19.0 345.6 5.2
1 0.27 369.4 67.8 368.5 84.4 332.3 82.5 333.1 65.9
1 0.63 1038.6 725.8 1053.7 728.2 1048.0 763.9 1033.0 761.5
1 0.62 1054.1 856.5 1069.2 857.8 1066.1 892.4 1051.1 891.1
1 0.6 1064.5 721.6 1079.4 722.4 1077.6 757.9 1062.7 757.1
1 0.6 1086.1 500.0 1100.3 502.0 1095.7 535.0 1081.4 533.0
1 0.58 1011.9 778.8 1024.6 779.9 1022.0 809.6 1009.3 808.5
1 0.56 1050.9 540.5 1064.7 541.5 1062.4 573.3 1048.7 572.3
1 0.47 1083.2 543.6 1096.6 544.8 1094.0 574.4 1080.6 573.2
1 0.45 1088.7 590.1 1100.5 601.5 1072.4 630.6 1060.6 619.2
1 0.33 1090.6 453.4 1104.5 453.9 1103.2 488.9 1089.4 488.4
1 0.63 1038.7 725.8 1053.7 728.2 1048.0 763.9 1033.0 761.5
1 0.63 1026.1 360.5 1023.8 374.6 991.3 369.4 993.5 355.4
1 0.6 1064.5 721.5 1079.4 722.3 1077.6 757.8 1062.7 757.0
1 0.59 951.2 423.4 967.4 424.8 964.2 460.7 948.1 459.3
1 0.59 1086.0 500.0 1100.4 502.0 1095.8 535.1 1081.3 533.1
1 0.57 1011.9 778.9 1024.6 780.0 1022.0 809.6 1009.3 808.5
1 0.55 1051.2 540.4 1065.0 541.7 1062.2 573.4 1048.4 572.2
1 0.47 1083.0 543.5 1096.7 544.6 1094.1 574.3 1080.5 573.1
1 0.47 1088.8 589.8 1100.8 601.4 1072.5 630.7 1060.5 619.1
1 0.46 930.6 430.0 944.8 432.0 940.2 465.2 925.9 463.2
1 0.42 1054.3 855.6 1069.8 856.9 1066.8 890.6 1051.4 889.3
1 0.34 1090.8 453.1 1104.9 453.8 1103.1 489.1 1089.0 488.4
1 0.64 1026.0 360.6 1023.8 374.5 991.3 369.4 993.5 355.4
1 0.6 1086.0 500.1 1100.4 502.1 1095.7 535.1 1081.4 533.1
1 0.59 1046.5 214.0 1046.3 228.7 1013.4 228.1 1013.7 213.4
1 0.59 1018.9 26.3 1018.9 40.7 984.6 40.7 984.6 26.3
1 0.58 1051.0 540.6 1064.6 541.6 1062.4 573.2 1048.7 572.3
1 0.49 1083.2 543.6 1096.6 544.7 1094.0 574.2 1080.6 573.0
1 0.47 1088.8 590.0 1100.7 601.5 1072.7 630.5 1060.8 619.0
1 0.36 1090.9 453.2 1104.9 453.9 1103.0 489.0 1089.0 488.3
1 0.63 1038.6 725.8 1053.7 728.2 1048.0 763.9 1033.0 761.5
1 0.63 1026.0 360.6 1023.8 374.5 991.3 369.4 993.5 355.4
1 0.61 1064.6 721.5 1079.4 722.3 1077.6 757.8 1062.7 757.0
1 0.59 1086.0 500.0 1100.4 502.0 1095.7 535.1 1081.3 533.1
1 0.58 1011.9 778.9 1024.6 780.0 1022.0 809.6 1009.3 808.5
1 0.56 1050.9 540.6 1064.6 541.6 1062.4 573.2 1048.7 572.3
1 0.48 1083.2 543.5 1096.6 544.7 1094.0 574.2 1080.6 573.0
1 0.47 1088.8 589.9 1100.7 601.4 1072.6 630.6 1060.7 619.1
1 0.41 1054.3 855.6 1069.8 856.9 1066.8 890.9 1051.3 889.5
1 0.35 1090.9 453.1 1104.9 453.9 1103.0 489.1 1089.0 488.3
1 0.63 1026.0 360.5 1023.8 374.5 991.3 369.4 993.5 355.4
1 0.6 1086.0 500.0 1100.4 502.0 1095.7 535.1 1081.3 533.1
1 0.59 951.2 423.4 967.4 424.8 964.2 460.7 948.1 459.3
1 0.58 1046.5 213.9 1046.3 228.7 1013.4 228.2 1013.7 213.4
1 0.57 1018.9 26.3 1018.9 40.7 984.6 40.7 984.6 26.3
1 0.57 1050.9 540.6 1064.7 541.5 1062.5 573.3 1048.7 572.3
1 0.49 1083.1 543.5 1096.6 544.7 1094.0 574.2 1080.5 573.0
1 0.48 1088.8 589.8 1100.8 601.4 1072.6 630.6 1060.6 619.0
1 0.46 930.6 430.0 944.8 432.0 940.2 465.2 926.0 463.2
1 0.35 1090.9 453.1 1104.9 453.9 1103.1 489.1 1089.0 488.3
1 0.59 371.4 46.2 369.8 61.5 334.9 57.8 336.5 42.5
1 0.54 363.6 88.3 362.8 103.9 327.8 102.0 328.6 86.4
1 0.39 375.0 6.8 374.2 20.5 345.0 19.0 345.7 5.3
1 0.27 369.4 67.8 368.5 84.3 332.3 82.4 333.2 66.0
1 0.63 1038.6 725.8 1053.7 728.2 1048.0 763.9 1033.0 761.5
1 0.62 1054.1 856.5 1069.2 857.8 1066.1 892.4 1051.1 891.0
1 0.6 1064.5 721.7 1079.4 722.5 1077.6 757.9 1062.7 757.1
1 0.59 1086.0 500.0 1100.4 502.0 1095.7 535.0 1081.4 533.0
1 0.57 1011.9 778.8 1024.7 779.9 1022.1 809.6 1009.3 808.5
1 0.54 1050.8 540.5 1064.8 541.5 1062.5 573.3 1048.6 572.4
1 0.47 1083.1 543.5 1096.7 544.7 1094.1 574.4 1080.5 573.2
1 0.44 1088.7 590.0 1100.6 601.4 1072.3 630.7 1060.5 619.2
1 0.35 932.5 431.6 946.3 434.3 940.0 466.7 926.2 464.0
1 0.33 1090.5 453.3 1104.6 453.8 1103.3 489.0 1089.3 488.5
1 0.32 951.5 424.2 967.8 426.5 962.9 461.3 946.6 459.0
1 0.63 1038.6 725.8 1053.7 728.2 1048.0 763.9 1033.0 761.5
1 0.62 1054.1 856.5 1069.2 857.8 1066.1 892.4 1051.1 891.1
1 0.6 1064.5 721.6 1079.4 722.4 1077.6 757.9 1062.7 757.1
1 0.59 1086.0 499.9 1100.5 501.9 1095.8 535.1 1081.3 533.0
1 0.57 1011.9 778.8 1024.7 779.9 1022.1 809.6 1009.3 808.5
1 0.54 1050.8 540.5 1064.8 541.5 1062.6 573.4 1048.6 572.4
1 0.48 1083.0 543.4 1096.8 544.6 1094.1 574.4 1080.4 573.2
1 0.43 1088.7 589.9 1100.6 601.4 1072.4 630.7 1060.4 619.1
1 0.36 932.5 431.8 946.2 434.4 940.0 466.7 926.2 464.0
1 0.33 1090.5 453.3 1104.6 453.8 1103.4 489.0 1089.2 488.5
1 0.33 951.5 424.2 967.8 426.5 962.9 461.3 946.6 459.0
1 0.64 1026.0 360.6 1023.8 374.5 991.3 369.4 993.5 355.4
1 0.59 1085.0 500.3 1099.6 501.6 1096.7 534.9 1082.1 533.6
1 0.59 951.2 423.3 967.4 424.7 964.2 460.8 948.1 459.4
1 0.58 1046.5 214.0 1046.3 228.7 1013.4 228.1 1013.7 213.4
1 0.58 1018.9 26.3 1018.9 40.7 984.6 40.7 984.6 26.3
1 0.56 1051.2 540.5 1065.0 541.7 1062.2 573.4 1048.4 572.2
1 0.49 1083.1 543.5 1096.7 544.6 1094.1 574.2 1080.5 573.0
1 0.45 930.6 430.0 944.8 432.0 940.2 465.2 926.0 463.2
1 0.44 1088.8 589.8 1100.8 601.5 1072.6 630.7 1060.5 619.0
1 0.35 1090.5 453.2 1104.7 453.7 1103.4 489.0 1089.3 488.5
1 0.63 1026.0 360.6 1023.8 374.5 991.3 369.4 993.5 355.4
1 0.63 1038.6 725.8 1053.7 728.2 1048.0 763.9 1033.0 761.6
1 0.6 1064.6 721.5 1079.4 722.3 1077.6 757.8 1062.7 757.0
1 0.59 951.2 423.4 967.4 424.8 964.2 460.8 948.1 459.4
1 0.58 1084.7 499.9 1099.8 501.3 1096.9 534.8 1081.7 533.4
1 0.57 1011.9 778.9 1024.6 780.0 1022.0 809.6 1009.3 808.5
1 0.55 1051.2 540.4 1065.0 541.6 1062.2 573.4 1048.4 572.2
1 0.47 1083.0 543.4 1096.7 544.6 1094.1 574.3 1080.4 573.1
1 0.46 930.6 430.0 944.8 432.0 940.2 465.2 926.0 463.2
1 0.45 1088.8 589.7 1100.9 601.4 1072.6 630.7 1060.5 619.0
1 0.4 1054.2 855.5 1069.8 856.9 1066.9 891.1 1051.2 889.7
1 0.34 1090.5 453.1 1104.7 453.6 1103.5 489.0 1089.2 488.5
