1 0.64 1083.2 736.1 1099.3 736.9 1097.3 775.6 1081.1 774.8
1 0.63 1054.1 740.5 1070.6 743.1 1064.4 782.3 1047.9 779.7
1 0.59 1071.2 885.5 1087.6 886.9 1084.3 924.6 1067.9 923.2
1 0.53 1024.4 798.2 1038.1 799.4 1035.4 830.8 1021.6 829.5
1 0.51 1067.7 534.5 1083.4 535.8 1080.2 571.9 1064.6 570.5
1 0.43 1103.2 538.3 1118.9 539.6 1116.0 572.6 1100.4 571.2
1 0.43 1109.3 589.6 1122.7 602.5 1091.7 634.6 1078.3 621.7
1 0.41 1108.5 489.2 1126.1 492.7 1119.1 528.7 1101.5 525.3
1 0.59 936.0 413.0 951.4 415.4 945.7 451.6 930.3 449.2
1 0.59 1041.0 335.3 1037.9 351.1 1001.9 344.1 1005.0 328.3
1 0.58 957.9 404.9 975.7 406.4 972.3 445.7 954.5 444.2
1 0.57 1064.1 171.9 1063.5 188.7 1027.5 187.4 1028.1 170.7
1 0.55 1067.7 534.8 1083.2 536.1 1080.1 571.8 1064.6 570.4
1 0.48 1103.2 538.3 1119.0 539.6 1116.1 572.7 1100.3 571.3
1 0.43 1108.3 489.1 1126.1 492.6 1119.1 528.9 1101.3 525.4
1 0.43 1109.2 589.5 1122.7 602.5 1091.7 634.6 1078.3 621.6
1 0.64 1083.2 736.0 1099.2 736.8 1097.2 775.6 1081.2 774.8
1 0.63 1054.1 740.7 1070.5 743.3 1064.3 782.3 1047.9 779.7
1 0.62 1158.4 323.0 1175.2 324.5 1171.9 361.5 1155.2 360.1
1 0.6 1107.4 490.0 1123.4 492.3 1118.4 527.8 1102.4 525.5
1 0.6 1041.0 335.3 1037.9 351.1 1001.9 344.1 1004.9 328.3
1 0.57 1109.6 589.2 1123.1 602.2 1091.9 634.5 1078.4 621.5
1 0.55 1024.4 798.1 1038.1 799.3 1035.3 830.7 1021.6 829.5
1 0.54 1067.8 534.8 1083.2 536.1 1080.1 571.7 1064.6 570.4
1 0.5 958.7 403.9 976.4 406.4 970.8 446.4 953.1 443.9
1 0.48 1103.4 538.4 1118.5 539.7 1115.7 572.5 1100.5 571.2
1 0.38 1112.8 438.9 1126.9 439.2 1126.3 477.5 1112.1 477.3
1 0.56 302.5 32.8 302.3 49.0 268.2 48.4 268.5 32.2
1 0.63 1083.2 735.9 1099.3 736.8 1097.2 775.6 1081.1 774.8
1 0.63 1054.1 740.7 1070.6 743.3 1064.4 782.4 1047.9 779.7
1 0.62 1158.4 323.0 1175.2 324.5 1171.9 361.5 1155.2 360.1
1 0.6 1107.4 490.0 1123.4 492.3 1118.4 527.8 1102.4 525.5
1 0.6 1040.9 335.3 1037.9 351.1 1002.0 344.1 1005.0 328.3
1 0.59 936.0 412.9 951.4 415.4 945.7 451.7 930.2 449.2
1 0.58 958.0 404.8 975.8 406.3 972.3 445.8 954.5 444.2
1 0.56 1109.6 589.1 1123.2 602.2 1091.9 634.7 1078.3 621.5
1 0.55 1067.8 534.8 1083.2 536.1 1080.0 571.7 1064.6 570.4
1 0.54 1024.4 798.1 1038.1 799.3 1035.3 830.7 1021.6 829.5
1 0.48 1103.3 538.4 1118.6 539.7 1115.7 572.6 1100.5 571.2
1 0.38 1112.7 438.9 1126.9 439.2 1126.3 477.5 1112.1 477.3
1 0.62 1158.4 323.0 1175.2 324.5 1171.9 361.6 1155.1 360.1
1 0.6 1107.4 490.0 1123.4 492.2 1118.4 527.8 1102.4 525.5
1 0.59 1041.0 335.3 1037.9 351.1 1001.9 344.1 1004.9 328.3
1 0.58 1064.1 172.0 1063.5 188.6 1027.5 187.4 1028.1 170.7
1 0.56 1109.5 589.2 1123.0 602.3 1091.6 634.8 1078.1 621.7
1 0.56 1067.8 534.8 1083.2 536.1 1080.0 571.7 1064.7 570.4
1 0.52 1181.2 72.0 1198.3 74.4 1192.6 115.2 1175.5 112.8
1 0.5 958.7 404.0 976.4 406.5 970.8 446.4 953.1 443.9
1 0.5 1103.4 538.4 1118.5 539.7 1115.6 572.5 1100.5 571.2
1 0.39 1112.8 439.0 1126.9 439.2 1126.3 477.5 1112.1 477.3
1 0.64 1083.2 736.0 1099.3 736.8 1097.3 775.7 1081.1 774.8
1 0.63 1054.1 740.7 1070.5 743.3 1064.3 782.3 1047.9 779.7
1 0.6 1041.0 335.3 1037.9 351.1 1001.9 344.1 1005.0 328.3
1 0.59 936.0 413.0 951.4 415.4 945.6 451.6 930.3 449.2
1 0.58 958.0 404.8 975.7 406.4 972.3 445.7 954.5 444.2
1 0.55 1024.4 798.1 1038.1 799.3 1035.3 830.7 1021.6 829.5
1 0.54 1067.7 534.8 1083.2 536.1 1080.1 571.8 1064.6 570.4
1 0.47 1103.2 538.2 1119.0 539.6 1116.1 572.7 1100.3 571.3
1 0.45 1109.3 589.5 1122.7 602.5 1091.9 634.3 1078.6 621.4
1 0.42 1108.4 489.2 1126.1 492.7 1119.1 528.8 1101.4 525.4
1 0.64 1083.2 736.1 1099.2 737.0 1097.2 775.6 1081.2 774.7
1 0.63 1054.1 740.5 1070.6 743.1 1064.4 782.3 1047.9 779.7
1 0.6 1107.4 490.1 1123.4 492.3 1118.4 527.7 1102.4 525.5
1 0.59 1071.2 885.5 1087.6 886.9 1084.3 924.6 1067.9 923.2
1 0.55 1109.4 589.5 1122.8 602.5 1091.5 634.9 1078.1 621.9
1 0.53 1067.8 534.5 1083.3 535.9 1080.1 571.7 1064.7 570.4
1 0.52 1024.4 798.2 1038.1 799.4 1035.4 830.8 1021.6 829.6
1 0.47 1103.3 538.3 1118.5 539.7 1115.6 572.5 1100.4 571.2
1 0.35 1112.8 438.5 1126.9 438.8 1126.2 477.3 1112.1 477.0
1 0.59 302.5 32.9 302.2 48.9 268.2 48.3 268.5 32.3
1 0.64 1083.2 736.1 1099.2 737.0 1097.2 775.6 1081.2 774.8
1 0.63 1054.1 740.5 1070.6 743.1 1064.4 782.3 1047.9 779.7
1 0.6 1107.4 490.1 1123.4 492.3 1118.4 527.7 1102.4 525.5
1 0.59 1071.2 885.5 1087.6 886.9 1084.3 924.6 1067.9 923.2
1 0.55 1109.4 589.5 1122.8 602.5 1091.5 634.8 1078.1 621.9
1 0.53 1024.4 798.2 1038.1 799.4 1035.4 830.7 1021.6 829.5
1 0.53 1067.8 534.5 1083.3 535.8 1080.2 571.8 1064.7 570.4
1 0.48 1103.3 538.4 1118.5 539.7 1115.6 572.4 1100.5 571.0
1 0.34 1112.8 438.6 1126.9 438.8 1126.2 477.3 1112.2 477.1
1 0.62 1158.4 323.0 1175.2 324.5 1171.9 361.6 1155.2 360.1
1 0.6 1107.4 490.0 1123.4 492.2 1118.4 527.8 1102.4 525.6
1 0.59 1041.0 335.3 1037.9 351.1 1002.0 344.1 1005.0 328.3
1 0.59 936.0 413.0 951.4 415.4 945.7 451.6 930.3 449.2
1 0.58 957.9 404.8 975.8 406.4 972.3 445.8 954.5 444.2
1 0.57 1064.1 171.9 1063.5 188.7 1027.5 187.4 1028.1 170.7
1 0.57 1109.5 589.2 1123.1 602.3 1091.6 634.9 1078.0 621.8
1 0.56 1067.8 534.8 1083.2 536.1 1080.1 571.7 1064.6 570.4
1 0.53 1181.2 72.0 1198.3 74.4 1192.6 115.2 1175.5 112.8
1 0.49 1103.3 538.4 1118.5 539.7 1115.7 572.6 1100.5 571.2
1 0.38 1112.7 439.0 1127.0 439.2 1126.3 477.6 1112.1 477.3
