1 0.61 1048.7 318.8 1046.0 335.9 1008.3 329.9 1011.1 312.8
1 0.58 1119.8 485.0 1136.9 487.4 1131.5 525.7 1114.4 523.3
1 0.56 1073.4 145.5 1072.8 163.0 1035.0 161.7 1035.6 144.2
1 0.55 1116.8 537.0 1132.7 539.2 1127.8 573.8 1112.0 571.5
1 0.54 1153.7 587.2 1170.4 588.7 1167.0 627.1 1150.3 625.7
1 0.53 1077.8 532.7 1094.4 534.1 1091.1 572.1 1074.4 570.7
1 0.53 1171.7 328.6 1190.8 330.3 1187.1 372.9 1168.0 371.2
1 0.48 962.1 392.5 980.5 395.1 974.6 436.8 956.3 434.3
1 0.46 1121.5 591.7 1135.5 605.7 1101.4 639.7 1087.4 625.7
1 0.43 1125.2 430.4 1141.7 431.2 1139.5 471.9 1123.0 471.0
1 0.62 1048.7 318.8 1046.0 335.9 1008.4 329.9 1011.1 312.9
1 0.6 1062.5 752.3 1079.9 754.7 1074.1 795.8 1056.8 793.4
1 0.59 1093.9 747.7 1111.5 748.6 1109.3 790.8 1091.7 789.8
1 0.58 1119.8 485.0 1136.9 487.4 1131.5 525.7 1114.4 523.3
1 0.54 1116.8 537.0 1132.7 539.2 1127.9 573.8 1111.9 571.6
1 0.53 1153.7 587.3 1170.3 588.7 1167.0 627.0 1150.4 625.6
1 0.53 1171.7 328.7 1190.8 330.3 1187.1 372.9 1168.0 371.2
1 0.52 1031.2 814.4 1046.2 815.7 1043.2 850.1 1028.2 848.7
1 0.52 1077.7 532.6 1094.5 534.1 1091.1 572.2 1074.4 570.7
1 0.48 962.2 392.6 980.4 395.1 974.6 436.8 956.3 434.2
1 0.46 1121.5 591.6 1135.3 605.5 1102.0 638.8 1088.1 625.0
1 0.43 1125.2 430.4 1141.7 431.2 1139.5 471.9 1123.1 471.0
1 0.62 1048.6 318.8 1045.9 335.8 1008.4 329.9 1011.1 312.9
1 0.59 1119.8 485.0 1136.9 487.4 1131.5 525.7 1114.4 523.3
1 0.57 936.3 401.9 953.1 404.2 947.6 443.2 930.8 440.9
1 0.56 1073.4 145.5 1072.8 163.1 1035.0 161.7 1035.6 144.2
1 0.55 1116.8 537.0 1132.7 539.2 1127.8 573.7 1112.0 571.5
1 0.54 1153.7 587.2 1170.4 588.6 1167.0 627.2 1150.3 625.7
1 0.53 1171.7 328.6 1190.8 330.3 1187.1 372.9 1168.0 371.2
1 0.52 1077.8 532.7 1094.5 534.1 1091.1 572.2 1074.4 570.7
1 0.5 961.1 393.5 979.6 395.2 976.0 436.6 957.4 434.9
1 0.45 1121.5 591.7 1135.5 605.7 1101.5 639.6 1087.5 625.6
1 0.43 1125.2 430.4 1141.7 431.3 1139.5 471.9 1123.1 471.0
1 0.59 1093.9 747.7 1111.5 748.6 1109.2 790.7 1091.7 789.8
1 0.59 1062.5 752.4 1080.0 754.8 1074.2 796.0 1056.7 793.5
1 0.58 1119.9 484.9 1137.0 487.3 1131.6 525.6 1114.5 523.2
1 0.53 1116.8 537.1 1132.7 539.3 1127.9 573.8 1111.9 571.6
1 0.53 1153.6 587.7 1170.6 589.2 1167.2 627.7 1150.3 626.2
1 0.51 1077.9 532.5 1094.5 534.0 1091.2 572.0 1074.5 570.5
1 0.51 1031.2 814.5 1046.1 815.8 1043.1 850.0 1028.2 848.7
1 0.5 1081.8 907.2 1098.8 908.7 1095.3 948.3 1078.4 946.8
1 0.44 1121.7 591.7 1135.3 605.3 1102.1 638.5 1088.5 624.9
1 0.62 1048.6 318.8 1045.9 335.8 1008.4 329.9 1011.1 312.9
1 0.6 1062.5 752.3 1079.9 754.7 1074.2 795.8 1056.7 793.4
1 0.59 1093.9 747.7 1111.3 748.6 1109.1 790.6 1091.7 789.7
1 0.57 936.3 401.9 953.0 404.3 947.5 443.2 930.8 440.9
1 0.53 1031.2 814.4 1046.2 815.7 1043.2 850.1 1028.2 848.8
1 0.52 1077.7 532.6 1094.4 534.1 1091.1 572.2 1074.4 570.8
1 0.5 961.1 393.7 979.5 395.3 975.9 436.5 957.5 434.9
1 0.32 1116.4 597.7 1129.2 609.6 1101.4 639.4 1088.6 627.4
1 0.59 1093.9 747.8 1111.4 748.7 1109.2 790.7 1091.7 789.8
1 0.59 1062.5 752.3 1080.0 754.8 1074.2 796.0 1056.7 793.5
1 0.58 1119.9 484.8 1137.0 487.3 1131.6 525.6 1114.5 523.2
1 0.54 1116.8 537.1 1132.7 539.3 1127.9 573.8 1112.0 571.5
1 0.53 1153.6 587.7 1170.6 589.2 1167.2 627.6 1150.3 626.2
1 0.52 1031.2 814.5 1046.1 815.8 1043.1 850.0 1028.2 848.7
1 0.51 1077.9 532.5 1094.5 534.0 1091.2 572.0 1074.5 570.5
1 0.5 1081.8 907.2 1098.8 908.7 1095.4 948.3 1078.4 946.8
1 0.43 1121.7 591.7 1135.3 605.3 1102.2 638.5 1088.5 624.8
1 0.62 1048.6 318.8 1045.9 335.8 1008.4 329.9 1011.1 312.9
1 0.57 936.3 401.9 953.0 404.3 947.5 443.2 930.9 440.9
1 0.55 1073.4 145.5 1072.8 163.1 1035.0 161.7 1035.6 144.2
1 0.53 1077.7 532.7 1094.4 534.2 1091.0 572.2 1074.4 570.7
1 0.5 961.1 393.6 979.6 395.2 975.9 436.5 957.5 434.9
1 0.34 1116.1 598.0 1128.9 609.9 1101.0 639.9 1088.2 628.0
1 0.47 261.7 -4.5 261.7 13.3 224.3 13.3 224.3 -4.5
1 0.62 1048.6 318.8 1045.9 335.8 1008.4 329.9 1011.1 312.9
1 0.6 1062.5 752.2 1080.0 754.7 1074.2 795.8 1056.7 793.4
1 0.59 1093.9 747.7 1111.5 748.6 1109.3 790.8 1091.7 789.8
1 0.58 1119.8 485.0 1136.9 487.4 1131.5 525.7 1114.4 523.3
1 0.58 936.3 401.9 953.1 404.2 947.6 443.2 930.8 440.9
1 0.54 1116.8 537.0 1132.7 539.2 1127.8 573.7 1112.0 571.5
1 0.53 1153.7 587.3 1170.3 588.7 1167.0 627.0 1150.4 625.5
1 0.53 1171.8 328.7 1190.8 330.4 1187.1 372.8 1168.0 371.1
1 0.53 1031.2 814.4 1046.2 815.8 1043.2 850.0 1028.2 848.7
1 0.52 1077.8 532.6 1094.5 534.1 1091.1 572.1 1074.4 570.7
1 0.5 961.1 393.6 979.6 395.2 976.0 436.6 957.5 435.0
1 0.45 1121.5 591.6 1135.3 605.4 1102.1 638.7 1088.2 624.9
1 0.42 1125.2 430.4 1141.7 431.2 1139.5 471.9 1123.1 471.0
1 0.59 1093.9 747.8 1111.3 748.7 1109.1 790.5 1091.7 789.6
1 0.59 1062.5 752.4 1080.0 754.9 1074.2 796.0 1056.7 793.5
1 0.51 1031.2 814.5 1046.1 815.8 1043.1 850.0 1028.2 848.7
1 0.51 1077.9 532.6 1094.4 534.0 1091.0 572.0 1074.6 570.5
1 0.5 1081.8 907.2 1098.9 908.7 1095.4 948.3 1078.4 946.8
1 0.32 1116.1 598.1 1128.8 609.9 1101.5 639.2 1088.8 627.4
