1 0.64 1057.5 302.5 1054.1 320.0 1013.9 312.2 1017.3 294.6
1 0.62 1084.1 115.3 1083.5 133.6 1043.4 132.2 1044.0 113.9
1 0.62 963.0 381.8 983.1 384.0 978.4 429.0 958.3 426.8
1 0.59 937.7 391.0 955.0 393.4 949.2 434.8 931.8 432.4
1 0.44 1088.7 531.2 1106.4 532.8 1102.9 572.0 1085.3 570.5
1 0.29 830.2 425.4 818.5 426.3 816.8 402.1 828.5 401.3
1 0.64 1057.5 302.5 1054.1 320.0 1013.9 312.2 1017.3 294.6
1 0.62 963.0 381.8 983.1 383.9 978.4 428.9 958.3 426.8
1 0.59 937.7 391.0 955.0 393.4 949.1 434.8 931.8 432.4
1 0.58 1072.3 766.7 1090.2 769.2 1084.1 812.8 1066.1 810.3
1 0.56 1038.9 831.9 1055.2 834.2 1050.0 871.3 1033.7 869.0
1 0.47 1108.8 763.3 1127.4 765.9 1121.4 808.5 1102.8 805.9
1 0.44 1088.7 531.2 1106.4 532.7 1103.0 572.0 1085.2 570.5
1 0.3 830.2 425.4 818.5 426.3 816.8 402.1 828.5 401.3
1 0.66 1091.4 932.7 1110.3 934.3 1106.6 977.3 1087.6 975.6
1 0.58 1072.3 766.5 1090.3 769.0 1084.1 812.9 1066.1 810.3
1 0.56 1106.8 760.2 1124.4 761.7 1120.5 806.8 1102.8 805.3
1 0.56 1136.1 594.1 1151.2 609.2 1114.2 646.1 1099.2 631.1
1 0.55 1039.0 832.0 1055.0 834.2 1049.8 871.1 1033.8 868.8
1 0.53 1136.7 890.0 1155.0 891.9 1150.6 933.7 1132.3 931.8
1 0.53 1133.8 479.8 1152.0 482.3 1146.2 523.1 1128.1 520.5
1 0.51 1129.4 536.0 1146.5 537.5 1143.3 573.5 1126.3 572.0
1 0.47 1163.9 608.6 1181.9 610.2 1178.0 653.7 1160.1 652.1
1 0.44 1088.3 530.5 1105.8 532.1 1102.4 571.0 1084.9 569.5
1 0.35 830.0 425.4 818.8 426.2 817.1 402.2 828.3 401.4
1 0.65 1057.5 302.5 1054.1 320.0 1013.9 312.2 1017.3 294.6
1 0.62 963.0 381.8 983.2 383.9 978.5 428.9 958.2 426.8
1 0.6 937.7 391.0 954.9 393.5 949.1 434.7 931.9 432.3
1 0.58 1072.2 766.7 1090.2 769.2 1084.1 812.9 1066.1 810.3
1 0.55 1106.8 761.2 1124.8 762.8 1120.9 807.4 1102.9 805.9
1 0.55 1136.6 594.8 1150.8 609.5 1113.4 645.6 1099.2 630.9
1 0.55 1038.9 831.8 1055.2 834.1 1050.0 871.3 1033.7 869.0
1 0.53 1133.6 479.8 1152.0 482.3 1146.3 523.0 1127.9 520.4
1 0.51 1130.4 535.7 1147.4 538.1 1142.4 573.8 1125.4 571.4
1 0.48 1163.7 608.6 1181.8 610.2 1178.0 653.5 1159.9 651.9
1 0.44 1139.4 421.1 1157.0 422.1 1154.7 465.8 1137.1 464.9
1 0.43 1088.7 531.3 1106.3 532.9 1102.8 571.8 1085.2 570.3
1 0.32 830.2 425.5 818.5 426.3 816.8 402.1 828.5 401.3
1 0.64 1057.6 302.4 1054.2 320.0 1013.8 312.2 1017.2 294.6
1 0.62 963.2 381.8 983.0 383.9 978.3 428.6 958.5 426.5
1 0.58 1072.2 766.7 1090.2 769.2 1084.1 812.9 1066.1 810.4
1 0.56 1106.8 761.2 1124.8 762.8 1120.9 807.5 1102.9 805.9
1 0.55 1038.9 831.8 1055.2 834.1 1050.0 871.3 1033.7 869.0
1 0.55 1136.6 594.8 1150.8 609.5 1113.4 645.6 1099.2 630.9
1 0.53 1133.6 479.7 1152.0 482.3 1146.3 523.0 1127.9 520.5
1 0.51 1130.5 535.7 1147.3 538.1 1142.3 573.7 1125.4 571.4
1 0.48 1163.7 608.6 1181.8 610.2 1178.0 653.5 1159.9 651.9
1 0.44 1088.7 531.3 1106.2 532.9 1102.8 571.8 1085.3 570.2
1 0.44 1139.4 421.1 1157.0 422.0 1154.7 465.8 1137.1 464.8
1 0.66 1091.3 932.7 1110.2 934.4 1106.4 977.2 1087.6 975.6
1 0.58 1072.2 766.5 1090.4 769.0 1084.2 812.9 1066.1 810.3
1 0.55 1038.9 832.0 1055.0 834.2 1049.9 871.1 1033.7 868.9
1 0.48 1108.8 762.8 1127.5 765.4 1121.5 808.6 1102.7 806.0
1 0.45 1088.4 530.6 1105.8 532.1 1102.4 570.9 1085.0 569.4
1 0.32 830.0 425.4 818.8 426.2 817.1 402.2 828.3 401.5
1 0.64 1057.5 302.5 1054.1 320.0 1013.9 312.2 1017.3 294.6
1 0.62 1084.2 115.3 1083.6 133.6 1043.4 132.2 1044.1 113.9
1 0.62 963.0 381.8 983.2 384.0 978.4 429.0 958.2 426.9
1 0.6 937.7 391.0 954.9 393.4 949.1 434.7 931.9 432.3
1 0.53 1133.6 479.7 1152.0 482.3 1146.3 523.0 1127.9 520.5
1 0.53 1135.9 594.3 1150.8 608.6 1114.6 646.0 1099.8 631.7
1 0.52 1130.4 535.7 1147.3 538.1 1142.3 573.7 1125.4 571.4
1 0.44 1088.7 531.4 1106.2 532.9 1102.8 571.8 1085.3 570.3
1 0.44 1139.4 421.1 1157.0 422.1 1154.7 465.7 1137.1 464.8
1 0.37 1164.4 608.5 1182.2 610.0 1178.8 648.8 1161.0 647.2
1 0.31 830.2 425.4 818.5 426.3 816.8 402.1 828.5 401.3
1 0.66 1091.4 932.7 1110.3 934.3 1106.6 977.3 1087.6 975.6
1 0.58 1072.2 766.5 1090.3 769.0 1084.1 812.9 1066.1 810.4
1 0.56 1106.8 760.2 1124.4 761.7 1120.5 806.8 1102.8 805.2
1 0.55 1038.9 832.0 1055.0 834.2 1049.9 871.1 1033.7 868.9
1 0.54 1136.2 594.1 1151.2 609.1 1114.2 646.1 1099.2 631.1
1 0.53 1133.8 479.8 1152.0 482.3 1146.2 523.0 1128.1 520.5
1 0.53 1136.7 890.0 1155.0 891.9 1150.6 933.7 1132.3 931.8
1 0.51 1130.5 535.7 1147.3 538.1 1142.3 573.7 1125.5 571.4
1 0.47 1163.9 608.6 1181.8 610.2 1178.0 653.6 1160.1 652.1
1 0.44 1088.3 530.6 1105.8 532.1 1102.4 571.0 1084.9 569.4
1 0.64 1057.5 302.4 1054.1 320.0 1013.8 312.2 1017.2 294.6
1 0.63 1084.2 115.3 1083.5 133.6 1043.4 132.2 1044.0 113.9
1 0.62 963.2 381.8 983.0 383.9 978.3 428.6 958.5 426.5
1 0.53 1133.6 479.7 1152.0 482.2 1146.3 523.1 1127.9 520.5
1 0.53 1136.0 594.2 1150.9 608.6 1114.5 646.2 1099.6 631.8
1 0.52 1130.5 535.7 1147.3 538.1 1142.3 573.8 1125.4 571.4
1 0.44 1088.7 531.3 1106.2 532.9 1102.8 571.8 1085.3 570.2
1 0.44 1139.4 421.1 1157.0 422.0 1154.7 465.8 1137.1 464.8
1 0.37 1164.4 608.5 1182.2 610.0 1178.8 648.7 1161.0 647.2
