1 0.59 415.1 958.1 403.8 968.7 380.4 943.5 391.7 933.0
1 0.35 472.0 908.1 460.4 915.9 443.7 891.1 455.2 883.3
1 0.6 415.1 958.1 403.8 968.6 380.4 943.5 391.7 933.0
1 0.4 471.9 908.1 460.4 915.9 443.7 891.1 455.2 883.3
1 0.64 1748.8 941.5 1741.4 953.3 1712.8 935.3 1720.1 923.5
1 0.62 1488.4 1055.0 1481.4 1067.7 1453.1 1052.0 1460.1 1039.4
1 0.62 1864.8 849.2 1867.5 863.2 1834.9 869.5 1832.1 855.5
1 0.61 1678.9 913.0 1681.9 928.0 1647.7 934.6 1644.8 919.6
1 0.61 1784.6 916.1 1785.7 932.3 1746.9 935.0 1745.8 918.8
1 0.58 1734.7 824.0 1736.7 837.9 1702.9 842.6 1700.9 828.7
1 0.56 1545.1 1027.1 1530.0 1030.9 1521.6 997.4 1536.7 993.6
1 0.54 1843.8 922.1 1836.7 932.7 1809.4 914.3 1816.5 903.7
1 0.49 1559.5 1076.2 1544.3 1081.4 1531.7 1044.9 1546.9 1039.6
1 0.49 1721.0 800.3 1722.8 812.9 1690.4 817.5 1688.6 804.8
1 0.38 1814.4 924.1 1805.1 934.0 1783.7 914.0 1792.9 904.0
1 0.3 1384.0 709.3 1360.7 713.8 1344.9 632.6 1368.3 628.1
1 0.59 1734.6 824.0 1736.5 837.8 1702.9 842.5 1701.0 828.7
1 0.48 1721.0 800.4 1722.8 812.9 1690.5 817.4 1688.7 804.9
1 0.6 1864.7 849.3 1867.4 863.2 1834.9 869.5 1832.2 855.6
1 0.59 1734.6 824.0 1736.5 837.8 1702.9 842.5 1701.0 828.7
1 0.48 1721.0 800.4 1722.8 812.9 1690.5 817.4 1688.7 804.9
1 0.63 1488.4 1055.0 1481.4 1067.7 1453.1 1052.0 1460.1 1039.4
1 0.56 1545.1 1027.1 1530.0 1030.9 1521.7 997.4 1536.7 993.7
1 0.48 1559.3 1076.0 1544.3 1081.2 1531.8 1044.9 1546.8 1039.7
1 0.27 1384.1 709.2 1360.6 713.8 1344.8 632.6 1368.3 628.0
1 0.64 1748.8 941.5 1741.4 953.2 1712.8 935.3 1720.2 923.6
1 0.63 1488.4 1055.0 1481.4 1067.7 1453.1 1052.0 1460.1 1039.4
1 0.61 1678.9 913.0 1681.8 928.0 1647.7 934.6 1644.8 919.6
1 0.6 1784.7 916.1 1785.8 932.3 1746.8 935.0 1745.7 918.8
1 0.58 1734.7 824.0 1736.7 837.9 1702.9 842.6 1700.9 828.7
1 0.56 1545.0 1027.1 1530.0 1030.8 1521.7 997.4 1536.7 993.7
1 0.49 1721.0 800.3 1722.8 812.9 1690.4 817.5 1688.7 804.9
1 0.47 1559.5 1076.2 1544.3 1081.5 1531.7 1044.8 1546.9 1039.6
1 0.47 1845.5 922.1 1838.5 933.2 1809.6 915.2 1816.6 904.0
1 0.38 1814.4 924.1 1805.2 934.0 1783.7 913.9 1792.9 904.1
