1 0.61 412.7 810.1 401.2 820.8 377.9 795.8 389.3 785.1
1 0.61 1749.0 807.9 1741.0 819.8 1712.6 800.6 1720.6 788.7
1 0.61 1734.9 689.0 1736.8 703.1 1702.8 707.9 1700.8 693.8
1 0.61 1678.0 777.7 1681.0 792.7 1646.7 799.4 1643.8 784.4
1 0.6 1864.9 716.0 1867.6 729.8 1835.1 736.1 1832.4 722.3
1 0.59 1784.2 781.9 1785.6 797.8 1746.3 801.2 1744.9 785.3
1 0.53 1843.0 789.6 1836.2 799.8 1809.4 781.7 1816.3 771.5
1 0.52 1721.6 665.1 1723.4 677.8 1690.7 682.4 1688.9 669.7
1 0.4 1815.0 791.6 1805.3 802.0 1784.1 782.2 1793.8 771.8
1 0.62 412.6 810.1 401.2 820.7 378.0 795.8 389.4 785.2
1 0.29 471.1 760.5 459.7 768.1 442.5 742.6 453.8 734.9
1 0.61 412.7 810.1 401.2 820.8 377.9 795.8 389.3 785.1
1 0.65 1487.4 951.7 1477.9 962.6 1452.1 940.2 1461.6 929.3
1 0.6 1486.6 918.5 1479.3 931.0 1451.4 914.9 1458.7 902.4
1 0.55 1568.2 984.0 1556.3 987.9 1547.0 959.3 1558.9 955.4
1 0.54 1542.9 892.1 1527.6 895.1 1520.9 860.6 1536.2 857.6
1 0.5 1564.2 1020.4 1579.5 1021.7 1576.5 1056.0 1561.2 1054.7
1 0.48 1556.8 939.4 1541.5 944.4 1530.0 909.0 1545.3 904.0
1 0.32 1502.3 983.6 1511.3 995.6 1485.8 1014.9 1476.7 1002.8
1 0.65 1487.4 951.7 1477.9 962.7 1452.1 940.3 1461.6 929.3
1 0.62 1734.7 689.0 1736.7 703.1 1702.8 707.8 1700.9 693.8
1 0.61 1486.6 918.5 1479.4 931.1 1451.4 914.9 1458.7 902.4
1 0.6 1678.0 777.7 1680.9 792.8 1646.7 799.4 1643.7 784.4
1 0.59 1749.0 807.9 1741.0 819.7 1712.6 800.7 1720.7 788.8
1 0.57 1784.5 782.2 1785.6 798.2 1746.0 801.0 1744.9 784.9
1 0.54 1543.0 892.1 1527.6 895.1 1520.9 860.6 1536.2 857.6
1 0.52 1568.2 984.0 1556.2 987.9 1546.9 959.2 1558.9 955.3
1 0.51 1721.6 665.2 1723.4 677.8 1690.8 682.4 1689.0 669.8
1 0.48 1564.2 1020.5 1579.4 1021.8 1576.4 1055.9 1561.2 1054.6
1 0.46 1557.2 939.3 1541.8 944.5 1529.6 909.1 1544.9 903.8
1 0.42 1844.1 789.8 1836.9 800.5 1809.5 782.1 1816.8 771.3
1 0.38 1815.1 791.8 1805.4 802.1 1784.0 782.3 1793.7 771.9
1 0.34 1502.5 983.1 1511.8 995.5 1485.9 1015.0 1476.6 1002.7
1 0.65 1487.4 951.7 1477.9 962.6 1452.1 940.3 1461.6 929.3
1 0.62 1734.8 689.0 1736.7 703.1 1702.8 707.8 1700.9 693.8
1 0.6 1486.6 918.5 1479.3 931.0 1451.4 914.9 1458.7 902.4
1 0.6 1678.0 777.7 1681.0 792.8 1646.7 799.5 1643.7 784.4
1 0.59 1864.9 716.0 1867.5 729.9 1835.0 736.2 1832.3 722.3
1 0.59 1749.0 807.9 1741.0 819.8 1712.6 800.6 1720.6 788.8
1 0.57 1784.5 782.2 1785.6 798.2 1746.0 801.0 1744.9 784.9
1 0.54 1543.0 892.2 1527.6 895.2 1520.9 860.6 1536.2 857.6
1 0.52 1568.2 984.0 1556.2 987.9 1546.9 959.2 1558.9 955.3
1 0.51 1721.7 665.2 1723.4 677.8 1690.8 682.4 1689.0 669.8
1 0.5 1843.1 789.6 1836.2 799.8 1809.4 781.7 1816.3 771.5
1 0.48 1564.2 1020.5 1579.4 1021.8 1576.4 1055.9 1561.2 1054.6
1 0.47 1557.2 939.2 1541.8 944.5 1529.6 909.1 1545.0 903.9
1 0.36 1815.1 791.7 1805.3 802.2 1784.0 782.3 1793.7 771.8
1 0.31 1502.5 983.2 1511.8 995.5 1485.9 1015.0 1476.6 1002.7
1 0.61 412.6 810.1 401.2 820.8 378.0 795.8 389.4 785.2
1 0.62 1748.9 807.9 1740.9 819.7 1712.6 800.6 1720.6 788.8
1 0.61 1734.8 689.1 1736.8 703.1 1702.8 707.9 1700.8 693.8
1 0.61 1678.0 777.7 1680.9 792.7 1646.8 799.4 1643.9 784.4
1 0.59 1784.2 781.9 1785.6 797.8 1746.3 801.3 1744.9 785.3
1 0.52 1721.6 665.2 1723.4 677.8 1690.7 682.3 1688.9 669.7
1 0.45 1844.1 789.8 1836.9 800.6 1809.5 782.1 1816.7 771.3
1 0.4 1815.0 791.7 1805.4 802.0 1784.2 782.1 1793.8 771.8
