1 0.61 1618.1 277.3 1632.7 282.0 1622.2 314.2 1607.7 309.5
1 0.56 1510.6 308.4 1499.0 316.8 1479.6 290.1 1491.2 281.7
1 0.34 1635.0 33.2 1632.0 49.0 1595.5 41.9 1598.6 26.1
1 0.61 1618.1 277.3 1632.7 282.0 1622.2 314.2 1607.6 309.5
1 0.56 1510.6 308.4 1499.0 316.8 1479.6 290.1 1491.2 281.7
1 0.35 1635.1 33.2 1632.0 49.0 1595.5 41.9 1598.6 26.1
1 0.27 1555.8 258.3 1567.9 269.5 1547.6 291.3 1535.5 280.0
1 0.53 1510.6 308.4 1499.0 316.8 1479.6 290.1 1491.2 281.7
1 0.61 1618.1 277.2 1632.7 282.0 1622.2 314.3 1607.6 309.5
1 0.56 1510.6 308.4 1499.0 316.8 1479.6 290.1 1491.2 281.7
1 0.54 1510.6 308.4 1499.0 316.8 1479.6 290.1 1491.2 281.7
1 0.62 1618.1 277.3 1632.7 282.0 1622.2 314.2 1607.6 309.5
1 0.57 1510.6 308.4 1499.0 316.8 1479.6 290.1 1491.2 281.7
