1 0.63 1621.0 634.3 1635.6 639.1 1624.9 672.2 1610.3 667.4
1 0.55 1512.0 667.6 1500.3 675.5 1481.9 648.2 1493.6 640.3
1 0.63 1621.0 634.3 1635.6 639.1 1624.9 672.2 1610.3 667.4
1 0.55 1512.1 667.5 1500.3 675.5 1481.9 648.2 1493.7 640.3
1 0.28 1622.8 387.6 1620.5 401.8 1582.6 395.8 1584.9 381.6
1 0.62 1621.0 634.3 1635.7 639.1 1624.9 672.2 1610.2 667.5
1 0.53 1512.0 667.6 1500.3 675.5 1481.8 648.2 1493.6 640.2
1 0.63 1621.0 634.3 1635.6 639.0 1624.9 672.2 1610.2 667.4
1 0.54 1512.1 667.5 1500.3 675.5 1481.9 648.2 1493.7 640.3
1 0.3 1622.7 387.6 1620.5 401.8 1582.6 395.8 1584.9 381.6
1 0.56 1902.4 171.1 1889.7 177.0 1876.4 148.5 1889.1 142.6
1 0.53 1512.0 667.6 1500.3 675.5 1481.9 648.2 1493.6 640.3
1 0.53 1512.1 667.5 1500.3 675.5 1481.9 648.2 1493.7 640.3
