1 0.65 1673.9 425.0 1660.4 431.6 1645.3 400.8 1658.8 394.2
1 0.54 1868.2 627.3 1856.2 634.8 1838.5 606.4 1850.5 598.9
1 0.49 1644.2 343.4 1632.1 350.4 1615.8 322.1 1627.9 315.1
1 0.41 1822.9 541.1 1810.1 547.0 1797.9 520.8 1810.6 514.9
1 0.39 1903.9 819.2 1890.1 824.7 1877.5 793.5 1891.3 787.9
1 0.34 1905.9 887.2 1893.0 895.0 1875.8 866.4 1888.8 858.6
1 0.65 1673.9 425.1 1660.4 431.7 1645.3 400.8 1658.8 394.2
1 0.63 1715.4 117.6 1701.0 126.3 1682.9 96.2 1697.4 87.5
1 0.59 1553.9 244.3 1539.0 249.4 1528.1 217.7 1543.0 212.6
1 0.5 1868.5 627.8 1856.0 635.3 1838.4 606.1 1850.9 598.5
1 0.48 1644.2 343.4 1632.1 350.4 1615.8 322.0 1627.9 315.1
1 0.42 1822.8 541.0 1810.1 546.9 1798.0 520.9 1810.7 515.0
1 0.65 1673.9 425.0 1660.4 431.6 1645.3 400.8 1658.8 394.2
1 0.5 1644.2 343.4 1632.1 350.3 1615.8 322.1 1627.9 315.1
1 0.39 1823.0 541.1 1810.1 547.1 1797.8 520.8 1810.7 514.8
1 0.37 1823.0 541.2 1810.2 547.1 1797.9 520.8 1810.7 514.9
1 0.65 1673.9 425.0 1660.4 431.6 1645.3 400.8 1658.8 394.2
1 0.63 1715.4 117.5 1700.9 126.3 1682.9 96.2 1697.4 87.5
1 0.59 1554.3 243.3 1539.5 248.9 1527.6 217.8 1542.3 212.1
1 0.49 1644.2 343.4 1632.1 350.4 1615.8 322.0 1627.9 315.0
1 0.41 1822.9 541.1 1810.1 547.1 1797.9 520.8 1810.7 514.9
1 0.64 1904.8 888.8 1891.7 895.2 1877.1 865.3 1890.3 858.9
1 0.55 1868.1 627.3 1856.2 634.7 1838.5 606.4 1850.5 599.0
1 0.39 1822.8 541.1 1810.2 547.0 1798.0 520.9 1810.7 515.0
1 0.38 1904.7 818.5 1891.1 824.9 1876.7 794.0 1890.3 787.7
1 0.58 1553.9 244.3 1539.1 249.4 1528.1 217.7 1543.0 212.6
