1 0.64 1155.1 626.8 1141.1 633.3 1126.4 601.8 1140.4 595.2
1 0.64 1099.0 504.5 1085.0 511.3 1069.2 479.0 1083.3 472.1
1 0.62 1075.5 522.0 1061.1 527.8 1048.0 495.4 1062.4 489.6
1 0.61 1075.0 575.6 1063.4 581.0 1050.4 553.1 1062.0 547.7
1 0.6 835.6 315.0 822.0 320.5 809.4 289.4 823.1 283.9
1 0.56 854.1 299.6 838.9 306.7 823.5 273.7 838.7 266.6
1 0.64 1099.1 504.5 1085.0 511.4 1069.1 478.9 1083.3 472.0
1 0.63 1075.4 521.9 1061.1 527.7 1048.1 495.5 1062.4 489.8
1 0.61 1074.9 575.5 1063.3 580.9 1050.4 553.1 1062.0 547.7
1 0.61 835.6 315.0 822.0 320.5 809.4 289.4 823.1 283.9
1 0.6 858.8 183.9 862.9 197.4 831.2 207.1 827.0 193.6
1 0.57 804.7 46.6 811.0 60.1 781.5 73.9 775.2 60.4
1 0.56 854.0 299.6 839.0 306.6 823.6 273.6 838.7 266.6
1 0.53 1004.5 299.2 991.7 305.1 978.6 277.0 991.3 271.0
1 0.52 994.6 350.7 981.0 357.0 966.6 326.0 980.1 319.7
1 0.5 988.2 257.1 975.3 263.4 960.2 232.4 973.1 226.1
1 0.46 1024.6 353.1 1040.4 357.6 1029.8 394.7 1013.9 390.2
1 0.41 1022.2 335.4 1010.3 341.0 997.6 313.7 1009.5 308.2
1 0.64 1099.1 504.5 1085.0 511.3 1069.2 479.0 1083.3 472.1
1 0.63 1075.5 522.0 1061.1 527.8 1048.0 495.5 1062.4 489.6
1 0.61 1075.0 575.6 1063.4 581.0 1050.4 553.1 1062.0 547.6
1 0.61 835.6 315.0 822.0 320.5 809.4 289.4 823.1 283.9
1 0.61 858.8 183.9 862.9 197.4 831.2 207.1 827.0 193.6
1 0.58 804.7 46.6 811.0 60.1 781.5 73.8 775.2 60.3
1 0.56 854.2 299.6 838.9 306.7 823.5 273.6 838.7 266.5
1 0.65 1155.1 626.8 1141.1 633.3 1126.5 601.8 1140.4 595.3
1 0.64 1099.1 504.5 1085.0 511.4 1069.2 478.9 1083.3 472.1
1 0.62 1075.4 522.0 1061.1 527.7 1048.1 495.5 1062.4 489.7
1 0.6 1074.9 575.5 1063.3 580.9 1050.3 553.1 1062.0 547.7
1 0.56 994.4 350.7 981.0 356.9 966.6 326.1 980.0 319.8
1 0.53 1004.4 299.2 991.8 305.1 978.6 276.9 991.3 271.0
1 0.48 1024.5 353.2 1040.4 357.7 1029.8 394.7 1013.9 390.1
1 0.44 1022.6 335.8 1010.8 341.3 997.9 313.7 1009.8 308.2
1 0.26 78.0 790.7 69.9 801.9 44.0 783.1 52.2 771.9
1 0.64 1099.1 504.5 1085.0 511.4 1069.1 478.9 1083.3 472.0
1 0.62 1075.4 522.0 1061.1 527.7 1048.1 495.5 1062.4 489.8
1 0.61 1075.0 575.5 1063.3 580.9 1050.3 553.1 1062.0 547.7
1 0.61 835.6 314.9 822.0 320.4 809.5 289.5 823.1 284.0
1 0.56 854.0 299.6 839.0 306.6 823.6 273.7 838.7 266.7
1 0.53 1004.4 299.2 991.7 305.1 978.6 277.0 991.3 271.0
1 0.53 994.5 350.6 981.0 356.9 966.6 326.0 980.1 319.7
1 0.46 1024.5 353.2 1040.4 357.7 1029.8 394.7 1013.9 390.2
1 0.42 1022.2 335.5 1010.3 341.1 997.6 313.7 1009.5 308.2
1 0.64 1155.1 626.8 1141.1 633.3 1126.4 601.8 1140.4 595.3
1 0.64 1099.0 504.5 1085.0 511.3 1069.2 479.0 1083.3 472.1
1 0.63 1075.5 522.0 1061.1 527.8 1048.0 495.5 1062.4 489.6
1 0.61 1075.0 575.6 1063.4 581.0 1050.4 553.1 1062.0 547.7
1 0.65 1155.0 626.7 1141.1 633.1 1126.5 601.8 1140.4 595.3
1 0.64 1099.1 504.5 1085.0 511.4 1069.2 478.9 1083.3 472.1
1 0.62 1075.4 522.0 1061.1 527.7 1048.1 495.5 1062.4 489.7
1 0.61 858.8 183.9 862.9 197.4 831.2 207.1 827.0 193.6
1 0.61 835.6 315.0 822.0 320.4 809.5 289.4 823.0 284.0
1 0.61 1074.9 575.5 1063.3 580.9 1050.4 553.1 1062.0 547.7
1 0.6 804.7 46.6 811.0 60.1 781.5 73.8 775.2 60.4
1 0.57 854.0 299.6 839.0 306.6 823.6 273.6 838.7 266.6
1 0.53 1004.4 299.2 991.7 305.1 978.6 277.0 991.3 271.1
1 0.52 994.5 350.7 981.0 357.0 966.6 326.0 980.1 319.7
1 0.5 988.1 257.1 975.3 263.3 960.2 232.4 973.0 226.1
1 0.47 1024.6 353.1 1040.4 357.7 1029.8 394.7 1014.0 390.1
1 0.42 1022.6 335.7 1010.8 341.2 997.9 313.7 1009.8 308.2
1 0.69 77.8 92.5 84.7 105.8 56.1 120.3 49.3 107.0
1 0.68 107.3 161.4 113.0 174.4 85.0 186.9 79.2 173.9
1 0.66 114.4 177.3 120.5 190.9 90.0 204.5 84.0 190.8
1 0.65 61.2 50.7 66.9 63.4 39.3 75.7 33.6 62.9
1 0.64 95.7 130.1 101.0 144.0 69.4 156.1 64.1 142.2
1 0.62 71.3 75.4 78.0 89.0 46.9 104.1 40.3 90.6
1 0.62 48.8 14.8 56.2 27.6 29.0 43.3 21.6 30.5
1 0.6 138.3 230.4 144.9 244.5 112.9 259.4 106.4 245.3
1 0.57 148.8 272.7 155.5 285.7 127.3 300.1 120.6 287.1
1 0.52 57.0 32.3 63.4 44.8 36.7 58.3 30.4 45.9
1 0.47 98.4 146.7 104.0 159.3 76.4 171.6 70.8 159.0
1 0.42 18.0 165.5 23.8 181.4 -10.6 193.9 -16.3 178.0
1 0.36 123.3 194.5 129.4 206.4 103.2 219.8 97.1 207.8
1 0.32 42.1 0.4 48.4 12.8 21.8 26.3 15.5 14.0
1 0.57 148.7 272.8 155.3 285.8 127.3 300.0 120.7 287.1
1 0.51 137.5 231.1 143.7 245.1 112.2 259.1 105.9 245.1
1 0.25 78.0 790.7 69.9 801.9 44.0 783.1 52.1 771.9
1 0.64 1155.1 626.8 1141.1 633.3 1126.4 601.8 1140.4 595.3
1 0.63 1099.1 504.5 1085.0 511.4 1069.1 478.9 1083.3 472.0
1 0.62 1075.5 522.0 1061.1 527.8 1048.1 495.5 1062.4 489.7
1 0.61 835.6 314.9 822.0 320.4 809.5 289.4 823.0 284.0
1 0.6 1075.0 575.5 1063.3 581.0 1050.3 553.1 1062.0 547.6
1 0.56 854.1 299.6 839.0 306.6 823.6 273.6 838.7 266.6
1 0.53 1004.4 299.2 991.7 305.1 978.6 277.0 991.3 271.0
1 0.53 994.5 350.6 981.0 356.9 966.6 326.0 980.1 319.7
1 0.47 1024.5 353.2 1040.4 357.7 1029.8 394.7 1013.9 390.2
1 0.43 1023.1 335.6 1010.4 341.5 997.5 313.7 1010.1 307.8
1 0.63 1867.4 64.0 1852.3 71.1 1837.9 40.1 1853.0 33.1
1 0.65 1155.0 626.6 1141.1 633.1 1126.5 601.8 1140.4 595.3
1 0.64 1099.1 504.5 1085.0 511.4 1069.2 478.9 1083.3 472.0
1 0.63 1075.4 522.0 1061.1 527.7 1048.1 495.5 1062.4 489.8
1 0.61 1074.9 575.5 1063.3 580.9 1050.4 553.1 1062.0 547.7
1 0.56 994.4 350.7 981.0 356.9 966.6 326.1 980.0 319.8
1 0.53 1004.4 299.2 991.8 305.1 978.6 276.9 991.3 271.0
1 0.5 988.5 256.4 975.9 263.3 959.2 233.2 971.8 226.3
1 0.49 1024.6 353.2 1040.4 357.7 1029.8 394.6 1014.0 390.1
1 0.44 1022.6 335.7 1010.8 341.2 998.0 313.7 1009.8 308.2
