1 0.62 1038.5 664.4 1053.4 666.5 1048.4 701.5 1033.6 699.4
1 0.62 1054.1 795.1 1069.4 796.4 1066.4 830.8 1051.1 829.4
1 0.6 1012.2 716.5 1024.8 717.6 1022.2 747.1 1009.7 746.0
1 0.57 1086.7 438.0 1100.6 440.0 1096.0 472.5 1082.1 470.5
1 0.53 1064.9 660.2 1080.1 661.5 1077.0 696.6 1061.9 695.2
1 0.51 1088.6 527.9 1100.3 539.2 1072.0 568.5 1060.3 557.2
1 0.46 1051.4 477.8 1064.8 479.0 1062.0 511.0 1048.6 509.8
1 0.46 1083.5 482.6 1096.7 483.7 1094.1 513.5 1080.9 512.4
1 0.63 1038.5 664.5 1053.3 666.6 1048.4 701.5 1033.6 699.4
1 0.62 1054.1 795.2 1069.4 796.5 1066.4 830.7 1051.1 829.4
1 0.61 1086.6 438.3 1100.6 440.2 1096.0 472.5 1082.1 470.6
1 0.61 1025.8 298.7 1023.2 312.1 990.9 305.8 993.5 292.4
1 0.6 951.4 360.9 967.5 362.3 964.4 398.1 948.2 396.7
1 0.59 1012.3 716.6 1024.8 717.7 1022.2 747.1 1009.7 746.0
1 0.54 931.9 368.0 946.0 370.2 940.7 403.3 926.6 401.1
1 0.53 1064.9 660.2 1080.1 661.6 1077.0 696.6 1061.9 695.2
1 0.5 1089.0 527.8 1100.7 539.5 1071.9 568.3 1060.2 556.6
1 0.46 1051.4 477.8 1064.9 478.9 1062.1 511.0 1048.6 509.8
1 0.43 1083.4 482.3 1096.8 483.5 1094.2 513.3 1080.8 512.1
1 0.38 1090.3 391.9 1104.3 392.4 1103.1 427.2 1089.1 426.7
1 0.62 1038.5 664.4 1053.4 666.5 1048.5 701.5 1033.6 699.4
1 0.62 1054.1 795.1 1069.4 796.4 1066.4 830.8 1051.1 829.5
1 0.59 1012.2 716.5 1024.8 717.6 1022.3 747.1 1009.7 746.0
1 0.56 1086.6 438.0 1100.7 439.9 1096.1 472.5 1082.0 470.5
1 0.53 1064.9 660.2 1080.1 661.5 1077.1 696.6 1061.9 695.2
1 0.48 1088.6 527.8 1100.4 539.2 1072.0 568.6 1060.2 557.2
1 0.46 1083.4 482.5 1096.8 483.6 1094.2 513.5 1080.8 512.4
1 0.44 1051.3 477.8 1064.9 479.0 1062.1 511.1 1048.5 509.9
1 0.62 1086.7 438.3 1100.5 440.3 1096.0 472.5 1082.1 470.6
1 0.62 1025.8 298.7 1023.2 312.1 990.9 305.8 993.5 292.4
1 0.59 1046.7 151.6 1046.1 166.4 1013.6 165.3 1014.2 150.5
1 0.5 1088.6 527.9 1100.4 539.2 1072.3 568.4 1060.5 557.0
1 0.48 1051.4 477.8 1064.8 479.0 1062.0 511.0 1048.6 509.8
1 0.44 1083.5 482.4 1096.7 483.5 1094.1 513.2 1080.9 512.1
1 0.38 1090.3 391.9 1104.3 392.4 1103.1 427.1 1089.1 426.6
1 0.62 1086.6 438.3 1100.6 440.2 1096.1 472.6 1082.1 470.6
1 0.62 1025.8 298.7 1023.2 312.1 990.9 305.8 993.5 292.4
1 0.59 951.4 360.8 967.5 362.3 964.4 398.1 948.2 396.7
1 0.58 1046.6 151.6 1046.1 166.4 1013.7 165.3 1014.2 150.5
1 0.54 931.9 368.0 945.9 370.2 940.7 403.2 926.7 401.0
1 0.49 1088.6 527.7 1100.5 539.2 1072.3 568.4 1060.4 556.9
1 0.47 1051.4 477.8 1064.9 478.9 1062.1 511.0 1048.6 509.8
1 0.44 1083.4 482.3 1096.9 483.4 1094.2 513.3 1080.7 512.1
1 0.39 1090.3 391.9 1104.4 392.4 1103.2 427.2 1089.1 426.7
1 0.62 1038.5 664.4 1053.4 666.5 1048.4 701.5 1033.6 699.4
1 0.62 1054.1 795.0 1069.4 796.4 1066.4 830.8 1051.1 829.5
1 0.58 1012.2 716.5 1024.9 717.6 1022.3 747.2 1009.6 746.1
1 0.56 1086.7 438.0 1100.6 440.0 1096.1 472.5 1082.1 470.5
1 0.53 1064.9 660.2 1080.1 661.5 1077.0 696.6 1061.9 695.2
1 0.49 1088.6 527.9 1100.4 539.2 1072.0 568.6 1060.2 557.3
1 0.46 1083.5 482.6 1096.7 483.7 1094.1 513.5 1080.9 512.4
1 0.44 1051.4 477.8 1064.9 479.0 1062.1 511.0 1048.6 509.9
1 0.6 452.2 43.4 467.4 44.7 464.5 77.5 449.3 76.2
1 0.45 360.1 26.2 359.8 41.2 327.8 40.6 328.1 25.6
1 0.63 1038.5 664.5 1053.3 666.6 1048.4 701.5 1033.6 699.4
1 0.62 1025.8 298.7 1023.2 312.1 990.9 305.8 993.5 292.4
1 0.62 1086.6 438.3 1100.5 440.2 1096.0 472.5 1082.1 470.6
1 0.61 1054.1 795.2 1069.4 796.5 1066.4 830.7 1051.1 829.4
1 0.6 1012.3 716.6 1024.7 717.7 1022.2 747.1 1009.7 746.0
1 0.53 1065.0 660.2 1080.0 661.5 1077.0 696.5 1061.9 695.2
1 0.49 1089.0 527.9 1100.6 539.6 1071.9 568.3 1060.3 556.7
1 0.47 1051.4 477.8 1064.8 479.0 1062.0 511.0 1048.6 509.8
1 0.44 1083.5 482.4 1096.7 483.5 1094.1 513.2 1080.9 512.0
1 0.39 1090.3 391.9 1104.3 392.4 1103.1 427.1 1089.1 426.6
1 0.62 1086.7 438.3 1100.5 440.2 1096.0 472.5 1082.1 470.6
1 0.61 1025.8 298.7 1023.2 312.1 990.9 305.8 993.5 292.4
1 0.59 951.4 360.9 967.5 362.3 964.3 398.1 948.3 396.7
1 0.57 1046.6 151.6 1046.1 166.4 1013.7 165.3 1014.2 150.5
1 0.54 931.9 368.0 945.9 370.2 940.7 403.2 926.6 401.0
1 0.5 1088.7 527.7 1100.5 539.2 1072.3 568.4 1060.4 557.0
1 0.47 1051.4 477.8 1064.9 479.0 1062.1 511.0 1048.6 509.8
1 0.44 1083.4 482.3 1096.8 483.5 1094.2 513.2 1080.8 512.1
1 0.38 1090.3 391.9 1104.3 392.4 1103.1 427.1 1089.1 426.7
1 0.63 1038.5 664.5 1053.3 666.6 1048.4 701.5 1033.6 699.5
1 0.62 1025.8 298.7 1023.2 312.1 990.9 305.8 993.5 292.4
1 0.61 1054.1 795.2 1069.4 796.5 1066.4 830.8 1051.1 829.4
1 0.61 1086.6 438.2 1100.6 440.2 1096.1 472.6 1082.1 470.6
1 0.59 951.4 360.9 967.5 362.3 964.4 398.1 948.2 396.7
1 0.59 1012.3 716.6 1024.7 717.7 1022.2 747.1 1009.7 746.0
1 0.54 931.9 368.0 945.9 370.2 940.7 403.2 926.7 401.0
1 0.53 1065.0 660.2 1080.1 661.5 1077.0 696.5 1061.9 695.2
1 0.47 1089.0 527.8 1100.8 539.6 1072.0 568.4 1060.2 556.6
1 0.45 1051.4 477.8 1064.9 478.9 1062.1 511.0 1048.6 509.8
1 0.43 1083.4 482.2 1096.9 483.4 1094.2 513.3 1080.8 512.1
1 0.39 1090.3 391.9 1104.4 392.4 1103.2 427.2 1089.1 426.7
1 0.6 452.2 43.3 467.4 44.7 464.5 77.6 449.3 76.2
1 0.46 360.1 26.2 359.9 41.2 327.8 40.6 328.1 25.6
