1 0.54 1415.3 678.4 1358.5 692.5 1322.3 547.3 1379.1 533.1
1 0.5 1530.8 613.6 1475.4 632.7 1424.7 485.5 1480.1 466.5
1 0.5 1531.0 614.0 1474.7 633.4 1423.8 485.5 1480.1 466.1
1 0.28 1418.0 680.4 1359.9 696.0 1320.4 548.7 1378.5 533.1
1 0.54 1415.6 678.4 1358.3 692.7 1322.0 546.8 1379.2 532.5
1 0.49 1530.8 614.0 1474.6 633.4 1423.5 485.1 1479.7 465.7
1 0.5 1531.0 614.1 1474.6 633.5 1423.7 485.4 1480.0 466.0
1 0.28 1418.0 680.5 1359.8 696.1 1320.3 548.5 1378.5 532.9
1 0.36 1384.9 917.5 1332.2 932.6 1292.4 793.8 1345.1 778.7
1 0.54 1415.5 678.4 1358.4 692.6 1322.1 547.1 1379.2 532.8
1 0.49 1530.8 614.0 1474.6 633.3 1423.6 485.2 1479.8 465.9
1 0.52 1416.9 679.4 1359.2 693.8 1322.5 546.7 1380.2 532.3
1 0.46 1531.6 614.1 1475.8 633.3 1425.3 486.6 1481.1 467.3
1 0.44 1385.2 921.3 1332.9 936.3 1291.2 790.8 1343.4 775.8
1 0.52 1417.1 679.5 1359.0 694.0 1322.2 546.5 1380.4 532.0
1 0.45 1531.7 614.3 1475.1 633.8 1424.3 486.3 1480.9 466.8
1 0.44 1385.1 921.2 1332.9 936.1 1291.2 790.9 1343.4 775.9
1 0.5 1531.1 613.8 1475.1 633.1 1424.1 485.2 1480.1 465.9
1 0.28 1417.8 680.1 1360.0 695.6 1320.6 548.5 1378.4 533.1
1 0.52 1417.2 679.5 1359.0 694.0 1322.2 546.3 1380.4 531.8
1 0.45 1531.7 614.3 1475.1 633.8 1424.3 486.3 1480.9 466.8
1 0.45 1385.2 921.3 1332.7 936.4 1290.9 790.6 1343.4 775.5
