1 0.29 1355.9 756.4 1416.9 767.2 1388.9 925.8 1327.9 915.0
1 0.26 1547.6 181.5 1591.5 237.8 1434.3 360.5 1390.4 304.3
1 0.52 1245.4 759.8 1302.9 777.4 1257.0 927.6 1199.5 910.0
1 0.38 1100.3 958.7 1149.3 970.9 1118.2 1095.8 1069.1 1083.6
1 0.33 1244.5 762.2 1302.3 779.8 1259.2 920.7 1201.5 903.0
1 0.51 1245.3 759.4 1302.9 777.0 1256.9 927.6 1199.3 910.0
1 0.43 1358.1 757.1 1416.9 768.5 1387.1 921.6 1328.4 910.2
1 0.4 1100.1 958.6 1149.4 970.9 1118.2 1096.2 1068.8 1083.9
1 0.31 1244.7 762.2 1302.3 779.8 1258.9 921.7 1201.3 904.1
1 0.27 1356.4 756.9 1416.6 767.5 1388.8 925.3 1328.6 914.6
1 0.26 1547.3 181.9 1591.2 238.0 1434.6 360.3 1390.8 304.2
1 0.44 1357.8 756.9 1416.6 768.3 1386.8 921.7 1327.9 910.3
1 0.31 1244.6 762.2 1302.5 779.9 1259.1 921.9 1201.2 904.2
1 0.28 1356.0 756.5 1416.9 767.3 1389.0 926.0 1328.0 915.2
1 0.51 1245.4 759.4 1303.0 777.0 1257.0 927.6 1199.3 910.0
1 0.42 1359.7 756.6 1418.1 768.0 1388.1 922.5 1329.7 911.2
1 0.4 1546.3 194.1 1585.0 245.4 1436.2 357.6 1397.5 306.2
1 0.35 1552.4 -41.7 1616.2 -23.4 1572.4 129.1 1508.7 110.8
1 0.26 1407.2 -64.7 1466.8 -50.9 1431.7 101.1 1372.1 87.3
1 0.41 1546.1 194.2 1584.9 245.7 1436.4 357.6 1397.6 306.1
1 0.27 1552.9 -44.8 1617.4 -26.3 1572.7 129.6 1508.1 111.1
1 0.4 1546.0 194.2 1584.8 245.7 1436.1 357.8 1397.3 306.3
1 0.34 1552.3 -41.5 1615.9 -23.2 1572.2 129.0 1508.7 110.8
