1 0.51 788.3 69.6 842.8 76.3 824.7 223.6 770.2 216.9
1 0.48 883.3 33.3 942.8 40.6 923.2 200.3 863.7 193.0
1 0.51 1315.5 546.2 1373.2 553.3 1354.8 703.1 1297.2 696.0
1 0.48 1484.4 775.4 1531.3 819.1 1405.7 953.8 1358.9 910.1
1 0.36 1458.2 564.7 1517.2 572.0 1500.9 705.1 1441.8 697.9
1 0.43 1474.2 373.0 1531.4 380.0 1513.6 525.4 1456.4 518.4
1 0.36 1493.0 165.7 1545.8 166.7 1543.2 315.0 1490.4 314.1
1 0.39 1316.1 543.7 1377.3 551.3 1358.6 703.8 1297.4 696.3
1 0.3 1239.4 921.0 1225.5 969.5 1095.7 932.2 1109.6 883.8
1 0.5 1315.7 546.6 1373.0 553.6 1354.7 702.8 1297.4 695.7
1 0.47 1484.5 775.5 1531.3 819.1 1405.8 953.7 1359.0 910.1
1 0.35 1458.1 564.6 1517.3 571.9 1500.9 705.1 1441.8 697.9
1 0.28 1239.1 921.0 1225.2 969.4 1095.8 932.3 1109.7 883.9
1 0.49 1313.3 549.0 1369.5 553.9 1356.7 699.6 1300.5 694.6
1 0.44 1474.1 372.9 1531.6 379.9 1513.7 525.6 1456.2 518.6
1 0.4 1460.9 561.4 1519.8 570.8 1498.3 706.6 1439.3 697.3
1 0.29 61.9 94.1 61.9 123.2 -0.9 123.2 -0.9 94.1
1 0.44 1474.4 373.2 1531.5 380.2 1513.7 525.2 1456.6 518.2
1 0.32 1494.5 165.6 1546.4 166.5 1543.8 315.5 1491.9 314.6
1 0.5 1315.7 546.3 1373.0 553.4 1354.7 702.7 1297.4 695.6
1 0.46 1484.5 775.5 1531.2 819.1 1405.8 953.6 1359.1 910.0
1 0.36 1459.5 564.5 1518.5 572.8 1499.8 705.5 1440.8 697.2
1 0.48 1313.5 549.3 1369.3 554.2 1356.7 699.3 1300.8 694.4
1 0.44 1474.2 372.8 1531.7 379.9 1513.8 525.7 1456.3 518.6
1 0.39 1460.9 561.4 1519.8 570.7 1498.3 706.6 1439.3 697.2
1 0.52 788.2 69.4 843.2 76.2 825.1 223.8 770.1 217.1
1 0.38 1315.1 545.6 1374.2 551.8 1358.6 700.2 1299.5 694.0
1 0.52 788.3 69.6 843.0 76.3 824.9 223.7 770.2 217.0
1 0.49 883.1 33.4 943.0 40.7 923.3 200.5 863.5 193.2
1 0.49 1313.4 549.0 1369.4 553.9 1356.7 699.3 1300.7 694.4
1 0.43 1474.1 372.8 1531.6 379.9 1513.7 525.8 1456.2 518.7
1 0.4 1460.8 561.6 1519.9 571.0 1498.4 706.7 1439.3 697.3
1 0.44 1474.4 373.2 1531.4 380.2 1513.6 525.1 1456.6 518.1
1 0.31 1493.7 165.3 1546.6 166.2 1544.0 315.9 1491.1 315.0
