1 0.29 1242.6 654.8 1230.6 703.0 1100.0 670.4 1112.0 622.3
1 0.33 1241.7 655.7 1229.9 703.2 1099.9 670.8 1111.7 623.3
1 0.31 1319.6 283.4 1380.5 290.8 1362.3 439.2 1301.4 431.8
1 0.5 1489.2 513.0 1535.1 558.9 1404.2 689.8 1358.3 643.9
1 0.49 1317.2 284.7 1373.3 290.6 1357.8 438.1 1301.7 432.2
1 0.36 1458.0 301.1 1519.7 307.6 1505.2 446.1 1443.4 439.6
1 0.48 1488.7 514.9 1534.1 560.3 1405.2 689.2 1359.8 643.8
1 0.27 1242.6 654.8 1230.6 703.0 1100.1 670.5 1112.1 622.3
1 0.5 1489.2 513.1 1535.1 559.0 1404.2 689.8 1358.4 643.9
1 0.48 1317.5 285.1 1373.1 290.9 1357.7 437.7 1302.1 431.8
1 0.36 1458.0 301.1 1519.7 307.6 1505.2 446.1 1443.4 439.6
1 0.32 1241.7 655.7 1229.9 703.3 1099.9 670.8 1111.7 623.3
1 0.48 1489.2 513.2 1535.0 558.9 1404.2 689.8 1358.4 644.0
1 0.48 1317.7 285.1 1373.0 290.9 1357.6 437.6 1302.3 431.7
1 0.36 1458.0 301.3 1519.8 307.8 1505.3 445.9 1443.5 439.4
1 0.51 1477.1 106.5 1536.3 113.7 1518.3 260.9 1459.1 253.6
1 0.49 1316.2 285.6 1371.7 290.5 1358.9 437.3 1303.4 432.5
1 0.34 1458.0 301.2 1519.7 307.7 1505.2 446.1 1443.4 439.6
1 0.26 1489.9 512.0 1537.3 559.5 1402.8 694.0 1355.3 646.5
1 0.34 1318.2 283.7 1379.1 290.1 1363.5 439.1 1302.6 432.7
1 0.47 1488.5 515.1 1533.9 560.5 1405.2 689.2 1359.8 643.8
1 0.51 1477.2 106.6 1536.2 113.9 1518.2 260.8 1459.1 253.6
1 0.5 1316.0 285.4 1371.9 290.3 1359.0 437.8 1303.1 432.9
1 0.34 1458.0 301.3 1519.7 307.8 1505.2 446.1 1443.5 439.6
1 0.26 1489.9 511.9 1537.4 559.5 1402.8 694.1 1355.3 646.5
1 0.48 1488.7 514.8 1534.2 560.3 1405.1 689.4 1359.6 643.9
1 0.5 1477.3 106.9 1536.0 114.1 1518.0 260.7 1459.3 253.5
1 0.49 1316.4 285.7 1371.8 290.6 1358.9 437.5 1303.6 432.7
1 0.34 1457.8 301.8 1519.8 308.3 1505.4 445.8 1443.3 439.3
1 0.26 1490.3 511.7 1537.7 559.2 1403.0 693.9 1355.6 646.5
