1 0.49 1487.9 367.3 1533.1 412.5 1401.7 543.9 1356.5 498.7
1 0.34 1317.7 133.5 1380.8 141.3 1361.6 297.4 1298.5 289.6
1 0.27 1239.4 512.3 1225.4 561.0 1096.3 523.9 1110.2 475.3
1 0.43 1389.3 952.3 1444.9 954.2 1439.5 1108.0 1384.0 1106.1
1 0.25 1483.4 370.9 1529.4 418.6 1402.0 541.5 1356.1 493.9
1 0.5 1488.2 367.0 1533.4 412.3 1401.9 543.8 1356.6 498.6
1 0.5 1317.0 135.8 1375.4 143.0 1356.6 296.4 1298.2 289.3
1 0.33 1458.1 156.0 1518.0 162.3 1503.6 299.7 1443.6 293.4
1 0.26 1480.0 -39.6 1537.9 -30.4 1515.5 111.1 1457.6 101.9
1 0.5 1488.1 367.1 1533.4 412.3 1401.9 543.8 1356.7 498.5
1 0.49 1317.1 136.2 1375.2 143.3 1356.4 296.0 1298.4 288.9
1 0.32 1458.1 156.0 1518.0 162.3 1503.6 299.7 1443.6 293.4
1 0.26 1479.9 -39.3 1537.9 -30.1 1515.5 111.1 1457.5 101.9
1 0.26 1239.4 512.3 1225.5 561.0 1096.2 524.0 1110.2 475.3
1 0.5 1487.9 367.0 1533.4 412.4 1401.8 544.1 1356.3 498.6
1 0.27 1239.4 512.3 1225.5 561.0 1096.1 523.9 1110.1 475.3
1 0.27 1239.4 512.4 1225.5 561.0 1096.1 523.9 1110.0 475.3
1 0.3 1273.7 972.1 1334.1 982.7 1307.3 1134.8 1246.8 1124.2
1 0.43 1389.2 952.0 1445.0 954.0 1439.6 1108.9 1383.8 1106.9
1 0.29 1273.6 972.1 1334.3 982.8 1307.4 1135.8 1246.6 1125.1
1 0.26 1478.1 372.1 1525.6 419.7 1402.0 543.2 1354.5 495.7
1 0.49 1317.3 136.1 1375.1 143.2 1356.3 295.9 1298.5 288.8
1 0.48 1487.9 367.4 1533.1 412.5 1402.0 543.6 1356.9 498.5
1 0.33 1458.2 156.4 1518.1 162.7 1503.7 299.6 1443.8 293.3
1 0.26 1479.6 -54.8 1540.3 -47.3 1520.8 111.4 1460.1 103.9
1 0.42 1389.5 952.5 1444.8 954.4 1439.5 1107.9 1384.2 1106.0
1 0.29 1269.6 971.6 1331.6 979.2 1312.3 1136.7 1250.2 1129.1
1 0.5 1488.0 366.8 1533.5 412.3 1401.7 544.1 1356.2 498.6
