1 0.45 1481.1 496.9 1550.5 503.0 1532.9 704.2 1463.5 698.1
1 0.34 1675.1 523.8 1742.7 532.1 1721.3 705.7 1653.8 697.4
1 0.33 1699.3 799.1 1759.9 859.7 1595.8 1023.9 1535.1 963.2
1 0.28 1380.8 983.4 1363.2 1040.9 1205.6 992.7 1223.2 935.2
1 0.26 1406.8 987.1 1389.4 1047.8 1208.5 996.0 1226.0 935.3
1 0.31 1483.7 504.0 1550.6 509.9 1536.3 673.4 1469.4 667.6
1 0.48 1483.2 505.2 1551.8 511.2 1535.5 697.5 1466.9 691.5
1 0.45 1698.3 279.4 1765.9 290.1 1736.9 473.4 1669.3 462.7
1 0.36 1674.9 523.8 1742.1 532.0 1720.8 704.9 1653.7 696.6
1 0.45 1835.8 862.6 1908.1 868.9 1889.9 1077.1 1817.6 1070.8
1 0.42 1483.3 504.9 1551.8 510.9 1535.3 699.0 1466.9 693.0
1 0.38 1701.0 795.5 1762.3 856.9 1596.8 1022.4 1535.5 961.0
1 0.37 1672.3 519.2 1741.8 526.5 1722.5 709.7 1653.1 702.4
1 0.43 1483.3 504.4 1552.0 510.4 1535.5 699.6 1466.7 693.6
1 0.34 1381.4 981.5 1365.0 1038.5 1207.4 993.3 1223.7 936.3
1 0.48 1483.3 505.0 1551.7 511.0 1535.4 697.3 1467.0 691.3
1 0.44 1698.4 279.5 1765.7 290.2 1736.7 473.7 1669.4 463.0
1 0.3 1785.8 208.6 1713.8 209.9 1710.3 9.8 1782.3 8.6
1 0.27 1483.5 504.2 1550.8 510.1 1536.4 674.5 1469.1 668.6
1 0.47 1483.3 505.3 1551.4 511.3 1535.2 696.7 1467.1 690.8
1 0.45 1698.6 279.6 1765.7 290.2 1736.7 473.4 1669.6 462.8
1 0.36 1672.7 519.6 1741.6 526.8 1722.5 708.1 1653.7 700.8
1 0.44 1698.7 279.7 1765.6 290.3 1736.5 474.0 1669.6 463.4
1 0.34 1786.4 208.5 1715.5 209.7 1712.0 9.0 1782.9 7.8
1 0.29 1483.5 504.0 1550.5 509.9 1536.2 673.2 1469.2 667.3
