1 0.55 805.2 4.8 865.2 13.2 842.9 172.1 782.9 163.7
1 0.28 907.3 -37.8 967.9 -32.5 952.4 144.3 891.8 138.9
1 0.51 1378.0 524.7 1440.5 532.4 1420.4 695.5 1358.0 687.9
1 0.42 1562.9 774.3 1615.4 826.7 1474.1 968.0 1421.6 915.6
1 0.35 1535.1 545.5 1597.7 553.2 1579.9 698.2 1517.3 690.5
1 0.44 1553.1 335.5 1614.1 343.0 1594.7 500.8 1533.8 493.3
1 0.32 1577.7 106.0 1632.0 107.9 1626.3 272.6 1572.0 270.7
1 0.29 1376.8 526.9 1437.3 533.3 1421.8 681.0 1361.2 674.7
1 0.3 1290.7 932.5 1276.4 982.2 1142.1 943.7 1156.3 894.0
1 0.55 805.3 4.8 865.0 13.2 842.6 172.1 782.9 163.8
1 0.37 1557.8 336.5 1616.3 346.9 1589.5 498.4 1531.1 488.1
1 0.29 1376.8 527.0 1437.3 533.3 1421.8 680.9 1361.3 674.5
1 0.49 1375.2 527.6 1436.0 532.9 1422.2 691.5 1361.4 686.2
1 0.45 1553.1 335.5 1614.1 343.0 1594.7 500.7 1533.8 493.3
1 0.35 1538.3 543.8 1600.1 553.5 1577.1 698.8 1515.3 689.0
1 0.51 1378.0 524.8 1440.3 532.4 1420.3 695.5 1358.0 687.8
1 0.4 1560.9 776.6 1613.0 828.7 1474.6 967.1 1422.5 915.0
1 0.34 1535.1 545.5 1597.6 553.2 1579.8 698.2 1517.3 690.5
1 0.49 1375.2 527.7 1436.0 533.0 1422.2 691.5 1361.3 686.2
1 0.38 1557.8 336.5 1616.1 346.7 1589.4 498.2 1531.1 487.9
1 0.34 1537.0 543.6 1598.5 552.2 1578.1 697.6 1516.6 689.0
1 0.55 805.4 5.0 864.9 13.4 842.6 171.9 783.1 163.6
1 0.28 907.7 -37.1 967.5 -31.9 952.1 144.1 892.3 138.9
1 0.45 1556.4 335.2 1616.6 344.7 1591.8 501.2 1531.6 491.7
1 0.37 1572.3 109.7 1630.6 110.7 1627.8 272.6 1569.5 271.6
1 0.27 1376.9 527.0 1437.0 533.4 1421.5 680.8 1361.4 674.5
1 0.51 1378.0 524.8 1440.5 532.4 1420.4 695.4 1358.0 687.8
1 0.39 1562.7 774.4 1615.0 826.7 1473.9 967.8 1421.6 915.5
1 0.34 1533.8 544.8 1596.2 551.3 1580.9 697.4 1518.4 690.9
1 0.33 1291.2 932.6 1277.1 982.0 1143.7 943.7 1157.9 894.3
1 0.49 1375.2 527.6 1435.9 532.9 1422.1 691.4 1361.4 686.0
1 0.46 1556.3 335.0 1616.6 344.6 1591.9 501.1 1531.5 491.5
1 0.34 1538.4 543.7 1600.0 553.4 1577.0 698.6 1515.4 688.9
