1 0.58 213.7 179.2 223.8 183.9 212.9 207.4 202.8 202.7
1 0.36 431.8 15.6 441.6 17.1 438.1 39.7 428.3 38.2
1 0.27 223.9 188.9 234.0 193.6 223.9 215.2 213.8 210.5
1 0.28 457.2 19.2 467.6 20.3 465.3 42.5 454.9 41.4
1 0.28 444.1 16.4 454.0 17.6 451.3 40.2 441.3 38.9
1 0.29 485.2 18.6 495.6 19.5 493.5 43.6 483.1 42.7
1 0.31 246.8 127.4 256.8 131.7 247.4 153.8 237.4 149.5
1 0.31 212.3 58.7 223.7 63.1 213.9 88.6 202.5 84.2
1 0.32 470.2 18.6 481.4 19.6 479.3 44.0 468.1 43.0
1 0.32 418.0 14.9 428.8 15.9 426.7 40.2 415.8 39.3
1 0.32 281.1 141.5 291.5 145.8 282.1 169.1 271.7 164.9
1 0.35 258.1 133.2 268.2 137.5 258.7 159.8 248.6 155.5
1 0.37 175.8 162.8 186.4 167.7 175.0 192.1 164.4 187.2
1 0.53 234.5 120.4 245.1 124.7 235.2 149.4 224.5 145.1
1 0.39 270.2 214.5 279.5 219.9 267.5 240.8 258.2 235.4
1 0.39 258.7 205.6 268.2 211.1 255.4 233.2 245.9 227.7
1 0.4 267.3 138.0 277.3 141.3 270.2 163.3 260.2 160.0
1 0.42 202.8 173.9 212.3 178.8 201.1 200.8 191.5 196.0
1 0.45 197.9 107.9 207.9 112.1 198.2 135.0 188.2 130.8
1 0.49 248.1 199.1 257.3 204.4 245.2 225.4 236.0 220.1
1 0.49 236.0 191.7 245.7 197.1 233.2 219.5 223.6 214.2
1 0.5 293.7 148.0 304.1 152.9 293.6 175.4 283.2 170.5
1 0.51 210.7 111.5 221.2 114.9 213.5 138.7 203.0 135.3
1 0.52 190.3 167.9 200.0 172.8 189.4 193.5 179.8 188.6
1 0.26 80.0 343.4 87.0 349.4 69.3 369.8 62.3 363.7
