1 0.55 158.8 389.7 169.8 390.5 168.0 416.6 157.0 415.9
1 0.53 184.4 255.9 195.2 258.8 188.4 283.9 177.7 281.1
1 0.28 609.2 484.7 616.4 491.7 597.9 510.9 590.6 503.9
1 0.29 230.2 149.1 242.4 155.8 230.5 177.3 218.3 170.5
1 0.3 368.2 -7.4 376.3 1.9 356.8 18.8 348.7 9.5
1 0.32 202.8 199.8 215.0 203.3 208.0 227.7 195.8 224.2
1 0.33 228.9 352.1 238.8 353.0 236.7 377.0 226.8 376.1
1 0.36 247.8 280.6 258.3 284.6 249.0 308.9 238.5 304.9
1 0.38 237.3 435.1 226.5 435.7 225.1 408.9 235.9 408.4
1 0.38 179.5 500.7 167.5 502.2 164.1 475.2 176.2 473.7
1 0.43 175.5 456.8 162.8 457.6 160.6 425.2 173.2 424.3
1 0.44 546.3 476.3 552.4 482.4 536.6 498.3 530.4 492.2
1 0.46 192.7 225.8 204.6 228.5 198.9 253.5 186.9 250.7
1 0.46 167.5 325.4 178.1 327.5 173.3 352.0 162.8 350.0
1 0.48 200.4 280.3 210.7 283.2 204.4 305.3 194.1 302.3
1 0.48 569.9 481.6 575.8 488.3 558.7 503.2 552.8 496.5
1 0.49 609.3 426.2 615.4 433.2 596.9 449.2 590.9 442.3
1 0.27 307.4 144.1 316.4 150.2 303.9 168.7 294.9 162.7
