1 0.56 114.9 419.2 124.9 420.6 121.5 445.4 111.4 443.9
1 0.53 439.6 222.1 432.6 229.6 413.9 212.2 420.9 204.7
1 0.26 426.9 455.3 421.3 462.6 403.9 449.0 409.5 441.8
1 0.27 494.6 291.5 488.2 298.3 473.8 285.0 480.2 278.1
1 0.28 128.6 456.7 140.3 457.5 138.6 481.3 126.9 480.5
1 0.29 142.8 506.0 130.7 507.0 128.5 482.1 140.6 481.1
1 0.3 428.4 183.7 419.1 194.4 381.0 161.3 390.3 150.6
1 0.3 68.6 418.4 78.4 420.3 74.3 441.4 64.5 439.5
1 0.32 79.1 491.6 68.5 492.5 66.2 466.2 76.7 465.2
1 0.33 563.0 352.4 557.1 358.7 541.1 343.7 547.0 337.4
1 0.34 129.5 423.4 141.3 424.4 139.1 449.6 127.3 448.6
1 0.35 503.9 254.3 498.4 261.4 481.6 248.3 487.2 241.2
1 0.37 206.9 337.6 201.0 344.1 184.7 328.9 190.7 322.5
1 0.37 425.2 16.8 429.7 25.6 409.2 36.1 404.7 27.3
1 0.39 136.5 296.1 130.5 303.1 111.7 286.8 117.8 279.9
1 0.41 586.0 325.0 579.4 332.6 561.4 317.0 568.0 309.4
1 0.42 320.0 74.1 313.2 81.4 296.3 65.6 303.1 58.3
1 0.42 216.8 22.5 210.6 28.4 196.4 13.7 202.5 7.7
1 0.44 362.7 158.4 356.8 164.8 339.7 148.9 345.7 142.5
1 0.44 67.3 185.4 60.0 193.3 39.6 174.3 47.0 166.4
1 0.46 597.4 312.7 591.2 319.8 572.3 303.4 578.5 296.3
1 0.46 33.1 178.5 26.9 185.1 8.5 168.0 14.7 161.4
1 0.47 386.7 471.7 381.1 478.2 363.2 462.6 368.8 456.2
1 0.47 220.8 323.0 214.5 329.8 196.4 313.0 202.7 306.2
1 0.5 627.9 407.5 621.2 415.3 602.3 398.9 609.1 391.1
1 0.5 258.9 335.3 252.8 342.3 234.7 326.5 240.8 319.6
1 0.5 639.6 375.8 632.8 383.6 611.7 365.2 618.5 357.4
1 0.51 562.4 330.5 556.5 337.3 538.8 322.0 544.8 315.2
1 0.52 95.1 344.6 104.9 349.5 93.5 371.8 83.8 366.8
1 0.25 226.0 182.3 234.3 190.0 216.8 208.8 208.5 201.1
