1 0.5 145.1 203.9 141.4 213.0 118.5 203.8 122.2 194.6
1 0.5 231.5 237.4 227.8 246.6 205.4 237.5 209.1 228.3
1 0.31 611.6 404.4 608.5 412.6 587.4 404.6 590.6 396.3
1 0.32 561.1 325.8 555.9 339.3 508.1 320.9 513.2 307.4
1 0.36 216.2 212.3 212.9 219.6 195.4 211.7 198.6 204.5
1 0.38 627.6 334.0 624.4 343.2 602.5 335.7 605.7 326.4
1 0.38 38.7 113.5 35.2 122.2 12.5 113.0 16.0 104.3
1 0.39 131.6 147.4 127.9 156.6 107.6 148.4 111.4 139.2
1 0.39 414.1 311.3 410.6 320.0 387.7 310.7 391.2 302.1
1 0.4 461.2 151.2 459.1 161.1 435.7 156.1 437.8 146.2
1 0.41 127.9 178.6 124.1 188.0 101.2 178.7 105.0 169.4
1 0.41 366.5 273.2 362.7 282.6 338.7 272.9 342.5 263.5
1 0.42 172.7 50.3 170.8 59.3 148.2 54.5 150.1 45.5
1 0.42 446.2 281.7 443.3 290.6 421.8 283.6 424.6 274.7
1 0.42 299.1 81.6 297.4 89.6 276.9 85.3 278.6 77.2
1 0.42 351.5 248.8 348.1 257.2 325.1 247.9 328.5 239.5
1 0.43 179.7 182.8 176.0 192.1 153.7 183.1 157.5 173.8
1 0.47 126.9 161.8 123.2 170.9 102.2 162.4 105.9 153.3
1 0.47 585.6 373.7 582.6 382.8 559.6 375.4 562.6 366.2
1 0.48 531.5 113.3 529.6 122.6 507.4 117.9 509.3 108.6
1 0.49 490.9 323.9 487.4 332.7 463.0 322.9 466.6 314.1
1 0.49 451.6 130.1 450.2 139.3 426.7 135.5 428.1 126.4
1 0.49 270.6 235.2 267.1 244.0 244.4 234.8 247.9 226.0
1 0.49 326.8 64.7 324.4 75.9 294.0 69.5 296.4 58.2
1 0.5 248.1 209.3 244.7 217.9 222.4 208.9 225.9 200.3
1 0.26 267.9 201.3 264.2 209.7 242.6 200.1 246.3 191.8
