1 0.56 395.0 -3.1 402.9 4.8 383.9 23.9 375.9 16.0
1 0.51 613.1 366.3 623.5 367.2 621.3 392.0 610.9 391.1
1 0.51 371.9 19.8 380.5 27.8 361.0 48.7 352.4 40.7
1 0.48 597.2 137.1 586.6 137.7 585.4 113.6 595.9 113.0
1 0.41 589.7 229.7 598.9 230.5 597.0 252.2 587.8 251.4
1 0.34 443.0 39.8 450.4 49.6 431.4 63.8 424.1 54.1
1 0.34 618.4 197.3 627.5 198.1 625.6 219.9 616.5 219.1
1 0.33 357.4 193.6 368.8 195.2 365.2 221.1 353.7 219.5
1 0.32 578.3 473.9 569.2 474.3 568.1 453.8 577.2 453.3
1 0.31 470.1 18.4 476.9 28.4 455.2 43.0 448.5 33.0
1 0.3 569.4 100.5 579.2 101.4 577.3 123.7 567.5 122.8
1 0.3 423.7 56.7 431.8 65.8 414.5 81.4 406.4 72.3
1 0.27 591.6 437.6 600.1 438.3 598.5 457.5 590.0 456.7
