1 0.53 573.5 247.5 564.1 249.8 558.2 226.1 567.6 223.8
1 0.52 606.8 383.2 596.8 385.3 591.3 359.6 601.4 357.4
1 0.31 564.5 91.5 556.1 94.1 549.3 72.0 557.7 69.4
1 0.32 541.4 187.1 533.3 189.4 527.8 170.0 535.9 167.7
1 0.33 399.6 395.1 389.4 397.9 382.6 372.6 392.9 369.8
1 0.33 312.7 136.0 303.3 138.7 296.3 114.3 305.7 111.6
1 0.36 402.6 482.5 393.0 485.0 387.2 463.2 396.7 460.6
1 0.37 365.2 313.2 356.0 315.7 349.9 292.8 359.1 290.4
1 0.37 372.9 376.3 363.4 378.7 357.8 356.1 367.2 353.8
1 0.38 560.4 268.0 551.5 270.0 546.3 247.2 555.2 245.1
1 0.39 643.3 458.7 633.4 461.5 626.7 438.2 636.6 435.4
1 0.41 339.9 294.3 330.9 296.7 324.6 273.3 333.6 270.9
1 0.41 617.1 498.6 607.9 501.0 602.0 479.0 611.2 476.5
1 0.42 591.1 234.2 581.0 236.9 573.9 210.3 584.0 207.6
1 0.42 513.3 147.2 504.3 149.4 498.5 125.9 507.4 123.6
1 0.44 544.3 265.2 534.7 267.6 528.6 243.1 538.2 240.6
1 0.44 579.2 410.1 569.5 412.9 562.8 389.8 572.6 387.0
1 0.46 586.2 375.4 577.0 377.9 570.7 354.3 579.9 351.8
1 0.46 295.8 141.2 286.4 143.7 280.5 121.6 289.9 119.1
1 0.48 548.2 146.7 539.2 149.1 533.1 126.5 542.1 124.1
1 0.51 571.6 157.2 561.7 159.8 555.1 134.9 564.9 132.2
1 0.29 554.9 33.9 546.5 36.5 539.9 15.1 548.4 12.5
