1 0.54 460.0 303.0 468.3 310.8 450.7 329.7 442.4 322.0
1 0.48 451.5 165.3 443.6 170.2 430.8 149.8 438.7 144.8
1 0.46 518.7 262.6 510.5 268.1 496.4 247.3 504.6 241.8
1 0.4 603.8 334.1 596.2 339.2 583.1 319.8 590.7 314.6
1 0.36 478.4 129.3 470.5 134.7 456.9 114.6 464.9 109.2
1 0.34 629.0 175.4 635.4 184.8 611.9 200.7 605.5 191.3
1 0.33 395.1 446.2 405.0 447.1 402.7 473.0 392.8 472.1
1 0.28 401.3 413.8 411.3 415.8 406.5 440.4 396.5 438.4
0 0.45 324.1 236.8 313.7 246.2 290.7 220.7 301.2 211.3
0 0.33 336.4 230.0 325.1 237.6 305.1 207.9 316.4 200.3
0 0.31 294.7 264.0 285.7 274.0 261.7 252.4 270.7 242.4
0 0.28 26.4 256.1 16.7 264.2 -1.1 242.9 8.5 234.8
