1 0.59 492.7 97.4 495.7 108.4 469.5 115.5 466.5 104.5
1 0.55 360.6 186.8 368.7 193.6 351.3 214.3 343.2 207.5
1 0.48 602.7 93.6 592.7 94.3 591.0 69.5 600.9 68.8
1 0.45 382.6 161.4 390.2 168.7 371.9 187.7 364.3 180.4
1 0.45 621.0 228.0 610.3 228.7 608.7 205.1 619.4 204.4
1 0.44 589.1 454.0 579.2 454.5 578.1 431.9 587.9 431.4
1 0.43 618.6 32.7 609.2 33.5 607.3 11.8 616.7 11.0
1 0.41 354.8 357.9 366.4 358.7 364.5 385.5 352.9 384.7
1 0.39 570.9 477.8 561.6 478.3 560.5 456.6 569.7 456.2
1 0.39 628.6 223.0 638.3 223.6 636.7 246.6 627.0 245.9
1 0.37 413.9 217.7 422.4 225.7 406.1 243.2 397.5 235.2
1 0.35 432.6 200.8 440.0 209.3 422.4 224.7 414.9 216.1
1 0.33 457.7 177.3 465.0 187.0 444.5 202.3 437.3 192.7
1 0.32 583.1 193.4 573.7 193.9 572.5 171.3 581.9 170.8
1 0.29 417.6 130.1 422.8 139.1 405.1 149.4 399.8 140.3
