1 0.53 530.8 322.6 540.0 324.4 535.4 348.2 526.2 346.4
1 0.4 505.9 352.2 514.7 353.9 510.8 373.9 502.0 372.2
1 0.34 288.7 399.9 297.8 401.4 294.3 423.3 285.2 421.9
1 0.35 312.7 349.6 322.7 351.5 318.0 375.6 308.0 373.7
1 0.35 483.1 489.6 492.0 491.3 487.9 512.2 479.1 510.5
1 0.36 536.9 69.8 546.6 71.6 541.9 95.7 532.2 93.8
1 0.36 547.1 410.8 556.2 413.2 550.1 435.7 541.1 433.3
1 0.37 323.6 1.6 332.8 3.4 327.9 28.7 318.7 27.0
1 0.4 311.9 223.9 321.1 225.7 316.2 251.0 307.0 249.2
1 0.51 481.4 379.7 490.6 381.5 486.1 405.1 476.8 403.3
1 0.41 277.2 209.8 286.7 211.6 282.5 233.3 273.0 231.5
1 0.42 531.3 452.0 539.3 454.2 533.4 476.1 525.5 474.0
1 0.44 307.0 135.8 317.5 137.4 313.1 165.1 302.6 163.4
1 0.48 495.0 426.6 503.8 428.5 498.9 451.5 490.1 449.6
1 0.48 516.8 199.8 526.3 201.7 521.3 227.2 511.8 225.3
1 0.49 558.1 169.0 567.5 170.9 563.0 194.0 553.6 192.2
1 0.32 331.8 220.1 341.4 221.6 337.7 244.7 328.2 243.2
