1 0.53 568.7 251.4 578.2 253.2 573.4 277.8 564.0 275.9
1 0.51 374.2 111.6 384.4 113.2 380.4 138.4 370.2 136.8
1 0.5 619.1 161.9 629.6 163.9 625.0 187.8 614.5 185.7
1 0.48 583.4 352.3 592.9 354.2 588.4 377.4 578.9 375.6
1 0.4 364.4 299.0 373.8 300.8 368.9 325.9 359.5 324.1
1 0.4 523.3 473.5 534.3 475.6 529.2 501.9 518.2 499.8
1 0.4 404.7 22.4 413.3 23.8 409.7 46.5 401.1 45.1
1 0.34 380.6 181.9 390.0 183.8 385.7 206.0 376.3 204.2
1 0.33 303.5 376.0 312.4 377.1 309.6 399.9 300.7 398.8
1 0.28 343.1 64.4 352.1 66.1 347.7 89.0 338.7 87.2
1 0.28 327.4 383.0 337.2 384.9 333.1 405.6 323.4 403.7
1 0.26 411.1 96.2 420.5 98.0 416.2 120.1 406.8 118.3
