1 0.54 564.0 365.2 553.3 365.9 551.5 339.3 562.1 338.6
1 0.54 598.5 296.6 588.5 297.1 587.2 272.1 597.2 271.6
1 0.53 334.3 394.4 324.0 395.3 321.9 370.7 332.2 369.8
1 0.52 556.5 87.6 546.4 88.1 545.1 62.4 555.1 61.9
1 0.52 340.7 105.0 331.3 105.8 329.1 80.5 338.4 79.7
1 0.51 355.0 490.3 345.4 490.9 343.8 468.3 353.4 467.6
1 0.5 370.9 403.0 361.4 403.6 359.9 381.8 369.4 381.1
1 0.5 594.6 138.5 584.2 139.2 582.6 115.5 592.9 114.8
1 0.45 320.5 122.9 310.7 123.8 308.4 97.6 318.2 96.7
1 0.42 367.8 304.7 357.8 305.4 356.2 281.7 366.2 281.0
1 0.41 391.5 428.4 382.0 429.1 380.4 405.9 389.8 405.2
1 0.39 354.9 37.8 344.4 38.5 342.6 13.3 353.1 12.5
1 0.39 338.4 504.5 328.9 505.5 326.7 484.4 336.2 483.4
1 0.32 379.3 107.7 369.0 108.5 367.1 81.3 377.4 80.6
