1 0.53 505.7 206.5 516.2 207.2 514.4 232.4 503.9 231.7
1 0.51 513.5 405.0 522.9 405.6 521.3 428.9 511.9 428.3
1 0.5 479.8 325.7 490.5 326.6 488.2 352.2 477.6 351.2
1 0.5 470.2 197.2 481.3 198.2 478.9 225.9 467.8 225.0
1 0.44 249.7 404.3 239.6 405.0 238.0 382.6 248.2 381.9
1 0.43 271.0 103.9 280.4 104.6 278.7 128.6 269.4 127.9
1 0.43 265.4 308.0 274.7 308.7 273.0 333.1 263.6 332.5
1 0.42 531.5 432.9 542.3 433.7 540.5 459.4 529.7 458.7
1 0.41 205.3 302.7 214.5 303.3 213.0 325.4 203.8 324.8
1 0.4 210.6 369.4 219.6 370.1 217.9 393.8 208.9 393.2
1 0.37 500.3 346.8 510.8 347.5 509.0 372.7 498.6 371.9
1 0.37 218.6 461.4 227.9 461.7 227.1 484.7 217.8 484.3
1 0.32 285.0 205.6 294.4 206.3 292.7 230.4 283.3 229.8
