1 0.55 499.8 344.6 510.2 345.4 508.4 370.5 498.1 369.7
1 0.54 478.4 346.2 488.8 347.1 486.6 372.0 476.2 371.1
1 0.53 512.6 427.8 522.1 428.6 520.1 451.7 510.6 450.9
1 0.51 469.6 215.3 480.3 216.1 478.4 243.0 467.7 242.3
1 0.51 505.8 202.0 516.6 202.8 514.9 227.8 504.1 227.0
1 0.43 224.0 171.3 232.9 172.1 230.7 196.5 221.9 195.7
1 0.42 233.8 424.2 222.9 424.8 221.7 401.5 232.5 400.9
1 0.4 272.8 127.0 282.4 127.6 280.6 152.9 271.0 152.3
1 0.4 260.4 391.2 270.4 391.9 268.8 414.5 258.8 413.8
1 0.38 225.9 279.0 235.3 279.7 233.6 302.9 224.3 302.3
1 0.37 292.9 21.5 302.6 22.2 300.9 47.1 291.1 46.5
1 0.36 247.2 197.6 256.8 198.3 255.3 220.9 245.6 220.2
1 0.35 530.3 443.4 541.4 444.3 539.2 469.4 528.1 468.4
1 0.34 210.9 123.2 221.4 123.9 219.8 147.0 209.3 146.3
1 0.31 242.7 308.4 252.8 308.7 251.9 334.4 241.8 334.1
