1 0.59 417.8 73.2 428.0 75.6 422.0 101.5 411.9 99.1
1 0.53 428.1 119.9 438.4 122.3 432.7 147.0 422.3 144.6
1 0.52 354.9 193.5 365.2 196.3 358.3 222.1 347.9 219.3
1 0.5 349.7 407.9 360.3 409.2 357.3 433.2 346.8 431.9
1 0.48 380.4 245.3 391.0 247.3 386.0 273.4 375.3 271.3
1 0.47 352.6 126.9 361.7 129.3 355.3 153.5 346.1 151.0
1 0.45 122.6 224.1 132.7 226.9 126.1 251.5 116.0 248.8
1 0.45 413.6 13.3 423.7 15.3 419.1 38.6 409.0 36.7
1 0.44 41.5 427.0 51.0 428.8 46.6 451.4 37.2 449.5
1 0.44 68.0 398.3 77.1 400.4 71.9 423.2 62.7 421.0
1 0.4 144.3 135.3 153.4 137.8 146.4 163.7 137.3 161.2
1 0.38 82.4 232.1 92.6 234.3 87.3 259.6 77.0 257.4
1 0.35 95.3 425.6 104.2 427.3 99.8 449.6 91.0 447.9
1 0.34 279.0 433.9 289.4 436.3 284.0 459.6 273.6 457.2
