1 0.54 475.1 76.4 486.8 79.1 480.8 105.0 469.2 102.4
1 0.54 418.0 170.7 428.6 172.7 423.6 198.6 413.0 196.6
1 0.27 93.7 366.8 102.3 368.6 97.4 392.0 88.7 390.1
1 0.34 166.0 392.0 175.3 394.5 168.7 419.0 159.5 416.5
1 0.35 174.2 97.8 183.0 100.1 176.8 123.1 168.1 120.7
1 0.38 135.6 272.2 144.8 274.3 139.5 297.1 130.3 294.9
1 0.38 342.9 421.7 351.5 423.3 347.0 446.6 338.4 444.9
1 0.4 242.7 50.9 251.7 53.0 246.0 77.5 237.0 75.5
1 0.43 163.1 245.7 172.0 248.0 165.8 271.1 156.9 268.7
1 0.44 130.4 470.8 139.4 472.6 134.9 495.8 125.9 494.0
1 0.44 226.5 30.3 235.7 32.5 230.4 55.7 221.2 53.5
1 0.46 401.7 334.4 412.5 336.5 407.6 361.8 396.8 359.7
1 0.47 111.4 442.0 120.2 444.3 114.3 466.3 105.5 463.9
1 0.48 473.8 3.1 485.4 5.4 480.3 32.0 468.6 29.7
1 0.5 418.0 98.8 427.3 101.4 420.7 126.1 411.3 123.6
1 0.51 439.8 241.2 450.4 243.3 445.3 269.2 434.8 267.1
1 0.51 491.6 97.4 502.7 99.9 497.1 124.4 486.0 121.9
1 0.25 153.2 206.6 162.5 208.4 157.6 233.4 148.3 231.6
