1 0.58 457.6 73.7 468.5 76.3 462.3 103.2 451.4 100.7
1 0.45 398.4 179.4 408.4 181.3 403.3 207.3 393.4 205.4
1 0.41 140.3 430.1 149.3 432.1 144.3 453.8 135.3 451.8
1 0.42 97.7 359.6 106.3 361.9 100.3 384.4 91.7 382.1
1 0.43 106.5 409.2 116.0 412.0 109.1 435.9 99.6 433.1
1 0.43 75.4 459.1 84.7 460.9 80.3 483.4 71.0 481.6
1 0.45 119.5 442.0 128.4 444.0 123.1 467.0 114.2 465.0
1 0.45 322.4 426.4 331.8 428.3 327.2 451.9 317.8 450.1
1 0.46 196.8 7.6 206.0 10.1 199.4 34.5 190.2 32.0
1 0.58 140.4 230.8 150.0 233.0 144.4 257.2 134.8 255.0
1 0.48 396.4 108.0 406.1 110.3 400.4 134.9 390.7 132.7
1 0.49 455.4 6.2 465.5 8.6 459.9 33.0 449.7 30.7
1 0.49 385.2 356.4 395.9 358.5 391.0 383.6 380.4 381.5
1 0.5 471.3 108.0 480.9 110.2 475.1 135.1 465.6 132.9
1 0.52 124.0 323.3 134.2 325.3 128.8 353.0 118.6 351.0
1 0.56 158.4 238.2 168.1 240.0 163.3 264.4 153.6 262.5
1 0.32 420.7 242.5 431.0 244.5 426.2 269.2 415.9 267.2
