1 0.5 598.7 23.3 608.6 25.2 603.9 49.1 594.1 47.2
1 0.49 548.4 387.2 558.2 389.8 552.0 413.1 542.2 410.5
1 0.48 602.9 77.7 613.2 79.7 608.5 104.0 598.2 102.0
1 0.47 510.1 465.0 519.9 467.6 513.5 491.6 503.7 489.0
1 0.46 363.2 187.3 372.5 189.9 365.5 214.2 356.2 211.6
1 0.44 600.9 258.7 611.1 261.0 605.5 285.0 595.4 282.6
1 0.44 341.3 307.8 350.0 310.3 343.3 333.7 334.6 331.2
1 0.43 304.0 306.4 312.5 308.0 307.7 332.7 299.2 331.0
1 0.43 579.9 193.3 591.0 195.4 586.2 219.8 575.1 217.7
1 0.43 281.0 380.0 289.8 382.3 283.7 405.2 274.8 402.8
1 0.42 331.7 223.8 341.3 225.7 335.9 253.4 326.3 251.5
1 0.35 533.2 309.6 542.7 312.3 536.1 335.3 526.6 332.6
1 0.33 634.2 96.3 645.3 98.7 640.1 123.6 628.9 121.2
1 0.31 407.9 73.9 416.9 76.1 411.5 97.7 402.5 95.5
1 0.3 346.3 359.3 354.3 361.4 348.5 383.2 340.4 381.1
