1 0.6 471.4 426.0 478.2 434.3 458.6 450.1 451.9 441.8
1 0.44 549.2 147.1 539.9 153.3 525.1 131.3 534.3 125.1
1 0.29 524.6 97.4 515.1 101.6 504.5 77.8 513.9 73.6
1 0.31 477.7 284.6 489.6 289.2 480.6 312.7 468.6 308.1
1 0.31 480.0 157.0 470.2 160.9 460.5 136.9 470.3 133.0
1 0.33 470.8 308.8 481.2 313.7 471.7 334.0 461.3 329.2
1 0.34 282.3 216.8 274.0 220.5 264.1 198.3 272.4 194.6
1 0.36 215.1 243.9 206.1 248.3 195.7 227.1 204.7 222.7
1 0.37 338.9 504.2 330.1 508.1 320.3 486.1 329.1 482.2
1 0.38 334.3 92.8 342.4 101.2 321.7 121.2 313.5 112.8
1 0.38 50.6 299.0 41.7 303.2 32.3 283.1 41.3 278.9
1 0.38 27.5 401.8 18.5 407.0 6.7 386.5 15.7 381.3
1 0.41 248.5 272.1 239.7 276.2 229.1 253.3 237.8 249.2
1 0.42 142.0 481.1 134.0 485.0 124.4 465.4 132.4 461.4
1 0.42 246.9 186.6 239.0 191.2 227.3 170.8 235.2 166.3
1 0.45 106.5 418.1 98.9 422.0 88.6 401.7 96.2 397.9
1 0.54 539.7 288.8 550.8 291.8 543.7 318.1 532.7 315.1
1 0.45 296.1 367.8 287.3 372.3 276.1 350.3 284.9 345.7
1 0.46 359.5 459.2 351.2 463.3 340.7 441.8 349.0 437.8
1 0.47 16.1 291.7 7.4 296.7 -5.2 274.8 3.5 269.8
1 0.47 303.3 327.3 295.1 331.5 284.7 311.1 292.9 306.9
1 0.49 460.4 336.8 470.7 343.2 456.4 366.1 446.1 359.7
1 0.49 343.9 472.9 335.1 477.6 323.5 455.9 332.3 451.2
1 0.5 546.1 230.4 556.6 231.3 554.6 254.1 544.1 253.2
1 0.5 210.0 101.3 201.4 105.7 190.5 84.2 199.1 79.8
1 0.5 116.1 494.8 107.8 499.1 97.0 477.9 105.3 473.6
1 0.51 531.4 320.4 541.8 324.4 532.1 349.7 521.7 345.7
1 0.52 55.3 340.0 47.1 344.6 35.6 323.8 43.8 319.3
1 0.52 149.6 106.9 139.7 111.5 128.5 87.5 138.4 82.8
1 0.53 474.4 351.3 483.7 356.4 471.7 378.1 462.4 372.9
1 0.26 486.2 184.7 474.7 187.6 469.5 166.9 481.1 164.0
