1 0.57 544.7 41.4 537.5 49.8 518.3 33.1 525.5 24.7
1 0.41 378.3 235.7 383.5 243.4 363.5 256.9 358.2 249.2
1 0.3 616.6 415.1 621.1 422.4 601.6 434.6 597.1 427.3
1 0.31 534.0 405.0 538.5 413.5 519.1 423.8 514.6 415.3
1 0.33 403.0 37.5 399.9 49.8 375.0 43.6 378.1 31.3
1 0.34 184.4 23.4 189.9 32.6 167.2 46.3 161.7 37.1
1 0.35 156.4 446.7 161.5 454.3 143.2 466.6 138.1 459.1
1 0.38 350.4 292.1 355.3 299.1 335.1 313.3 330.1 306.2
1 0.38 232.7 220.8 224.8 229.9 204.2 211.9 212.1 202.8
1 0.39 363.4 314.5 368.5 322.2 350.9 334.1 345.7 326.4
1 0.39 609.0 134.7 614.1 142.5 593.2 156.1 588.1 148.2
1 0.4 515.0 196.6 519.5 203.6 500.0 216.3 495.5 209.3
1 0.41 563.4 407.7 567.8 415.4 549.1 426.2 544.7 418.5
1 0.49 395.9 -1.2 395.3 10.1 369.5 8.7 370.1 -2.5
1 0.42 426.2 43.0 423.3 54.7 400.5 49.0 403.5 37.3
1 0.42 523.0 55.3 516.6 63.4 499.1 49.7 505.5 41.6
1 0.43 64.5 461.2 69.1 468.5 49.8 480.5 45.2 473.2
1 0.44 459.6 53.8 455.0 65.1 430.7 55.3 435.3 44.0
1 0.44 506.2 463.3 511.1 471.1 491.3 483.4 486.4 475.6
1 0.47 154.9 417.8 159.5 425.5 140.0 437.2 135.4 429.5
1 0.47 257.3 378.5 262.7 386.6 244.0 399.2 238.6 391.1
1 0.47 269.4 307.1 274.2 314.9 254.0 327.5 249.2 319.8
1 0.49 486.6 451.4 491.2 458.5 471.9 471.0 467.3 463.9
1 0.49 89.7 467.9 94.9 475.7 75.0 489.1 69.8 481.4
1 0.3 490.2 492.3 496.1 500.1 477.3 514.3 471.4 506.5
