1 0.56 626.1 443.2 616.8 443.7 615.6 420.6 624.9 420.1
1 0.41 424.3 360.0 412.7 360.6 411.2 333.3 422.9 332.7
1 0.26 404.5 172.1 394.3 172.8 392.8 151.1 403.0 150.4
1 0.27 121.6 51.8 130.5 56.7 120.6 74.6 111.7 69.7
1 0.29 600.2 488.8 609.0 489.4 607.5 511.3 598.7 510.7
1 0.29 596.0 364.1 586.0 364.8 584.4 341.8 594.4 341.1
1 0.31 613.6 23.1 603.3 23.7 601.9 -2.1 612.2 -2.6
1 0.34 137.5 199.4 148.3 200.4 146.0 225.9 135.3 225.0
1 0.35 245.9 18.3 252.8 28.3 231.1 43.5 224.1 33.5
1 0.37 407.9 500.8 398.5 501.6 396.7 480.7 406.1 479.9
1 0.38 218.6 41.4 226.1 50.1 208.8 65.2 201.2 56.5
1 0.39 403.7 85.9 394.1 86.4 392.9 63.9 402.5 63.4
1 0.39 266.6 299.3 270.0 310.5 242.2 319.0 238.8 307.8
1 0.4 371.1 139.7 359.6 140.8 357.4 115.8 368.9 114.8
1 0.4 83.7 260.7 73.0 261.2 71.6 234.7 82.3 234.2
1 0.41 86.5 470.3 96.5 475.8 83.9 498.6 73.9 493.1
1 0.54 594.8 239.6 585.0 240.1 583.7 215.4 593.5 214.8
1 0.41 599.0 176.6 609.2 177.3 607.6 200.3 597.4 199.6
1 0.42 85.8 203.0 75.2 205.0 70.4 180.2 81.0 178.1
1 0.42 116.9 119.3 126.3 122.9 118.2 144.1 108.7 140.5
1 0.46 426.0 500.4 416.0 501.3 414.0 477.8 423.9 476.9
1 0.47 627.0 141.6 616.8 142.1 615.7 119.4 625.8 118.9
1 0.47 368.2 358.4 358.1 358.9 356.9 335.5 367.0 335.0
1 0.48 109.8 80.1 118.9 85.1 108.3 104.2 99.2 99.2
1 0.48 169.9 1.1 178.0 9.2 159.0 28.1 151.0 20.0
1 0.49 146.1 25.4 154.9 32.8 138.1 52.8 129.3 45.4
1 0.49 628.7 238.1 618.8 238.6 617.5 214.0 627.4 213.5
1 0.5 594.9 146.8 584.9 147.3 583.6 122.9 593.6 122.4
1 0.51 354.5 410.3 344.5 411.0 342.8 387.5 352.9 386.8
1 0.52 607.8 443.9 598.4 444.4 597.2 421.8 606.6 421.3
1 0.25 583.3 477.7 592.0 478.3 590.6 499.4 581.8 498.7
