1 0.63 342.9 100.1 344.2 112.2 314.9 115.3 313.6 103.1
1 0.6 446.0 296.3 457.6 297.9 453.8 324.4 442.3 322.8
1 0.3 246.5 376.8 258.7 377.9 256.1 407.8 243.9 406.7
1 0.3 465.5 -2.3 474.7 -0.8 470.7 24.1 461.5 22.6
1 0.31 469.6 124.7 484.5 127.0 478.1 167.7 463.2 165.3
1 0.36 159.1 335.2 170.4 339.5 161.3 363.2 150.0 358.9
1 0.38 310.7 105.0 313.5 115.4 287.6 122.3 284.9 111.9
1 0.41 579.8 116.1 578.3 128.3 549.0 124.7 550.5 112.5
1 0.42 254.8 122.9 259.4 133.3 237.2 143.2 232.5 132.8
1 0.43 148.7 202.6 157.1 209.2 143.0 227.3 134.6 220.7
1 0.44 88.2 363.1 75.5 364.0 73.5 335.1 86.2 334.2
1 0.45 290.4 183.5 296.9 194.7 272.2 209.0 265.7 197.8
1 0.48 259.9 204.4 266.2 215.3 243.0 228.7 236.7 217.8
1 0.48 146.7 366.5 158.4 369.2 151.8 398.0 140.1 395.3
1 0.49 401.1 299.7 411.3 301.7 406.2 328.1 396.0 326.1
1 0.49 609.4 123.5 607.1 135.4 579.7 130.1 582.0 118.2
1 0.5 479.6 219.3 490.6 221.0 486.3 247.9 475.3 246.1
1 0.51 450.2 418.8 461.1 420.3 457.5 446.1 446.6 444.6
1 0.51 234.8 221.3 242.9 231.2 223.0 247.3 214.9 237.4
1 0.54 438.5 60.0 449.2 61.5 445.5 88.1 434.8 86.6
1 0.55 132.2 231.5 140.9 237.8 126.7 257.4 118.0 251.1
1 0.59 180.1 176.2 188.4 185.4 166.1 205.5 157.8 196.2
1 0.59 210.0 152.0 217.3 161.4 193.9 179.7 186.6 170.3
1 0.27 386.8 434.6 400.7 436.8 393.8 480.4 379.9 478.2
