1 0.63 152.8 112.0 164.9 126.4 129.8 155.9 117.7 141.5
1 0.52 313.4 36.3 318.7 52.4 279.4 65.2 274.2 49.0
1 0.34 265.4 47.4 273.7 63.1 235.6 83.4 227.3 67.6
1 0.37 488.9 461.0 503.1 462.8 499.4 492.5 485.2 490.8
1 0.42 410.1 23.6 411.3 42.1 370.4 45.0 369.1 26.5
1 0.45 73.1 407.0 90.0 412.5 78.8 447.0 61.9 441.5
1 0.49 559.9 145.8 576.9 147.3 573.5 186.0 556.5 184.5
1 0.49 55.8 452.7 75.0 456.8 65.3 502.1 46.2 498.0
1 0.51 223.0 68.4 229.6 83.3 197.7 97.6 191.0 82.6
1 0.51 546.3 -1.9 563.9 0.6 557.9 43.4 540.3 40.9
1 0.52 503.4 104.1 521.0 106.6 515.2 148.3 497.6 145.8
1 0.55 469.7 315.8 486.5 318.5 479.8 361.0 462.9 358.4
1 0.62 194.6 223.4 206.4 237.5 176.0 263.0 164.1 248.9
1 0.55 509.8 287.4 527.2 290.2 520.4 333.1 503.0 330.3
1 0.55 539.5 336.0 556.2 338.7 549.9 378.5 533.2 375.9
1 0.55 55.1 195.1 68.8 204.4 47.9 235.4 34.2 226.1
1 0.56 284.5 81.2 288.9 96.6 250.8 107.5 246.4 92.1
1 0.57 30.8 241.3 43.5 250.5 23.3 278.3 10.6 269.1
1 0.58 362.7 29.7 364.9 48.1 322.5 53.3 320.2 34.9
1 0.59 281.6 164.0 290.6 180.2 253.2 200.9 244.2 184.7
1 0.59 233.4 195.2 243.3 211.0 207.5 233.4 197.5 217.6
1 0.6 104.7 151.0 118.1 165.4 84.2 197.1 70.7 182.7
1 0.28 213.6 470.3 231.3 471.6 228.4 512.8 210.8 511.6
