1 0.63 360.4 34.7 362.6 52.6 321.4 57.7 319.2 39.8
1 0.51 62.6 194.8 76.2 204.0 55.6 234.5 42.0 225.3
1 0.37 448.7 402.4 466.8 404.9 460.7 448.1 442.7 445.5
1 0.4 81.5 396.7 98.7 403.3 84.9 439.3 67.7 432.7
1 0.44 266.1 52.1 274.2 67.4 237.3 87.0 229.1 71.8
1 0.45 405.7 28.6 407.3 45.9 366.9 49.4 365.4 32.1
1 0.45 311.4 42.0 315.9 57.6 278.5 68.4 274.0 52.7
1 0.46 565.8 8.2 582.7 9.6 579.3 48.2 562.5 46.7
1 0.49 547.3 204.6 563.9 206.9 558.3 246.8 541.7 244.5
1 0.5 214.2 462.4 233.1 463.4 230.8 508.4 211.8 507.4
1 0.5 62.8 444.2 81.4 448.1 71.8 493.1 53.3 489.2
1 0.51 515.6 177.7 533.9 180.6 527.0 223.9 508.8 221.0
1 0.63 111.0 152.4 123.6 166.5 90.1 196.7 77.5 182.6
1 0.53 343.1 74.0 345.2 90.5 306.2 95.3 304.2 78.8
1 0.54 157.3 115.6 168.8 129.3 134.6 158.0 123.1 144.3
1 0.55 224.5 72.4 230.9 86.7 200.1 100.4 193.7 86.1
1 0.55 495.1 342.6 512.0 344.9 506.7 382.4 489.9 380.0
1 0.55 479.0 181.8 495.5 184.1 489.6 226.3 473.0 223.9
1 0.57 234.3 195.5 244.0 211.1 209.8 232.5 200.0 216.9
1 0.57 281.5 164.8 290.4 180.7 253.9 200.9 245.1 185.0
1 0.61 198.3 222.9 209.2 237.3 178.4 260.5 167.5 246.1
1 0.61 38.5 240.2 50.8 249.1 30.9 276.4 18.7 267.6
1 0.25 453.6 167.8 468.7 170.0 463.8 204.4 448.8 202.3
