1 0.56 273.0 147.7 283.5 168.3 232.2 194.5 221.7 173.8
1 0.54 155.9 224.9 170.8 242.7 130.6 276.4 115.7 258.7
1 0.49 250.1 -10.8 262.0 9.8 210.0 39.8 198.1 19.3
1 0.48 100.7 78.0 116.8 96.6 69.7 137.4 53.7 118.9
1 0.47 209.4 187.8 221.5 207.1 174.2 236.6 162.1 217.3
1 0.41 193.7 19.6 202.3 38.8 160.4 57.4 151.9 38.2
1 0.41 38.7 128.1 56.6 146.0 12.1 190.4 -5.8 172.5
1 0.41 566.9 355.4 588.9 358.5 581.5 410.9 559.5 407.8
1 0.32 103.1 275.6 120.5 286.9 93.6 328.3 76.2 317.0
1 0.29 11.9 256.5 29.6 269.3 -0.7 311.0 -18.4 298.2
