1 0.53 277.5 355.6 281.3 365.4 257.3 374.6 253.6 364.8
1 0.53 119.9 411.8 123.2 420.2 100.4 428.9 97.2 420.5
1 0.49 99.8 438.9 103.3 448.0 79.9 457.0 76.4 447.9
1 0.47 307.5 373.1 310.9 382.5 286.7 391.3 283.3 382.0
1 0.42 388.7 310.6 392.8 319.3 370.9 329.5 366.8 320.8
1 0.42 132.5 445.5 136.2 455.6 111.6 464.5 107.9 454.5
1 0.41 457.8 302.4 461.0 310.4 440.4 318.7 437.2 310.7
1 0.4 203.9 363.7 207.7 372.2 187.4 381.3 183.6 372.8
1 0.37 473.4 258.9 477.1 266.8 456.6 276.4 452.9 268.4
1 0.36 396.0 324.7 399.7 332.7 379.9 341.9 376.2 333.9
1 0.32 443.0 324.5 446.6 333.4 423.6 342.7 420.0 333.8
1 0.32 160.1 465.3 163.4 473.8 142.6 481.8 139.4 473.3
1 0.31 100.1 398.6 104.0 407.1 81.9 417.4 77.9 408.9
1 0.27 282.5 430.7 285.8 439.7 263.4 447.8 260.1 438.8
1 0.26 565.7 274.4 569.7 284.7 544.1 294.5 540.2 284.2
