1 0.64 1044.0 568.2 1059.3 569.5 1056.3 604.2 1040.9 602.9
1 0.61 1086.8 596.7 1071.6 597.7 1069.1 562.2 1084.3 561.2
1 0.61 1071.0 697.3 1086.2 697.8 1085.0 732.1 1069.8 731.6
1 0.53 1034.8 651.7 1021.5 651.7 1021.5 621.4 1034.8 621.4
1 0.37 313.1 -6.1 314.4 8.8 282.3 11.6 281.0 -3.3
1 0.64 1044.0 568.3 1059.2 569.6 1056.2 604.1 1040.9 602.8
1 0.63 999.4 205.3 998.2 219.3 966.0 216.5 967.2 202.4
1 0.61 1086.8 596.6 1071.6 597.7 1069.1 562.2 1084.3 561.1
1 0.61 1007.4 58.8 1007.4 73.5 974.8 73.5 974.8 58.8
1 0.61 1085.6 371.3 1070.7 371.3 1070.7 339.3 1085.6 339.3
1 0.56 1055.4 413.0 1041.7 414.0 1039.4 381.4 1053.2 380.4
1 0.51 1087.3 411.2 1073.9 411.9 1072.4 382.7 1085.8 382.0
1 0.49 1081.5 428.6 1094.0 439.1 1068.8 469.0 1056.4 458.6
1 0.35 1074.4 292.0 1089.1 292.7 1087.2 327.2 1072.6 326.4
1 0.64 1044.0 568.3 1059.2 569.6 1056.1 604.1 1041.0 602.8
1 0.61 1086.8 596.6 1071.6 597.6 1069.2 562.1 1084.3 561.1
1 0.61 1085.6 371.2 1070.8 371.2 1070.8 339.3 1085.6 339.3
1 0.61 1071.0 697.5 1086.1 698.0 1084.9 732.1 1069.8 731.6
1 0.57 1055.4 413.0 1041.7 414.0 1039.4 381.4 1053.1 380.5
1 0.55 1022.7 621.0 1035.8 621.9 1033.7 652.0 1020.6 651.1
1 0.51 1087.3 411.2 1073.9 411.9 1072.4 382.8 1085.8 382.1
1 0.48 1081.6 428.7 1093.9 439.1 1068.8 469.0 1056.5 458.6
1 0.35 1074.1 292.1 1088.7 292.6 1087.5 327.0 1072.9 326.5
1 0.64 1043.4 568.4 1058.7 569.2 1056.9 603.9 1041.5 603.1
1 0.62 1086.7 596.7 1071.6 597.7 1069.1 562.3 1084.3 561.2
1 0.61 1071.0 697.3 1086.1 697.8 1084.9 732.1 1069.8 731.6
1 0.54 1034.8 651.7 1021.6 651.7 1021.6 621.5 1034.8 621.5
1 0.64 1044.0 568.3 1059.2 569.6 1056.1 604.1 1041.0 602.8
1 0.63 911.8 281.9 926.1 282.9 923.8 316.3 909.4 315.3
1 0.61 1086.7 596.6 1071.7 597.6 1069.2 562.2 1084.3 561.1
1 0.61 1071.0 697.5 1086.1 698.0 1084.9 732.1 1069.8 731.6
1 0.6 931.8 273.3 948.0 273.9 946.7 309.9 930.5 309.3
1 0.6 1085.6 371.3 1070.7 371.3 1070.7 339.2 1085.6 339.2
1 0.55 1055.5 413.0 1041.6 414.0 1039.3 381.4 1053.2 380.4
1 0.55 1022.7 621.0 1035.8 621.9 1033.7 652.0 1020.6 651.1
1 0.5 1087.3 411.2 1073.8 411.9 1072.3 382.7 1085.8 382.0
1 0.48 1081.6 428.6 1094.0 439.0 1068.9 469.0 1056.4 458.6
1 0.36 1074.3 291.8 1089.2 292.6 1087.3 327.3 1072.5 326.5
1 0.64 1044.0 568.2 1059.3 569.5 1056.3 604.2 1040.9 602.9
1 0.61 1086.7 596.7 1071.6 597.7 1069.1 562.2 1084.3 561.2
1 0.61 1071.0 697.3 1086.1 697.8 1084.9 732.1 1069.8 731.6
1 0.53 1034.8 651.7 1021.6 651.7 1021.6 621.4 1034.8 621.4
1 0.3 1078.5 431.2 1091.1 441.4 1068.4 469.4 1055.8 459.2
1 0.34 311.7 -6.0 313.0 8.8 282.3 11.5 281.0 -3.3
1 0.65 1044.0 568.3 1059.2 569.6 1056.1 604.1 1041.0 602.8
1 0.63 911.7 281.9 926.1 282.9 923.8 316.4 909.4 315.4
1 0.62 1086.8 596.6 1071.7 597.7 1069.2 562.2 1084.3 561.1
1 0.61 999.5 205.3 998.3 219.3 966.1 216.5 967.4 202.5
1 0.6 1085.6 371.4 1070.7 371.4 1070.7 339.3 1085.6 339.3
1 0.6 931.7 273.3 948.0 273.9 946.7 309.9 930.5 309.4
1 0.58 1007.8 58.8 1007.8 73.4 975.0 73.4 975.0 58.8
1 0.55 1055.5 413.0 1041.6 414.0 1039.3 381.4 1053.2 380.4
1 0.5 1087.3 411.2 1073.8 411.9 1072.3 382.7 1085.8 382.0
1 0.48 1081.6 428.5 1094.0 439.0 1068.9 469.0 1056.4 458.6
1 0.35 1074.3 291.8 1089.2 292.6 1087.4 327.3 1072.5 326.5
1 0.64 1044.0 568.2 1059.2 569.6 1056.2 604.1 1041.0 602.8
1 0.63 911.7 281.9 926.1 282.9 923.8 316.4 909.4 315.4
1 0.61 1086.8 596.6 1071.6 597.6 1069.1 562.1 1084.3 561.1
1 0.61 1071.0 697.4 1086.1 698.0 1084.9 732.1 1069.8 731.6
1 0.61 931.8 273.4 947.9 273.9 946.7 309.9 930.5 309.3
1 0.6 1085.7 371.3 1070.6 371.3 1070.6 339.2 1085.7 339.2
1 0.55 1055.5 413.1 1041.6 414.0 1039.3 381.4 1053.3 380.4
1 0.55 1022.7 621.0 1035.8 621.9 1033.7 652.0 1020.6 651.1
1 0.51 1087.4 411.2 1073.8 411.9 1072.3 382.7 1085.9 382.0
1 0.45 1081.5 428.6 1094.0 439.1 1068.9 469.1 1056.4 458.6
1 0.35 1073.9 292.0 1088.9 292.5 1087.7 327.1 1072.7 326.6
1 0.64 1044.0 568.3 1059.2 569.6 1056.2 604.2 1040.9 602.8
1 0.63 911.7 281.9 926.1 282.9 923.8 316.4 909.4 315.4
1 0.62 999.5 205.3 998.2 219.3 966.1 216.5 967.4 202.5
1 0.61 1086.8 596.6 1071.6 597.7 1069.1 562.2 1084.3 561.1
1 0.6 931.8 273.4 948.0 273.9 946.7 309.9 930.5 309.3
1 0.6 1085.7 371.4 1070.6 371.4 1070.6 339.2 1085.7 339.2
1 0.57 1007.8 58.8 1007.8 73.4 975.0 73.4 975.0 58.8
1 0.55 1055.6 413.1 1041.5 414.1 1039.3 381.4 1053.3 380.4
1 0.5 1087.5 411.2 1073.7 411.9 1072.2 382.7 1085.9 381.9
1 0.47 1081.5 428.4 1094.1 439.0 1068.8 469.1 1056.2 458.6
1 0.34 1074.2 291.8 1089.3 292.6 1087.4 327.3 1072.4 326.6
