1 0.65 1154.7 474.1 1141.2 480.7 1126.0 449.5 1139.5 442.9
1 0.64 1094.3 353.2 1080.4 360.9 1063.0 329.4 1076.9 321.7
1 0.63 1072.2 371.4 1058.3 377.9 1043.4 345.9 1057.3 339.4
1 0.58 1073.0 425.6 1061.4 431.0 1048.1 402.5 1059.7 397.1
1 0.56 992.6 152.3 980.1 158.1 967.1 130.1 979.5 124.3
1 0.51 984.3 204.3 970.8 210.6 956.5 180.0 970.0 173.7
1 0.49 1014.7 205.2 1031.2 209.3 1021.4 248.6 1004.9 244.5
1 0.36 1012.2 189.8 1000.1 195.4 986.9 167.2 999.0 161.5
1 0.65 1154.7 474.1 1141.2 480.7 1126.0 449.5 1139.5 442.9
1 0.64 1094.3 353.2 1080.5 360.9 1063.0 329.4 1076.9 321.7
1 0.63 1072.2 371.4 1058.3 377.9 1043.4 345.9 1057.3 339.4
1 0.58 1073.0 425.6 1061.4 431.0 1048.2 402.6 1059.7 397.2
1 0.64 1094.4 353.2 1080.4 360.9 1062.9 329.4 1076.9 321.7
1 0.62 842.6 159.3 827.6 166.2 811.9 132.4 826.8 125.4
1 0.62 1072.2 371.5 1058.3 378.0 1043.4 345.9 1057.3 339.4
1 0.61 824.9 174.4 811.6 180.6 797.4 150.2 810.7 144.0
1 0.6 842.8 42.4 847.5 55.9 816.9 66.5 812.2 52.9
1 0.58 1073.0 425.7 1061.4 431.1 1048.1 402.5 1059.7 397.1
1 0.55 992.6 152.3 980.2 158.1 967.1 130.1 979.5 124.3
1 0.48 984.4 204.0 971.4 210.3 956.7 180.0 969.6 173.7
1 0.45 1014.7 205.3 1031.2 209.4 1021.5 248.6 1005.0 244.5
1 0.33 1012.1 189.7 1000.0 195.3 986.9 167.2 999.0 161.6
1 0.29 975.7 112.2 961.8 118.7 947.5 87.8 961.3 81.4
1 0.65 1154.6 474.1 1141.3 480.6 1126.1 449.5 1139.5 443.0
1 0.64 1094.4 353.2 1080.4 360.9 1063.0 329.4 1076.9 321.7
1 0.63 1072.2 371.4 1058.3 377.9 1043.4 345.9 1057.3 339.4
1 0.58 1073.0 425.6 1061.4 431.1 1048.1 402.5 1059.7 397.1
1 0.62 842.6 159.2 827.6 166.2 811.8 132.4 826.8 125.4
1 0.61 824.9 174.4 811.6 180.6 797.4 150.2 810.7 144.0
1 0.6 842.8 42.3 847.5 55.9 816.9 66.5 812.2 52.9
1 0.65 1154.7 474.2 1141.2 480.7 1126.0 449.5 1139.5 442.9
1 0.63 1094.3 353.2 1080.5 360.9 1063.0 329.4 1076.9 321.7
1 0.62 842.5 159.2 827.7 166.1 811.9 132.4 826.8 125.4
1 0.62 1072.2 371.5 1058.3 377.9 1043.4 345.9 1057.3 339.4
1 0.62 824.4 174.7 811.9 180.5 797.9 150.4 810.3 144.6
1 0.6 842.9 42.4 847.5 55.9 816.8 66.5 812.2 52.9
1 0.58 1073.0 425.6 1061.4 431.0 1048.1 402.6 1059.7 397.2
1 0.55 992.6 152.3 980.2 158.1 967.1 130.1 979.5 124.3
1 0.49 984.4 204.0 971.4 210.3 956.7 180.0 969.6 173.7
1 0.45 1014.7 205.3 1031.2 209.4 1021.4 248.5 1005.0 244.4
1 0.32 1012.1 189.7 1000.1 195.3 986.9 167.2 999.0 161.6
1 0.3 975.6 112.2 961.8 118.6 947.5 87.8 961.2 81.4
1 0.66 78.9 18.1 85.0 31.3 54.9 45.3 48.8 32.2
1 0.66 93.3 48.1 99.7 60.7 71.8 74.9 65.4 62.3
1 0.63 100.6 64.9 106.7 78.6 77.6 91.6 71.5 77.9
1 0.56 125.9 116.1 133.0 129.4 102.2 145.7 95.1 132.4
1 0.45 138.5 157.2 145.9 171.1 117.6 186.1 110.2 172.3
1 0.44 83.7 34.7 88.9 46.2 62.7 57.9 57.6 46.3
1 0.4 107.8 82.1 114.5 93.7 91.0 107.2 84.3 95.7
1 0.65 1154.7 474.2 1141.2 480.7 1126.0 449.5 1139.5 442.9
1 0.64 1094.3 353.2 1080.5 360.9 1063.0 329.4 1076.9 321.7
1 0.62 1072.2 371.4 1058.3 377.9 1043.4 345.9 1057.3 339.4
1 0.58 1073.0 425.6 1061.4 431.0 1048.2 402.6 1059.7 397.2
1 0.65 1154.6 474.1 1141.3 480.6 1126.1 449.5 1139.5 443.0
1 0.26 85.6 678.7 77.5 690.7 50.5 672.4 58.5 660.5
