1 0.67 1024.9 358.8 1022.7 372.6 991.2 367.6 993.4 353.8
1 0.63 1084.8 498.6 1099.1 499.9 1096.2 532.6 1081.9 531.4
1 0.6 1037.8 724.0 1052.6 726.1 1047.8 760.8 1033.0 758.8
1 0.58 1065.0 720.0 1079.7 721.3 1076.7 756.4 1061.9 755.1
1 0.57 950.7 422.0 966.7 423.4 963.6 458.9 947.6 457.5
1 0.57 930.5 428.4 944.4 430.4 939.8 463.7 925.8 461.7
1 0.53 1050.7 538.7 1064.4 539.9 1061.6 572.1 1047.8 570.9
1 0.5 1011.9 775.8 1024.4 776.9 1021.8 806.5 1009.4 805.4
1 0.46 1083.2 542.2 1096.3 543.4 1093.7 573.9 1080.6 572.7
1 0.43 1090.2 451.9 1103.8 452.4 1102.6 486.7 1089.0 486.2
1 0.42 1054.0 854.3 1068.9 855.0 1067.1 888.5 1052.2 887.7
1 0.37 1087.1 587.3 1099.4 599.2 1071.3 628.2 1059.1 616.4
1 0.58 362.1 87.2 361.3 102.2 327.7 100.5 328.4 85.4
1 0.57 369.6 44.3 368.8 59.2 334.8 57.4 335.6 42.5
1 0.42 455.0 77.7 470.8 78.5 469.1 111.6 453.3 110.7
1 0.31 375.0 5.6 374.3 19.0 344.3 17.4 345.0 4.0
1 0.25 48.4 506.6 35.0 513.1 20.9 484.3 34.3 477.8
1 0.67 1024.9 358.8 1022.8 372.6 991.2 367.6 993.4 353.8
1 0.63 1084.8 498.7 1099.0 499.9 1096.1 532.6 1082.0 531.3
1 0.61 1037.9 724.0 1052.6 726.0 1047.7 760.8 1033.0 758.7
1 0.58 1065.0 720.1 1079.7 721.3 1076.7 756.4 1061.9 755.1
1 0.58 950.7 422.0 966.7 423.4 963.6 458.9 947.6 457.5
1 0.57 930.5 428.4 944.5 430.4 939.8 463.7 925.8 461.7
1 0.53 1050.7 538.7 1064.4 539.9 1061.6 572.1 1047.8 570.9
1 0.51 1011.9 775.8 1024.4 776.9 1021.8 806.4 1009.4 805.4
1 0.46 1083.3 542.3 1096.3 543.5 1093.6 573.8 1080.7 572.7
1 0.44 1054.6 854.3 1068.9 855.3 1066.7 886.4 1052.4 885.4
1 0.42 1090.2 452.0 1103.7 452.5 1102.5 486.6 1089.0 486.1
1 0.39 1087.2 587.3 1099.4 599.1 1071.3 628.2 1059.1 616.4
1 0.64 1085.7 498.3 1099.8 500.3 1095.2 532.9 1081.1 530.9
1 0.62 1054.2 855.0 1069.0 856.3 1066.0 890.8 1051.2 889.5
1 0.6 1037.8 724.0 1052.6 726.1 1047.7 760.9 1032.9 758.8
1 0.58 1065.0 720.2 1079.7 721.4 1076.7 756.6 1061.9 755.3
1 0.52 1050.6 538.6 1064.5 539.8 1061.6 572.1 1047.8 570.9
1 0.52 1012.0 775.8 1024.3 776.9 1021.8 806.4 1009.4 805.3
1 0.47 1083.2 542.3 1096.4 543.5 1093.7 574.1 1080.6 572.9
1 0.41 1090.2 452.1 1103.8 452.5 1102.6 486.8 1089.0 486.3
1 0.38 930.8 432.4 943.9 434.5 939.1 464.5 926.1 462.5
1 0.37 1086.9 587.6 1099.2 599.4 1071.3 628.2 1059.1 616.4
1 0.25 951.0 424.2 967.1 426.4 962.4 459.5 946.4 457.2
1 0.67 1024.9 358.8 1022.7 372.6 991.2 367.6 993.3 353.8
1 0.63 1084.8 498.7 1099.0 499.9 1096.1 532.6 1082.0 531.3
1 0.61 1037.9 724.0 1052.6 726.0 1047.7 760.8 1033.0 758.7
1 0.58 1065.0 720.0 1079.7 721.3 1076.7 756.4 1061.9 755.1
1 0.54 1050.7 538.7 1064.3 539.9 1061.5 572.1 1047.9 570.9
1 0.52 1012.0 775.8 1024.4 776.9 1021.8 806.4 1009.4 805.3
1 0.46 1083.4 542.4 1096.2 543.5 1093.6 573.8 1080.8 572.7
1 0.43 1054.5 854.3 1068.9 855.3 1066.7 886.6 1052.3 885.6
1 0.43 1090.2 452.0 1103.7 452.5 1102.5 486.6 1089.0 486.1
1 0.39 1087.2 587.5 1099.3 599.1 1071.3 628.1 1059.2 616.4
1 0.68 1024.9 358.8 1022.7 372.6 991.2 367.6 993.4 353.8
1 0.63 1084.8 498.7 1099.0 499.9 1096.2 532.7 1081.9 531.4
1 0.61 1046.1 212.3 1045.6 227.0 1012.8 225.9 1013.3 211.2
1 0.57 950.7 422.0 966.7 423.4 963.6 459.0 947.6 457.6
1 0.57 930.5 428.4 944.4 430.4 939.8 463.7 925.8 461.7
1 0.55 1017.9 23.5 1018.4 37.7 984.6 38.8 984.1 24.7
1 0.54 1050.7 538.7 1064.4 539.9 1061.5 572.1 1047.9 570.9
1 0.48 1083.3 542.3 1096.3 543.5 1093.6 573.8 1080.7 572.6
1 0.43 1090.2 452.0 1103.8 452.4 1102.6 486.6 1089.0 486.1
1 0.37 1087.1 587.3 1099.4 599.2 1071.4 628.2 1059.1 616.3
1 0.67 1024.9 358.8 1022.7 372.6 991.2 367.6 993.4 353.8
1 0.64 1084.8 498.7 1099.0 499.9 1096.1 532.6 1082.0 531.4
1 0.6 1046.1 212.3 1045.6 227.0 1012.8 225.9 1013.3 211.1
1 0.57 950.8 422.0 966.7 423.4 963.6 458.9 947.7 457.5
1 0.57 930.5 428.4 944.4 430.4 939.8 463.7 925.8 461.7
1 0.55 1017.9 23.5 1018.4 37.7 984.6 38.8 984.1 24.7
1 0.54 1050.7 538.7 1064.4 539.9 1061.5 572.1 1047.9 570.9
1 0.47 1083.4 542.4 1096.2 543.5 1093.6 573.8 1080.7 572.7
1 0.43 1090.2 452.0 1103.7 452.5 1102.5 486.6 1089.1 486.1
1 0.4 1087.2 587.3 1099.4 599.1 1071.4 628.1 1059.2 616.3
1 0.64 1085.8 498.4 1099.7 500.4 1095.1 532.8 1081.2 530.8
1 0.62 1054.2 855.0 1069.0 856.3 1066.0 890.8 1051.2 889.5
1 0.6 1037.8 724.0 1052.6 726.1 1047.7 760.8 1032.9 758.8
1 0.58 1065.0 720.1 1079.7 721.4 1076.6 756.6 1061.9 755.3
1 0.54 1050.6 538.6 1064.3 539.8 1061.5 572.0 1047.8 570.8
1 0.53 1012.0 775.8 1024.3 776.9 1021.7 806.3 1009.4 805.2
1 0.46 1083.4 542.5 1096.3 543.6 1093.6 574.0 1080.7 572.9
1 0.41 1089.9 452.1 1103.0 452.3 1102.4 486.0 1089.3 485.8
1 0.38 1086.9 587.8 1099.0 599.5 1071.3 628.1 1059.2 616.5
1 0.64 1085.8 498.4 1099.7 500.4 1095.2 532.8 1081.2 530.8
1 0.62 1054.2 855.0 1069.0 856.3 1065.9 890.8 1051.2 889.5
1 0.6 1037.8 724.0 1052.6 726.1 1047.7 760.8 1033.0 758.8
1 0.58 1065.0 720.2 1079.7 721.5 1076.6 756.6 1061.9 755.3
1 0.53 1050.6 538.6 1064.4 539.8 1061.6 572.0 1047.8 570.8
1 0.52 1012.0 775.8 1024.3 776.9 1021.8 806.3 1009.4 805.3
1 0.46 1083.4 542.4 1096.3 543.6 1093.6 574.1 1080.7 572.9
1 0.41 1090.2 452.1 1103.8 452.6 1102.6 486.7 1089.1 486.3
1 0.38 1086.9 587.6 1099.1 599.4 1071.3 628.2 1059.1 616.5
1 0.36 930.8 432.3 943.9 434.3 939.1 464.6 926.0 462.5
1 0.25 951.0 424.2 967.0 426.5 962.4 459.5 946.4 457.2
1 0.67 1024.9 358.8 1022.7 372.6 991.2 367.6 993.3 353.8
1 0.64 1084.9 498.7 1098.9 500.0 1096.1 532.6 1082.0 531.4
1 0.62 1046.1 212.3 1045.6 227.0 1012.8 225.8 1013.3 211.1
1 0.56 1050.7 538.7 1064.2 539.9 1061.4 572.1 1047.9 570.9
1 0.56 1017.9 23.5 1018.4 37.6 984.5 38.8 984.1 24.7
1 0.48 1083.4 542.4 1096.2 543.5 1093.6 573.7 1080.8 572.6
1 0.43 1090.2 452.0 1103.7 452.5 1102.5 486.5 1089.0 486.1
1 0.4 1087.2 587.5 1099.2 599.2 1071.4 628.0 1059.3 616.3
1 0.59 362.1 87.2 361.3 102.2 327.7 100.4 328.4 85.4
1 0.58 369.6 44.3 368.8 59.2 334.9 57.4 335.6 42.6
1 0.42 455.0 77.7 470.8 78.6 469.1 111.5 453.3 110.7
1 0.33 375.0 5.6 374.3 19.0 344.4 17.4 345.1 4.0
1 0.25 367.7 66.8 366.8 83.3 332.0 81.5 332.9 65.0
1 0.49 1907.3 962.5 1920.7 964.3 1916.1 996.9 1902.7 995.0
