1 0.63 1079.5 126.2 1078.8 143.7 1039.2 142.3 1039.9 124.8
1 0.57 1052.9 308.6 1049.6 325.5 1011.6 318.1 1014.8 301.2
1 0.57 936.2 394.8 953.2 397.5 946.7 438.1 929.8 435.4
1 0.52 962.6 385.7 982.1 388.4 976.0 432.1 956.5 429.3
1 0.5 1082.8 530.5 1099.8 532.0 1096.3 571.2 1079.3 569.7
1 0.29 831.3 428.0 820.4 428.8 818.8 405.2 829.7 404.5
1 0.65 1141.4 773.7 1159.4 775.3 1155.8 816.1 1137.8 814.5
1 0.61 1100.6 755.1 1118.7 756.7 1114.9 800.2 1096.8 798.6
1 0.59 1034.0 825.0 1049.2 826.4 1046.2 861.2 1030.9 859.9
1 0.58 1052.9 308.6 1049.6 325.5 1011.6 318.1 1014.9 301.3
1 0.57 1067.8 759.9 1085.3 762.7 1078.5 805.4 1061.0 802.6
1 0.57 936.2 394.8 953.2 397.5 946.8 438.1 929.8 435.4
1 0.53 1166.3 502.7 1184.0 504.3 1180.3 547.1 1162.5 545.6
1 0.53 1127.0 481.0 1144.8 483.4 1139.2 523.3 1121.4 520.8
1 0.52 962.6 385.6 982.2 388.3 976.0 432.1 956.4 429.4
1 0.51 1122.5 535.6 1139.3 537.1 1136.2 572.7 1119.4 571.2
1 0.49 1082.7 530.5 1099.9 532.0 1096.4 571.2 1079.3 569.7
1 0.46 1129.8 593.6 1143.4 607.7 1107.5 642.5 1093.8 628.3
1 0.43 1132.6 423.5 1149.4 424.4 1147.1 467.1 1130.3 466.2
1 0.28 831.6 428.0 820.2 428.8 818.6 405.1 829.9 404.3
1 0.61 1100.6 754.9 1118.6 756.5 1114.8 800.3 1096.8 798.8
1 0.59 1033.9 825.0 1049.3 826.4 1046.2 861.3 1030.9 859.9
1 0.58 1052.8 308.6 1049.6 325.5 1011.6 318.1 1014.8 301.2
1 0.57 1067.8 759.9 1085.3 762.7 1078.5 805.5 1061.0 802.7
1 0.57 936.2 394.8 953.2 397.5 946.7 438.1 929.8 435.4
1 0.52 962.6 385.6 982.1 388.3 976.0 432.1 956.5 429.4
1 0.49 1082.7 530.5 1099.8 532.0 1096.4 571.2 1079.3 569.7
1 0.27 831.6 428.0 820.2 428.8 818.6 405.1 829.9 404.4
1 0.63 1079.5 126.2 1078.9 143.7 1039.3 142.3 1039.9 124.8
1 0.57 1052.9 308.6 1049.6 325.5 1011.5 318.1 1014.8 301.2
1 0.54 1127.0 480.9 1144.7 483.4 1139.1 523.3 1121.4 520.8
1 0.53 1166.3 502.7 1184.1 504.3 1180.3 547.2 1162.5 545.6
1 0.52 1122.5 535.6 1139.3 537.1 1136.1 572.7 1119.4 571.2
1 0.51 1129.7 593.5 1143.6 607.9 1106.7 643.5 1092.9 629.1
1 0.51 1082.8 530.6 1099.8 532.0 1096.4 571.1 1079.4 569.6
1 0.45 962.3 385.1 982.3 388.3 975.3 432.4 955.3 429.2
1 0.44 1132.5 423.5 1149.3 424.4 1147.1 467.1 1130.3 466.2
1 0.65 1141.4 773.7 1159.4 775.2 1155.9 816.1 1137.8 814.5
1 0.61 1100.6 755.2 1118.6 756.8 1114.8 800.1 1096.9 798.6
1 0.59 1034.0 825.0 1049.2 826.4 1046.2 861.2 1030.9 859.9
1 0.57 1067.8 759.9 1085.3 762.7 1078.5 805.4 1061.0 802.6
1 0.57 1052.9 308.6 1049.6 325.5 1011.5 318.1 1014.8 301.2
1 0.53 1127.0 481.0 1144.7 483.5 1139.1 523.3 1121.4 520.8
1 0.53 1166.3 502.7 1184.1 504.3 1180.4 547.2 1162.5 545.7
1 0.51 1122.5 535.6 1139.3 537.1 1136.2 572.7 1119.4 571.2
1 0.5 1082.8 530.5 1099.8 532.0 1096.4 571.1 1079.3 569.6
1 0.47 1129.7 593.5 1143.5 607.7 1107.4 642.6 1093.6 628.3
1 0.44 1132.5 423.5 1149.4 424.4 1147.1 467.1 1130.3 466.2
1 0.44 962.3 385.1 982.3 388.2 975.3 432.4 955.3 429.2
1 0.63 1079.5 126.2 1078.8 143.7 1039.3 142.3 1039.9 124.8
1 0.57 1052.9 308.6 1049.6 325.5 1011.6 318.1 1014.9 301.2
1 0.56 936.2 394.8 953.2 397.5 946.8 438.1 929.7 435.4
1 0.53 1127.0 480.9 1144.8 483.4 1139.1 523.3 1121.4 520.8
1 0.53 1166.3 502.8 1184.0 504.3 1180.3 547.1 1162.5 545.6
1 0.52 962.6 385.6 982.2 388.4 976.0 432.1 956.4 429.4
1 0.52 1122.5 535.6 1139.2 537.1 1136.1 572.7 1119.4 571.2
1 0.5 1082.8 530.5 1099.8 532.0 1096.4 571.2 1079.3 569.7
1 0.5 1129.8 593.5 1143.6 607.9 1106.8 643.4 1092.9 629.1
1 0.44 1132.6 423.6 1149.3 424.4 1147.1 467.1 1130.3 466.2
1 0.26 831.6 428.0 820.2 428.8 818.6 405.1 829.9 404.3
1 0.64 1141.4 773.6 1159.5 775.2 1155.9 816.2 1137.8 814.6
1 0.6 1100.6 754.7 1118.8 756.3 1114.9 800.4 1096.7 798.8
1 0.58 1085.9 922.2 1104.0 923.8 1100.4 964.8 1082.3 963.2
1 0.58 1034.0 824.8 1049.3 826.1 1046.2 861.3 1030.9 859.9
1 0.57 1067.8 760.1 1085.3 762.8 1078.5 805.4 1061.0 802.7
1 0.53 1166.2 502.6 1184.1 504.2 1180.3 547.2 1162.4 545.7
1 0.53 1127.1 480.9 1144.8 483.4 1139.2 523.4 1121.4 520.9
1 0.52 1122.5 535.6 1139.3 537.1 1136.2 572.8 1119.4 571.3
1 0.51 1082.9 530.5 1099.8 532.0 1096.3 571.0 1079.5 569.5
1 0.48 1129.7 593.6 1143.5 607.8 1107.5 642.5 1093.8 628.3
1 0.6 1100.6 754.6 1118.8 756.1 1114.9 800.6 1096.7 799.0
1 0.58 1034.0 824.8 1049.3 826.1 1046.2 861.3 1030.9 859.9
1 0.58 1085.9 922.3 1104.0 923.9 1100.4 964.9 1082.3 963.3
1 0.57 1067.8 760.1 1085.3 762.9 1078.5 805.5 1061.0 802.7
1 0.5 1082.9 530.5 1099.7 532.0 1096.2 571.0 1079.5 569.5
1 0.64 1141.4 773.7 1159.5 775.2 1155.9 816.1 1137.8 814.6
1 0.6 1100.6 754.7 1118.8 756.3 1115.0 800.4 1096.7 798.8
1 0.58 1034.0 824.8 1049.3 826.1 1046.2 861.3 1030.9 859.9
1 0.58 1085.9 922.2 1104.0 923.8 1100.4 964.8 1082.3 963.3
1 0.57 1067.8 760.1 1085.3 762.9 1078.5 805.4 1061.0 802.6
1 0.53 1166.2 502.6 1184.1 504.2 1180.3 547.2 1162.4 545.7
1 0.53 1127.0 480.9 1144.8 483.4 1139.2 523.4 1121.4 520.9
1 0.52 1122.5 535.6 1139.3 537.1 1136.2 572.7 1119.4 571.3
1 0.5 1082.9 530.4 1099.8 531.9 1096.4 571.1 1079.5 569.6
1 0.47 1129.7 593.8 1143.4 607.9 1107.6 642.4 1094.0 628.3
