1 0.64 1820.6 458.5 1837.4 460.0 1834.4 495.1 1817.6 493.7
1 0.42 1826.3 645.1 1808.9 646.0 1807.1 612.7 1824.5 611.8
1 0.57 818.6 492.9 833.2 493.4 832.0 528.0 817.4 527.5
1 0.64 1820.6 458.5 1837.4 460.0 1834.4 495.1 1817.5 493.6
1 0.63 1820.5 458.5 1837.3 460.0 1834.2 495.0 1817.5 493.5
1 0.6 1873.0 82.0 1890.7 83.6 1887.4 121.2 1869.7 119.7
1 0.6 1889.0 449.7 1909.1 451.5 1905.8 489.2 1885.7 487.4
1 0.44 1856.2 572.6 1838.5 573.6 1836.7 538.1 1854.3 537.2
1 0.32 1906.3 242.8 1924.5 244.3 1921.5 278.6 1903.3 277.0
1 0.57 818.6 492.9 833.2 493.4 832.0 528.0 817.4 527.5
1 0.56 818.6 492.9 833.2 493.5 832.0 528.1 817.4 527.6
1 0.57 818.6 492.9 833.2 493.4 832.0 528.0 817.4 527.5
1 0.64 1820.6 458.5 1837.4 460.0 1834.4 495.1 1817.6 493.6
1 0.41 1808.9 611.8 1826.3 612.7 1824.6 645.9 1807.1 645.0
1 0.63 588.2 52.1 588.2 68.2 551.6 68.2 551.6 52.1
1 0.63 593.1 12.8 592.8 27.3 560.3 26.7 560.5 12.2
1 0.62 838.7 42.5 822.5 43.6 820.0 7.4 836.2 6.2
1 0.6 776.8 99.3 759.5 100.8 756.1 62.4 773.5 60.9
1 0.59 587.6 71.1 588.1 85.8 556.6 86.9 556.1 72.2
1 0.57 818.6 492.9 833.2 493.4 832.0 528.1 817.4 527.6
1 0.55 751.6 101.2 736.1 102.3 733.6 66.1 749.1 65.0
1 0.47 592.2 32.9 591.4 47.7 557.3 45.9 558.1 31.1
1 0.62 588.2 52.1 588.2 68.2 551.6 68.2 551.6 52.1
1 0.62 593.1 12.8 592.9 27.3 560.3 26.7 560.6 12.2
1 0.61 838.7 42.5 822.5 43.6 820.0 7.3 836.2 6.2
1 0.6 776.9 99.4 759.5 100.9 756.1 62.3 773.5 60.8
1 0.58 587.6 71.1 588.1 85.8 556.6 86.9 556.1 72.2
1 0.56 818.6 492.9 833.2 493.4 832.0 528.1 817.4 527.6
1 0.54 751.6 101.2 736.1 102.3 733.6 66.1 749.1 65.0
1 0.47 592.2 33.0 591.4 47.7 557.4 45.9 558.1 31.2
1 0.63 1820.5 458.4 1837.3 459.9 1834.3 495.1 1817.4 493.6
1 0.6 1888.9 449.5 1909.2 451.3 1905.9 489.2 1885.6 487.4
1 0.57 1833.9 1006.8 1850.5 1008.2 1847.4 1043.7 1830.8 1042.3
1 0.56 1880.1 674.5 1896.4 675.9 1893.6 708.4 1877.3 706.9
1 0.53 1905.2 887.0 1922.1 887.9 1920.3 922.9 1903.4 922.0
1 0.52 1857.9 614.4 1876.7 616.1 1873.0 658.2 1854.2 656.6
1 0.44 1856.2 572.7 1838.5 573.6 1836.6 538.0 1854.4 537.1
1 0.39 1826.6 645.1 1808.8 646.1 1807.1 612.7 1824.9 611.7
1 0.63 1820.5 458.5 1837.3 460.0 1834.2 495.0 1817.5 493.5
1 0.6 1889.0 449.7 1909.1 451.5 1905.8 489.2 1885.7 487.4
1 0.55 1880.1 674.4 1896.4 675.8 1893.6 708.3 1877.3 706.9
1 0.51 1858.0 614.3 1876.7 616.0 1873.0 658.2 1854.3 656.6
1 0.43 1856.3 572.7 1838.4 573.6 1836.6 538.1 1854.4 537.1
1 0.38 1826.6 645.0 1808.8 645.9 1807.1 612.7 1824.9 611.8
1 0.34 1906.4 242.8 1924.3 244.4 1921.4 278.5 1903.4 276.9
1 0.57 818.6 492.9 833.2 493.4 832.0 528.1 817.4 527.6
1 0.62 588.2 52.1 588.2 68.2 551.6 68.2 551.6 52.1
1 0.62 593.1 12.8 592.9 27.3 560.3 26.7 560.6 12.2
1 0.58 587.6 71.1 588.1 85.7 556.6 86.8 556.1 72.2
1 0.47 592.2 33.0 591.4 47.7 557.4 45.9 558.1 31.2
1 0.56 818.6 492.9 833.2 493.4 832.0 528.1 817.4 527.6
1 0.61 838.8 42.5 822.5 43.7 820.0 7.3 836.2 6.2
1 0.6 776.9 99.4 759.5 100.9 756.1 62.3 773.5 60.8
1 0.56 818.6 492.9 833.2 493.4 832.0 528.1 817.4 527.6
1 0.56 751.6 101.2 736.0 102.3 733.5 66.1 749.1 65.0
