1 0.64 796.3 879.4 779.0 880.9 775.8 844.2 793.1 842.7
1 0.62 884.9 620.3 870.0 621.0 868.2 585.8 883.1 585.0
1 0.61 855.2 826.0 840.3 827.0 838.0 793.7 852.9 792.6
1 0.59 877.6 676.0 865.3 676.7 863.6 645.3 875.9 644.6
1 0.54 771.6 879.4 756.4 880.2 754.6 846.3 769.8 845.5
1 0.53 841.1 752.1 856.5 752.9 854.6 788.9 839.2 788.1
1 0.48 841.2 708.7 855.7 709.2 854.4 744.0 840.0 743.5
1 0.59 1819.1 800.4 1834.3 801.2 1832.4 836.2 1817.3 835.4
1 0.49 1818.2 460.0 1834.9 461.4 1831.7 497.2 1815.1 495.8
1 0.47 1818.2 459.8 1834.9 461.3 1831.8 497.3 1815.0 495.8
1 0.61 1874.7 765.3 1892.0 766.8 1888.7 803.8 1871.5 802.2
1 0.59 1867.4 460.6 1886.1 461.6 1884.2 497.8 1865.5 496.8
1 0.58 1819.2 800.4 1834.3 801.2 1832.4 836.2 1817.3 835.4
1 0.48 1817.6 460.3 1833.9 461.1 1832.0 497.0 1815.7 496.1
1 0.45 1897.9 897.0 1914.0 898.4 1911.0 933.0 1894.8 931.6
1 0.43 1869.9 630.5 1884.4 631.7 1881.5 665.3 1867.0 664.1
1 0.34 1840.8 577.0 1857.2 578.4 1854.3 611.7 1837.9 610.3
1 0.6 378.0 367.5 388.3 379.8 360.0 403.5 349.7 391.2
1 0.52 250.9 341.2 236.0 342.0 234.2 308.5 249.1 307.7
1 0.36 328.4 317.4 331.6 332.3 297.8 339.5 294.6 324.6
1 0.68 617.3 775.4 617.1 789.6 586.5 789.0 586.7 774.9
1 0.65 614.3 834.6 613.8 850.5 577.1 849.2 577.7 833.4
1 0.35 250.8 341.9 234.6 342.8 232.8 308.0 248.9 307.1
1 0.44 771.5 881.4 756.4 882.2 754.6 846.7 769.6 845.9
1 0.49 841.2 708.7 855.8 709.2 854.5 743.9 840.0 743.4
1 0.51 614.1 714.4 613.4 727.8 582.3 726.2 583.0 712.7
1 0.51 870.1 584.5 885.9 585.1 884.6 621.7 868.8 621.1
1 0.53 841.1 751.7 856.6 752.5 854.7 788.9 839.2 788.1
1 0.58 796.6 880.9 779.0 882.5 775.7 844.0 793.2 842.5
1 0.59 378.0 367.4 388.4 379.8 360.1 403.5 349.7 391.2
1 0.6 611.0 732.5 610.8 745.8 581.9 745.3 582.2 732.0
1 0.61 615.6 816.6 614.1 830.5 582.6 827.2 584.0 813.3
1 0.61 616.4 755.6 615.7 769.7 583.5 768.0 584.2 753.9
1 0.61 877.4 675.7 864.9 676.4 863.2 645.4 875.8 644.7
1 0.61 612.2 853.9 612.0 867.7 582.2 867.2 582.5 853.4
1 0.62 855.2 826.0 840.4 827.0 838.1 793.7 852.9 792.6
1 0.64 617.0 797.8 615.5 812.0 584.4 808.8 585.9 794.5
1 0.31 328.4 317.5 331.5 332.3 297.9 339.5 294.7 324.6
1 0.62 884.9 620.3 870.0 621.1 868.1 585.8 883.1 585.0
1 0.56 875.9 20.7 890.6 21.2 889.3 57.5 874.7 57.0
1 0.47 859.7 204.0 876.1 204.6 874.7 244.5 858.3 243.9
1 0.59 378.0 367.4 388.4 379.8 360.1 403.5 349.7 391.2
1 0.51 870.1 584.5 885.8 585.1 884.5 621.7 868.8 621.1
1 0.45 859.7 204.0 875.7 204.6 874.3 244.2 858.3 243.7
1 0.35 250.8 342.0 234.5 342.8 232.7 307.9 249.0 307.0
1 0.3 328.4 317.4 331.6 332.3 297.8 339.5 294.6 324.6
1 0.66 617.3 775.4 617.0 789.6 586.4 789.1 586.6 774.8
1 0.65 614.2 834.6 613.7 850.4 577.0 849.1 577.6 833.4
1 0.65 617.0 797.8 615.5 812.0 584.5 808.8 586.0 794.5
1 0.61 616.4 755.6 615.7 769.8 583.5 768.1 584.2 753.9
1 0.6 615.6 816.6 614.2 830.6 582.5 827.2 584.0 813.2
1 0.6 611.3 732.3 611.0 745.9 581.8 745.4 582.0 731.8
1 0.6 612.2 853.9 611.9 867.4 582.3 866.9 582.5 853.4
1 0.48 614.2 713.8 613.5 727.1 582.3 725.5 583.0 712.2
1 0.67 617.3 775.4 617.1 789.6 586.4 789.1 586.6 774.9
1 0.65 614.2 834.7 613.7 850.4 577.1 849.2 577.6 833.4
1 0.64 617.0 797.8 615.5 812.0 584.5 808.8 586.0 794.5
1 0.63 796.3 879.4 779.0 880.9 775.8 844.2 793.1 842.7
1 0.61 616.4 755.6 615.6 769.8 583.5 768.1 584.2 753.9
1 0.61 877.4 675.8 864.9 676.5 863.2 645.4 875.8 644.7
1 0.61 855.2 825.9 840.3 827.0 838.0 793.7 852.9 792.6
1 0.6 611.2 732.3 611.0 745.9 581.8 745.4 582.0 731.8
1 0.6 615.6 816.6 614.1 830.5 582.5 827.2 583.9 813.3
1 0.59 612.2 853.9 611.9 867.4 582.3 866.9 582.5 853.4
1 0.54 841.1 752.1 856.6 752.9 854.7 788.9 839.2 788.0
1 0.53 771.6 879.4 756.4 880.2 754.6 846.3 769.8 845.5
1 0.51 870.1 584.5 885.9 585.0 884.6 621.7 868.8 621.1
1 0.49 614.1 713.8 613.4 727.1 582.4 725.5 583.0 712.2
1 0.48 841.2 708.6 855.7 709.2 854.5 744.0 840.0 743.4
1 0.62 884.9 620.3 870.0 621.1 868.1 585.8 883.0 585.0
1 0.61 855.2 826.0 840.4 827.0 838.0 793.7 852.8 792.6
1 0.59 877.6 675.6 865.0 676.3 863.4 645.3 876.0 644.6
1 0.58 796.6 881.1 779.0 882.6 775.7 844.0 793.2 842.5
1 0.52 841.1 751.7 856.6 752.5 854.7 788.9 839.2 788.1
1 0.49 841.2 708.7 855.7 709.2 854.5 743.9 840.0 743.4
1 0.42 772.1 881.3 757.0 882.6 753.9 846.9 769.0 845.6
1 0.68 617.3 775.4 617.1 789.6 586.5 789.1 586.7 774.9
1 0.65 614.3 834.6 613.8 850.5 577.1 849.2 577.6 833.3
1 0.64 617.1 797.7 615.6 812.1 584.4 808.8 585.9 794.5
1 0.62 884.9 620.3 870.0 621.1 868.1 585.8 883.1 585.0
1 0.61 855.2 826.0 840.4 827.0 838.0 793.7 852.9 792.6
1 0.61 612.3 853.9 612.0 867.8 582.2 867.2 582.4 853.4
1 0.6 615.6 816.6 614.2 830.5 582.6 827.2 584.0 813.3
1 0.6 616.4 755.6 615.7 769.7 583.5 768.1 584.2 753.9
1 0.59 611.0 732.5 610.8 745.8 581.9 745.3 582.2 732.0
1 0.59 877.7 675.6 865.0 676.3 863.3 645.3 876.0 644.6
1 0.57 796.6 881.2 779.0 882.7 775.6 843.9 793.3 842.4
1 0.52 841.2 751.8 856.6 752.6 854.7 788.9 839.3 788.1
1 0.5 614.1 714.4 613.4 727.8 582.3 726.2 583.0 712.7
1 0.48 841.3 708.7 855.7 709.2 854.5 743.9 840.0 743.4
1 0.44 772.1 881.1 757.1 882.4 754.0 846.9 769.0 845.6
1 0.62 884.9 620.3 870.0 621.1 868.1 585.8 883.1 585.0
1 0.56 875.9 20.7 890.6 21.2 889.3 57.5 874.7 57.0
1 0.48 859.8 204.0 876.2 204.6 874.8 244.4 858.4 243.9
1 0.67 617.3 775.4 617.0 789.6 586.5 789.1 586.7 774.9
1 0.65 614.3 834.6 613.8 850.5 577.1 849.2 577.6 833.3
1 0.64 617.0 797.7 615.5 812.1 584.4 808.8 585.9 794.5
1 0.61 612.3 853.9 612.0 867.8 582.1 867.2 582.4 853.4
1 0.61 615.6 816.6 614.2 830.5 582.6 827.2 584.0 813.3
1 0.6 616.4 755.6 615.7 769.7 583.5 768.1 584.3 753.9
1 0.6 378.0 367.4 388.4 379.8 360.1 403.5 349.7 391.2
1 0.6 611.1 732.5 610.8 745.8 581.9 745.3 582.1 732.0
1 0.52 250.8 341.2 236.0 341.9 234.2 308.5 249.1 307.7
1 0.49 614.2 714.4 613.5 727.8 582.3 726.2 583.0 712.7
1 0.34 328.3 317.5 331.5 332.3 297.9 339.4 294.7 324.6
1 0.66 617.4 775.4 617.1 789.6 586.4 789.1 586.6 774.8
1 0.65 614.3 834.6 613.7 850.4 577.0 849.2 577.6 833.4
1 0.64 617.0 797.8 615.5 812.0 584.5 808.8 586.0 794.5
1 0.63 796.3 879.5 779.0 881.0 775.8 844.1 793.1 842.6
1 0.62 885.0 620.3 870.0 621.1 868.1 585.8 883.1 585.0
1 0.61 616.4 755.6 615.7 769.8 583.5 768.1 584.2 753.9
1 0.61 855.2 826.0 840.3 827.0 838.0 793.7 852.9 792.6
1 0.59 611.2 732.3 611.0 745.9 581.8 745.4 582.0 731.8
1 0.59 615.7 816.6 614.2 830.6 582.5 827.2 584.0 813.3
1 0.59 612.2 853.9 612.0 867.4 582.2 866.9 582.5 853.4
1 0.58 877.6 675.7 864.9 676.4 863.3 645.4 876.0 644.7
1 0.53 771.6 879.4 756.4 880.2 754.6 846.3 769.8 845.5
1 0.53 841.1 752.1 856.5 752.9 854.7 788.9 839.3 788.1
1 0.48 614.1 713.8 613.4 727.1 582.3 725.5 583.0 712.2
1 0.46 841.2 708.7 855.7 709.2 854.4 743.9 840.0 743.4
1 0.6 1861.0 106.6 1878.3 108.2 1875.0 145.6 1857.7 144.1
1 0.58 1867.3 460.5 1886.2 461.5 1884.3 497.8 1865.4 496.8
1 0.5 1881.4 342.8 1897.5 344.3 1894.4 380.4 1878.2 379.0
1 0.5 1898.1 414.1 1914.1 415.5 1911.0 451.2 1895.0 449.8
1 0.48 1818.2 459.9 1834.6 461.4 1831.4 497.4 1815.1 495.9
1 0.35 1840.8 576.9 1857.2 578.4 1854.3 611.8 1837.9 610.4
1 0.31 1893.0 0.1 1913.8 1.9 1910.3 41.5 1889.5 39.7
1 0.59 1819.1 800.3 1834.3 801.1 1832.5 836.1 1817.3 835.3
1 0.48 1818.2 459.8 1834.9 461.3 1831.8 497.3 1815.0 495.8
1 0.61 1874.7 765.2 1892.0 766.7 1888.7 803.9 1871.4 802.4
1 0.58 1867.3 460.5 1886.2 461.5 1884.3 497.8 1865.4 496.8
1 0.58 1819.2 800.2 1834.3 801.0 1832.5 836.1 1817.3 835.3
1 0.5 1881.4 342.8 1897.5 344.3 1894.4 380.4 1878.2 379.0
1 0.5 1898.1 414.1 1914.1 415.5 1911.0 451.2 1895.0 449.8
1 0.48 1818.2 459.9 1834.6 461.4 1831.4 497.3 1815.1 495.9
1 0.41 1870.8 630.3 1885.3 632.3 1880.6 665.7 1866.1 663.6
1 0.33 1840.7 576.9 1857.3 578.3 1854.3 611.9 1837.8 610.5
