1 0.27 1163.0 608.4 1181.8 611.1 1176.2 651.1 1157.4 648.5
1 0.65 1112.4 818.5 1120.3 833.4 1088.3 850.4 1080.3 835.5
1 0.62 906.8 904.4 922.3 905.8 919.2 941.0 903.7 939.6
1 0.57 955.5 1074.0 942.0 1074.7 940.4 1043.8 953.9 1043.1
1 0.64 1112.5 818.4 1120.5 833.3 1088.3 850.4 1080.3 835.5
1 0.55 1162.2 608.8 1180.8 610.5 1177.6 647.4 1159.0 645.7
1 0.64 1112.5 818.4 1120.4 833.3 1088.3 850.4 1080.4 835.5
1 0.54 1162.2 608.8 1180.8 610.5 1177.6 647.4 1159.0 645.7
1 0.64 1112.4 818.5 1120.3 833.4 1088.2 850.4 1080.3 835.5
1 0.62 1141.3 903.7 1123.7 904.6 1121.6 865.4 1139.2 864.5
1 0.62 906.8 904.4 922.3 905.8 919.2 941.0 903.7 939.6
1 0.57 955.5 1074.0 942.0 1074.7 940.4 1043.8 953.9 1043.1
1 0.55 1162.3 608.9 1180.7 610.5 1177.5 647.2 1159.1 645.6
1 0.27 1163.1 608.5 1181.7 611.1 1176.1 651.1 1157.5 648.4
1 0.6 1897.1 788.2 1913.9 789.7 1911.1 822.4 1894.2 820.9
1 0.56 1880.4 947.3 1896.9 948.2 1895.0 983.0 1878.5 982.2
1 0.5 1885.7 642.4 1904.1 644.0 1900.9 679.7 1882.6 678.1
1 0.41 1820.8 984.3 1838.7 985.9 1835.9 1018.6 1817.9 1017.0
1 0.64 1112.5 818.4 1120.5 833.3 1088.4 850.4 1080.4 835.5
1 0.6 1897.1 788.2 1913.9 789.7 1911.0 822.4 1894.2 820.9
1 0.49 1885.6 642.2 1904.2 643.8 1901.0 679.7 1882.5 678.1
1 0.64 1112.4 818.5 1120.3 833.4 1088.2 850.4 1080.3 835.5
1 0.62 1141.3 903.8 1123.6 904.7 1121.6 865.4 1139.3 864.5
1 0.55 1162.3 608.9 1180.8 610.5 1177.5 647.2 1159.1 645.6
1 0.35 1821.3 984.3 1838.6 985.9 1835.8 1017.9 1818.5 1016.4
