1 0.62 963.3 1032.1 980.0 1033.0 977.9 1073.1 961.2 1072.3
1 0.62 931.9 483.0 931.9 497.8 898.6 497.8 898.6 483.0
1 0.6 1012.3 1064.5 995.0 1066.0 991.5 1025.2 1008.8 1023.7
1 0.57 1030.4 1006.1 1048.7 1006.8 1047.3 1048.7 1029.0 1048.0
1 0.56 824.8 711.6 840.4 713.0 837.3 748.4 821.7 747.0
1 0.55 846.6 702.8 863.8 703.4 862.5 740.9 845.3 740.3
1 0.55 994.4 772.6 1010.9 773.2 1009.6 808.0 993.2 807.5
1 0.54 922.0 632.4 920.0 647.3 884.9 642.3 886.9 627.5
1 0.46 979.2 854.7 961.9 855.6 960.0 818.8 977.2 817.9
1 0.41 1007.2 869.5 1022.0 881.9 992.2 917.4 977.4 905.0
1 0.37 997.5 815.1 1016.7 816.8 1013.1 857.8 993.9 856.1
1 0.57 932.0 483.0 932.0 497.9 898.6 497.9 898.6 483.0
1 0.47 892.1 307.5 893.2 322.4 857.5 324.9 856.5 310.0
1 0.64 1881.2 336.3 1864.1 339.3 1858.3 306.3 1875.4 303.3
1 0.61 1904.4 207.9 1888.8 210.4 1883.9 179.6 1899.5 177.1
1 0.6 1884.9 269.9 1868.8 273.0 1862.4 240.3 1878.5 237.1
1 0.5 1914.2 125.9 1898.7 128.9 1892.6 97.2 1908.0 94.2
1 0.33 1873.2 52.7 1855.1 55.9 1849.5 24.5 1867.7 21.3
1 0.33 1926.2 471.9 1909.8 473.3 1906.9 440.9 1923.4 439.5
1 0.56 994.4 772.9 1010.8 773.4 1009.6 808.0 993.2 807.5
1 0.5 961.4 818.6 978.3 819.1 977.0 855.0 960.2 854.4
1 0.36 997.8 815.4 1016.2 817.0 1012.7 857.5 994.3 855.9
1 0.63 191.2 222.8 190.7 237.1 157.1 235.9 157.6 221.6
1 0.43 269.5 252.9 269.5 268.3 233.6 268.3 233.6 252.9
1 0.48 188.2 254.9 186.0 270.7 149.4 265.6 151.6 249.7
1 0.47 225.1 40.5 224.3 54.9 191.5 53.2 192.3 38.7
1 0.47 230.9 -2.9 230.2 11.7 198.3 10.1 199.0 -4.6
1 0.46 205.0 176.8 204.3 191.6 169.2 189.8 169.9 175.0
1 0.45 251.6 336.1 251.6 348.9 224.5 348.9 224.5 336.1
1 0.43 203.4 192.2 201.7 207.7 166.0 204.0 167.6 188.4
1 0.43 301.4 41.6 301.4 54.9 270.2 54.9 270.2 41.6
1 0.42 308.2 12.5 307.9 26.8 276.9 26.3 277.1 12.0
1 0.53 282.5 159.7 283.6 171.9 256.1 174.3 255.0 162.2
1 0.4 280.8 175.5 281.3 187.8 253.7 188.7 253.3 176.5
1 0.38 222.2 71.2 221.9 86.2 187.4 85.6 187.6 70.6
1 0.38 234.4 413.7 234.4 427.9 201.7 427.9 201.7 413.7
1 0.36 229.6 27.6 228.9 40.6 197.8 39.0 198.5 26.0
1 0.35 258.3 285.2 258.1 298.1 227.1 297.6 227.3 284.7
1 0.35 226.0 58.3 225.5 74.0 191.0 72.8 191.6 57.1
1 0.34 217.2 87.3 216.2 102.2 180.4 99.7 181.4 84.8
1 0.5 248.0 372.6 248.0 387.7 211.8 387.7 211.8 372.6
1 0.53 292.0 100.4 291.8 112.6 262.8 112.1 263.0 99.9
1 0.63 206.4 144.0 205.6 158.4 172.7 156.7 173.4 142.3
1 0.6 456.0 250.0 469.6 251.9 465.3 282.6 451.7 280.7
1 0.63 262.3 270.1 262.0 284.1 229.3 283.5 229.6 269.5
1 0.62 291.3 114.9 291.0 128.7 260.2 128.1 260.4 114.3
1 0.62 274.5 192.1 274.3 205.2 246.0 204.7 246.2 191.6
1 0.61 299.7 58.8 299.5 72.7 267.7 72.1 267.9 58.3
1 0.61 270.2 231.5 270.5 246.1 238.1 246.7 237.9 232.1
1 0.61 228.8 12.6 228.6 25.8 198.3 25.3 198.5 12.1
1 0.6 188.9 239.1 187.7 253.1 153.9 250.1 155.1 236.2
1 0.59 258.2 300.7 257.9 314.7 225.8 314.1 226.1 300.1
1 0.53 293.1 85.9 293.1 98.0 262.6 98.0 262.6 85.9
1 0.59 288.4 131.2 288.2 144.6 258.3 144.1 258.5 130.7
1 0.58 254.7 317.2 254.7 331.1 222.8 331.1 222.8 317.2
1 0.56 272.7 215.2 272.9 228.8 239.3 229.4 239.1 215.8
1 0.56 181.1 268.7 181.1 284.2 146.2 284.2 146.2 268.7
1 0.56 195.3 206.8 194.8 221.7 159.8 220.5 160.3 205.6
1 0.56 213.5 102.6 211.9 118.5 176.5 114.8 178.2 98.8
1 0.54 204.8 160.7 203.5 175.2 169.7 172.2 171.0 157.7
1 0.29 205.5 131.4 204.4 143.4 173.0 140.6 174.1 128.7
1 0.55 824.8 711.6 840.4 713.0 837.3 748.4 821.7 747.0
1 0.55 846.7 702.8 863.9 703.4 862.6 740.9 845.3 740.3
1 0.28 1926.0 471.3 1910.0 472.7 1907.2 441.0 1923.2 439.6
1 0.61 262.2 270.1 262.0 284.0 229.4 283.5 229.6 269.6
1 0.6 456.0 249.8 469.7 251.7 465.3 282.6 451.6 280.7
1 0.59 258.2 300.7 257.9 314.7 225.9 314.1 226.1 300.1
1 0.57 254.7 317.2 254.7 331.1 222.9 331.1 222.9 317.2
1 0.55 181.1 268.8 181.1 284.3 146.3 284.3 146.3 268.8
1 0.51 189.2 236.9 187.4 253.2 151.0 249.4 152.7 233.0
1 0.49 248.0 372.6 248.0 387.7 211.8 387.7 211.8 372.6
1 0.45 251.8 336.3 251.6 349.2 224.4 348.7 224.6 335.8
1 0.42 188.1 254.5 186.2 270.4 149.4 265.9 151.3 250.0
1 0.39 234.4 413.7 234.4 427.9 201.6 427.9 201.6 413.7
1 0.34 269.4 253.1 269.4 268.2 233.6 268.2 233.6 253.1
1 0.33 258.2 285.2 258.0 298.1 227.1 297.6 227.4 284.7
1 0.26 269.1 233.9 269.8 247.7 238.4 249.3 237.7 235.5
1 0.64 1881.2 336.3 1864.1 339.3 1858.3 306.3 1875.4 303.3
1 0.58 1885.1 269.9 1868.5 273.1 1861.9 239.5 1878.5 236.3
1 0.33 1926.1 471.8 1909.8 473.2 1906.9 440.9 1923.3 439.5
1 0.56 824.8 711.6 840.4 713.0 837.3 748.4 821.7 747.1
1 0.56 994.3 772.9 1010.8 773.4 1009.6 808.1 993.1 807.5
1 0.55 846.7 702.9 863.7 703.5 862.4 740.8 845.4 740.2
1 0.55 932.0 483.0 932.0 497.9 898.6 497.9 898.6 483.0
1 0.53 922.1 632.5 920.0 647.2 885.0 642.3 887.1 627.6
1 0.49 892.0 307.6 893.0 322.4 857.5 324.9 856.5 310.1
1 0.48 979.1 854.4 962.0 855.3 960.1 818.8 977.2 817.9
1 0.35 997.8 815.4 1016.3 817.0 1012.7 857.6 994.2 855.9
1 0.61 291.2 114.9 291.0 128.6 260.1 128.1 260.4 114.4
1 0.61 274.4 192.1 274.2 205.1 246.0 204.6 246.2 191.6
1 0.6 456.0 249.9 469.6 251.8 465.3 282.6 451.7 280.7
1 0.6 299.7 58.9 299.5 72.7 267.7 72.1 268.0 58.3
1 0.58 288.3 131.2 288.1 144.6 258.2 144.0 258.5 130.7
1 0.53 270.3 231.9 270.3 246.1 237.1 246.1 237.1 231.9
1 0.53 271.5 215.4 271.8 229.0 237.0 229.6 236.8 216.0
1 0.52 282.4 159.8 283.5 171.8 256.1 174.2 255.0 162.2
1 0.52 293.0 85.9 293.0 98.0 262.5 98.0 262.5 85.9
1 0.52 292.0 100.4 291.8 112.6 262.7 112.1 262.9 99.9
1 0.41 301.3 41.6 301.3 54.8 270.3 54.8 270.3 41.6
1 0.39 308.2 12.6 307.9 26.7 277.0 26.1 277.3 12.1
1 0.38 280.9 176.0 280.9 188.2 253.6 188.2 253.6 176.0
1 0.38 261.5 270.2 261.2 283.7 228.9 283.1 229.1 269.6
1 0.28 890.3 306.8 892.0 320.9 858.2 325.0 856.5 311.0
1 0.56 932.0 483.0 932.0 497.9 898.6 497.9 898.6 483.0
1 0.56 994.4 772.8 1010.9 773.4 1009.6 808.1 993.1 807.5
1 0.55 824.7 711.6 840.5 713.0 837.4 748.5 821.6 747.1
1 0.55 846.6 702.9 863.8 703.5 862.5 740.9 845.3 740.3
1 0.53 922.1 632.5 920.0 647.3 885.0 642.3 887.1 627.5
1 0.49 892.1 307.5 893.2 322.4 857.5 324.9 856.5 310.0
1 0.48 979.1 854.4 962.0 855.3 960.1 818.8 977.2 817.9
1 0.35 997.8 815.4 1016.3 817.0 1012.7 857.6 994.3 856.0
1 0.64 963.4 1032.0 980.1 1032.9 977.9 1073.1 961.3 1072.2
1 0.6 1012.3 1064.5 995.0 1066.0 991.4 1025.1 1008.8 1023.6
1 0.57 1030.4 1006.1 1048.8 1006.7 1047.3 1048.7 1029.0 1048.0
1 0.55 994.4 772.5 1010.9 773.1 1009.6 808.1 993.1 807.5
1 0.49 961.3 818.4 978.4 819.0 977.1 855.3 960.0 854.7
1 0.43 1007.2 869.5 1021.9 881.9 992.3 917.2 977.6 904.8
1 0.38 997.5 815.1 1016.7 816.8 1013.1 857.8 993.9 856.1
1 0.56 932.0 483.0 932.0 497.9 898.6 497.9 898.6 483.0
1 0.48 892.0 307.6 893.0 322.4 857.6 324.9 856.5 310.1
1 0.6 456.0 249.8 469.7 251.7 465.3 282.6 451.6 280.7
1 0.55 824.7 711.6 840.5 713.0 837.4 748.5 821.6 747.1
1 0.55 846.7 702.9 863.9 703.5 862.5 740.8 845.4 740.2
1 0.31 890.1 306.9 891.9 320.9 858.2 325.0 856.5 311.0
1 0.3 261.3 270.3 261.0 283.5 229.1 283.0 229.3 269.8
1 0.62 963.3 1032.1 980.0 1033.0 977.9 1073.1 961.2 1072.3
1 0.62 931.9 483.0 931.9 497.8 898.6 497.8 898.6 483.0
1 0.6 1012.3 1064.5 995.0 1066.0 991.5 1025.2 1008.8 1023.7
1 0.57 1030.4 1006.1 1048.8 1006.7 1047.3 1048.7 1029.0 1048.0
1 0.55 824.7 711.5 840.5 712.9 837.4 748.5 821.6 747.1
1 0.55 994.4 772.6 1010.9 773.1 1009.7 808.0 993.1 807.5
1 0.55 846.6 702.7 863.9 703.3 862.6 741.0 845.3 740.4
1 0.54 922.1 632.4 920.0 647.3 884.8 642.4 886.9 627.4
1 0.46 979.2 854.6 961.9 855.5 960.0 818.8 977.3 817.9
1 0.41 1007.2 869.5 1021.9 881.9 992.2 917.3 977.5 905.0
1 0.37 997.5 815.1 1016.7 816.8 1013.1 857.8 994.0 856.1
