1 0.54 1181.1 780.6 1163.8 785.3 1153.8 748.2 1171.2 743.5
1 0.54 1181.1 780.5 1163.8 785.1 1153.9 748.1 1171.1 743.5
1 0.57 1001.1 119.8 984.6 120.6 982.6 82.7 999.1 81.9
1 0.49 948.5 32.5 929.8 33.5 927.8 -5.2 946.4 -6.2
1 0.57 1001.1 119.8 984.6 120.6 982.6 82.7 999.1 81.8
1 0.57 1001.1 119.7 984.6 120.6 982.7 82.7 999.1 81.9
1 0.48 948.5 32.6 929.8 33.5 927.8 -5.3 946.4 -6.3
1 0.54 1181.1 780.6 1163.8 785.2 1153.9 748.1 1171.2 743.5
1 0.35 1888.0 785.7 1907.6 787.4 1904.3 824.8 1884.8 823.1
1 0.35 1888.2 785.6 1907.6 787.3 1904.4 824.7 1885.0 823.0
1 0.53 1181.2 780.6 1163.8 785.3 1153.8 748.2 1171.3 743.5
