1 0.62 828.1 517.8 827.8 531.0 795.4 530.5 795.6 517.2
1 0.58 881.9 542.5 881.2 557.1 847.1 555.3 847.9 540.7
1 0.51 745.9 569.2 745.9 584.9 709.3 584.9 709.3 569.2
1 0.46 888.4 570.5 888.7 586.3 853.4 587.0 853.1 571.1
1 0.35 446.5 610.9 446.2 627.0 408.9 626.3 409.2 610.2
1 0.61 1195.2 405.5 1194.6 420.3 1158.6 419.1 1159.1 404.2
1 0.6 1203.7 427.9 1203.1 444.7 1164.5 443.4 1165.1 426.5
1 0.59 1131.3 575.8 1131.3 590.4 1096.3 590.4 1096.3 575.8
1 0.54 1264.6 466.2 1279.7 468.3 1275.0 501.7 1259.9 499.6
1 0.53 1434.6 513.8 1418.5 514.6 1416.7 480.5 1432.8 479.6
1 0.53 1086.6 541.3 1086.6 556.5 1051.2 556.5 1051.2 541.3
1 0.48 1084.3 576.8 1084.3 591.3 1050.2 591.3 1050.2 576.8
1 0.48 1181.6 577.8 1182.1 592.8 1144.8 594.1 1144.3 579.1
1 0.38 1034.6 585.3 1021.6 599.7 991.0 572.1 1004.0 557.7
1 0.31 1185.3 318.1 1186.3 330.0 1162.1 332.1 1161.1 320.2
1 0.35 446.4 610.9 446.1 626.8 409.0 626.1 409.3 610.2
1 0.6 1632.5 470.2 1616.2 472.2 1611.9 436.4 1628.1 434.4
1 0.53 1434.6 513.8 1418.5 514.6 1416.7 480.5 1432.8 479.6
1 0.59 1632.5 470.2 1616.2 472.2 1611.8 436.4 1628.1 434.4
1 0.53 1434.6 513.8 1418.5 514.6 1416.7 480.5 1432.8 479.6
1 0.59 1632.5 470.2 1616.2 472.2 1611.8 436.4 1628.1 434.4
1 0.53 1434.6 513.8 1418.5 514.6 1416.7 480.5 1432.8 479.6
1 0.52 1264.7 466.2 1279.6 468.3 1274.9 501.6 1260.0 499.5
1 0.59 1632.5 470.3 1616.2 472.3 1611.8 436.3 1628.1 434.3
1 0.53 1264.7 466.2 1279.6 468.3 1274.9 501.6 1260.0 499.5
1 0.53 1434.6 513.8 1418.5 514.7 1416.7 480.5 1432.8 479.6
1 0.59 1131.3 575.9 1131.3 590.3 1096.4 590.3 1096.4 575.9
1 0.56 1434.5 513.7 1418.6 514.5 1416.8 480.6 1432.7 479.7
1 0.56 1264.7 466.1 1279.7 468.2 1275.0 501.6 1260.0 499.5
1 0.53 1086.6 541.3 1086.6 556.6 1051.1 556.6 1051.1 541.3
1 0.5 1084.1 576.9 1084.1 591.3 1050.2 591.3 1050.2 576.9
1 0.48 1181.7 577.9 1182.2 592.7 1145.0 594.0 1144.5 579.2
1 0.34 1034.1 585.1 1021.3 599.3 991.4 572.3 1004.2 558.1
1 0.61 828.1 517.8 827.8 531.1 795.3 530.5 795.6 517.2
1 0.6 885.2 541.9 884.7 557.1 847.3 555.8 847.8 540.6
1 0.58 892.7 570.5 893.0 586.1 853.8 586.8 853.6 571.2
1 0.52 1086.6 541.4 1086.6 556.4 1051.2 556.4 1051.2 541.4
1 0.51 745.9 569.3 745.9 584.9 709.3 584.9 709.3 569.3
1 0.49 1084.2 576.9 1084.2 591.2 1050.2 591.2 1050.2 576.9
1 0.47 1129.2 574.9 1129.9 588.9 1097.0 590.6 1096.2 576.6
1 0.34 1034.4 585.3 1021.5 599.5 991.1 572.1 1003.9 557.8
1 0.62 828.1 517.8 827.8 531.0 795.4 530.5 795.6 517.2
1 0.58 882.0 542.4 881.2 557.1 847.1 555.3 847.9 540.6
1 0.52 745.9 569.3 745.9 584.9 709.3 584.9 709.3 569.3
1 0.46 888.3 570.5 888.6 586.3 853.4 586.9 853.2 571.2
1 0.34 446.4 610.9 446.1 626.8 409.0 626.1 409.3 610.2
1 0.38 446.2 610.9 445.9 626.7 409.0 626.0 409.3 610.3
1 0.61 1195.1 405.5 1194.6 420.3 1158.6 419.0 1159.1 404.2
1 0.61 1203.7 427.9 1203.1 444.7 1164.6 443.3 1165.2 426.5
1 0.59 1131.3 575.8 1131.3 590.4 1096.3 590.4 1096.3 575.8
1 0.55 1264.7 466.2 1279.7 468.3 1275.0 501.6 1260.0 499.5
1 0.54 1434.6 513.8 1418.5 514.6 1416.7 480.5 1432.8 479.6
1 0.53 1086.5 541.3 1086.5 556.5 1051.2 556.5 1051.2 541.3
1 0.49 1084.3 576.8 1084.3 591.3 1050.2 591.3 1050.2 576.8
1 0.48 1181.6 577.9 1182.1 592.8 1144.8 594.1 1144.3 579.2
1 0.37 1034.4 585.3 1021.5 599.5 991.1 572.1 1003.9 557.8
1 0.33 1185.2 318.1 1186.3 330.0 1162.2 332.1 1161.1 320.2
1 0.62 828.0 517.8 827.8 531.0 795.4 530.4 795.6 517.2
1 0.6 885.2 541.8 884.7 557.2 847.2 555.8 847.7 540.5
1 0.59 1131.3 575.9 1131.3 590.3 1096.4 590.3 1096.4 575.9
1 0.58 892.9 570.4 893.2 586.2 853.4 586.9 853.2 571.1
1 0.56 1264.7 466.1 1279.6 468.2 1274.9 501.6 1260.1 499.5
1 0.52 1086.6 541.2 1086.6 556.6 1051.2 556.6 1051.2 541.2
1 0.5 1084.2 576.9 1084.2 591.3 1050.2 591.3 1050.2 576.9
1 0.48 1181.7 577.9 1182.3 592.7 1145.0 594.0 1144.5 579.2
1 0.4 746.8 569.5 746.8 584.9 712.3 584.9 712.3 569.5
1 0.33 1034.4 585.1 1021.4 599.5 991.2 572.3 1004.2 557.9
1 0.35 446.5 610.9 446.3 627.0 408.9 626.3 409.2 610.2
1 0.62 828.1 517.8 827.8 531.0 795.4 530.5 795.6 517.2
1 0.61 1195.1 405.5 1194.6 420.3 1158.6 419.0 1159.1 404.2
1 0.61 1203.7 427.9 1203.1 444.7 1164.6 443.3 1165.1 426.5
1 0.6 885.3 541.9 884.7 557.1 847.2 555.8 847.8 540.6
1 0.59 1131.3 575.8 1131.3 590.4 1096.3 590.4 1096.3 575.8
1 0.58 892.8 570.5 893.0 586.2 853.8 586.8 853.5 571.2
1 0.55 1264.7 466.2 1279.6 468.3 1275.0 501.6 1260.0 499.5
1 0.53 1086.6 541.3 1086.6 556.5 1051.2 556.5 1051.2 541.3
1 0.49 1084.3 576.8 1084.3 591.3 1050.2 591.3 1050.2 576.8
1 0.48 1181.6 577.8 1182.1 592.8 1144.8 594.1 1144.3 579.1
1 0.41 746.7 569.5 746.7 584.8 712.3 584.8 712.3 569.5
1 0.34 1034.6 585.3 1021.6 599.8 991.0 572.1 1004.0 557.7
1 0.31 1185.2 318.1 1186.3 330.0 1162.1 332.1 1161.1 320.2
1 0.56 1434.5 513.7 1418.5 514.6 1416.7 480.5 1432.7 479.7
1 0.56 1264.7 466.1 1279.6 468.2 1274.9 501.6 1260.0 499.5
1 0.5 1633.0 470.9 1615.9 473.0 1611.3 435.6 1628.4 433.5
1 0.61 828.1 517.8 827.8 531.1 795.3 530.5 795.6 517.2
1 0.61 1195.1 405.5 1194.6 420.3 1158.6 419.0 1159.1 404.2
1 0.61 1203.7 427.9 1203.1 444.7 1164.6 443.3 1165.1 426.5
1 0.6 885.3 541.9 884.8 557.1 847.2 555.8 847.8 540.6
1 0.58 1131.3 575.8 1131.3 590.4 1096.3 590.4 1096.3 575.8
1 0.58 892.8 570.5 893.1 586.2 853.8 586.9 853.5 571.2
1 0.56 1264.6 466.2 1279.7 468.3 1275.0 501.7 1260.0 499.6
1 0.53 1086.6 541.3 1086.6 556.5 1051.2 556.5 1051.2 541.3
1 0.48 1181.6 577.8 1182.1 592.8 1144.8 594.1 1144.3 579.1
1 0.48 1084.3 576.8 1084.3 591.3 1050.1 591.3 1050.1 576.8
1 0.4 746.8 569.5 746.8 584.8 712.1 584.8 712.1 569.5
1 0.36 1034.8 585.3 1021.7 599.9 990.9 572.2 1004.1 557.6
1 0.32 1185.3 318.1 1186.4 330.0 1162.2 332.1 1161.1 320.2
1 0.62 828.1 517.8 827.8 531.0 795.4 530.4 795.6 517.2
1 0.57 881.9 542.1 881.3 556.9 847.3 555.7 847.8 540.9
1 0.51 745.9 569.3 745.9 585.0 709.3 585.0 709.3 569.3
1 0.46 888.6 570.5 888.8 586.3 853.2 587.0 852.9 571.1
1 0.38 446.1 610.9 445.9 626.7 409.1 626.0 409.3 610.3
1 0.56 1434.5 513.7 1418.6 514.5 1416.8 480.6 1432.7 479.7
1 0.51 1632.9 470.8 1616.0 472.9 1611.4 435.7 1628.4 433.7
1 0.6 828.1 517.8 827.8 531.1 795.3 530.5 795.5 517.2
1 0.6 885.2 541.9 884.7 557.1 847.3 555.8 847.8 540.6
1 0.58 892.7 570.5 893.0 586.2 853.8 586.8 853.5 571.2
1 0.52 1086.6 541.3 1086.6 556.4 1051.2 556.4 1051.2 541.3
1 0.51 745.9 569.2 745.9 584.9 709.3 584.9 709.3 569.2
1 0.49 1084.3 576.9 1084.3 591.2 1050.2 591.2 1050.2 576.9
1 0.46 1129.4 574.8 1130.1 589.0 1097.0 590.7 1096.2 576.6
1 0.34 1034.4 585.2 1021.5 599.5 991.1 572.2 1004.0 557.9
1 0.61 828.1 517.8 827.8 531.0 795.4 530.4 795.6 517.2
1 0.6 885.2 541.8 884.6 557.1 847.2 555.8 847.8 540.5
1 0.58 892.9 570.5 893.1 586.2 853.5 586.9 853.2 571.2
1 0.51 745.9 569.3 745.9 585.0 709.3 585.0 709.3 569.3
1 0.51 1086.6 541.2 1086.6 556.6 1051.1 556.6 1051.1 541.2
1 0.49 1084.2 576.9 1084.2 591.3 1050.2 591.3 1050.2 576.9
1 0.46 1129.6 575.4 1129.8 589.5 1096.7 590.1 1096.5 576.0
1 0.34 1034.2 585.1 1021.4 599.4 991.3 572.3 1004.2 558.0
