1 0.63 827.3 518.5 827.1 531.7 794.7 531.2 794.9 517.9
1 0.59 745.2 570.0 745.2 585.7 708.9 585.7 708.9 570.0
1 0.56 880.0 543.4 879.2 557.9 846.3 556.1 847.1 541.6
1 0.5 888.2 571.4 888.5 587.1 853.0 587.7 852.8 572.0
1 0.62 827.3 518.5 827.1 531.7 794.7 531.2 794.9 517.9
1 0.59 745.1 570.0 745.1 585.7 708.8 585.7 708.8 570.0
1 0.56 880.3 543.2 879.5 558.0 846.4 556.2 847.1 541.5
1 0.49 887.9 571.6 888.2 586.6 853.0 587.2 852.7 572.2
1 0.59 1632.9 471.0 1616.7 473.6 1611.0 438.2 1627.2 435.6
1 0.55 1434.3 515.1 1418.1 515.9 1416.3 481.9 1432.6 481.1
1 0.54 1264.4 467.2 1279.4 469.4 1274.7 503.1 1259.7 501.0
1 0.59 1434.2 514.9 1418.1 515.7 1416.4 482.0 1432.4 481.1
1 0.53 1633.3 471.3 1616.4 474.0 1610.4 436.3 1627.4 433.6
1 0.59 1434.2 514.9 1418.1 515.7 1416.4 482.0 1432.4 481.1
1 0.56 1264.4 467.1 1279.5 469.2 1274.8 503.2 1259.6 501.0
1 0.55 1085.7 542.7 1085.7 556.9 1051.7 556.9 1051.7 542.7
1 0.52 1131.3 577.4 1131.3 592.3 1095.7 592.3 1095.7 577.4
1 0.52 1084.6 578.0 1084.3 592.5 1050.0 591.9 1050.3 577.4
1 0.47 1181.0 579.4 1181.6 594.4 1143.8 595.7 1143.3 580.7
1 0.43 1034.9 585.7 1023.2 600.2 990.0 573.3 1001.7 558.8
1 0.63 827.3 518.5 827.1 531.8 794.7 531.2 794.9 517.9
1 0.59 745.1 570.0 745.1 585.7 708.9 585.7 708.9 570.0
1 0.55 880.1 543.3 879.3 557.9 846.3 556.2 847.1 541.6
1 0.5 888.2 571.4 888.5 587.1 853.1 587.7 852.8 572.1
1 0.62 1194.7 406.6 1194.2 421.4 1158.3 420.1 1158.8 405.3
1 0.61 1204.0 429.5 1203.4 445.6 1164.2 444.3 1164.7 428.1
1 0.55 1085.7 542.7 1085.7 556.8 1051.7 556.8 1051.7 542.7
1 0.55 1434.3 515.0 1418.1 515.9 1416.3 481.9 1432.5 481.1
1 0.55 1264.4 467.2 1279.5 469.4 1274.7 503.1 1259.7 501.0
1 0.52 1131.3 577.4 1131.3 592.3 1095.7 592.3 1095.7 577.4
1 0.51 1084.6 577.9 1084.4 592.5 1050.0 591.9 1050.3 577.3
1 0.49 958.9 394.6 974.7 396.0 971.7 430.9 955.9 429.6
1 0.46 1180.9 579.3 1181.4 594.4 1143.7 595.8 1143.2 580.6
1 0.43 1035.0 585.9 1023.3 600.3 989.8 573.1 1001.4 558.7
1 0.29 1185.0 318.5 1186.7 330.4 1162.6 333.8 1160.9 321.9
1 0.59 1434.2 514.9 1418.1 515.8 1416.3 481.9 1432.4 481.1
1 0.56 1264.4 467.1 1279.5 469.3 1274.7 503.1 1259.6 501.0
1 0.53 1633.4 471.3 1616.4 474.0 1610.4 436.2 1627.4 433.5
1 0.62 827.3 518.5 827.0 531.7 794.7 531.1 794.9 517.9
1 0.6 892.4 571.3 892.7 587.2 852.9 587.9 852.7 572.0
1 0.59 884.4 542.8 883.9 558.0 846.5 556.7 847.0 541.5
1 0.56 1264.4 467.1 1279.5 469.3 1274.7 503.1 1259.6 501.0
1 0.55 1085.7 542.7 1085.7 556.9 1051.7 556.9 1051.7 542.7
1 0.52 1131.2 577.4 1131.2 592.2 1095.7 592.2 1095.7 577.4
1 0.51 1084.6 578.0 1084.3 592.5 1050.1 591.9 1050.3 577.4
1 0.47 1181.1 579.4 1181.6 594.4 1143.8 595.7 1143.3 580.7
1 0.45 745.8 570.2 745.8 585.7 709.7 585.7 709.7 570.2
1 0.42 1035.1 585.8 1023.3 600.4 989.9 573.3 1001.7 558.7
1 0.59 1632.8 471.0 1616.7 473.6 1611.1 438.2 1627.2 435.7
1 0.55 1434.3 515.0 1418.1 515.9 1416.3 481.9 1432.6 481.1
1 0.61 1194.8 406.5 1194.3 421.4 1158.2 420.2 1158.7 405.3
1 0.6 1204.0 429.5 1203.4 445.7 1164.1 444.3 1164.7 428.1
1 0.55 1264.4 467.2 1279.5 469.4 1274.8 503.1 1259.6 501.0
1 0.55 1434.3 515.0 1418.1 515.9 1416.3 481.9 1432.6 481.1
1 0.55 1085.7 542.7 1085.7 556.8 1051.7 556.8 1051.7 542.7
1 0.52 1131.3 577.4 1131.3 592.3 1095.7 592.3 1095.7 577.4
1 0.51 1085.3 577.6 1085.0 592.8 1049.6 592.2 1049.9 577.0
1 0.48 958.8 394.5 974.8 395.9 971.7 431.0 955.8 429.6
1 0.46 1180.9 579.3 1181.5 594.5 1143.7 595.8 1143.2 580.6
1 0.45 1035.3 585.9 1023.5 600.5 989.7 573.2 1001.5 558.6
1 0.43 957.7 66.0 974.9 67.5 971.5 106.2 954.3 104.7
1 0.27 1185.0 318.5 1186.7 330.4 1162.6 333.8 1160.9 321.9
1 0.61 827.3 518.4 827.1 531.8 794.6 531.2 794.9 517.9
1 0.6 891.0 571.9 891.0 587.5 853.9 587.5 853.9 571.9
1 0.59 745.2 570.0 745.2 585.7 708.9 585.7 708.9 570.0
1 0.59 884.5 542.9 884.0 557.9 846.6 556.6 847.1 541.6
1 0.55 1085.7 542.8 1085.7 556.8 1051.8 556.8 1051.8 542.8
1 0.52 959.3 66.9 975.3 68.3 972.0 105.8 956.0 104.4
1 0.51 1084.6 577.9 1084.4 592.5 1050.0 591.9 1050.3 577.3
1 0.47 959.9 395.0 974.9 396.3 971.9 430.9 956.9 429.6
1 0.42 1034.9 585.8 1023.2 600.2 989.8 573.1 1001.5 558.7
1 0.39 1127.7 578.0 1127.5 592.6 1094.8 592.0 1095.0 577.4
1 0.6 1632.8 471.0 1616.7 473.6 1611.1 438.3 1627.2 435.7
1 0.55 1434.3 515.0 1418.1 515.9 1416.3 481.9 1432.6 481.1
1 0.59 1632.8 471.0 1616.7 473.6 1611.1 438.3 1627.2 435.7
1 0.55 1434.3 515.1 1418.1 515.9 1416.3 481.9 1432.5 481.0
1 0.53 1264.4 467.2 1279.4 469.4 1274.7 503.1 1259.7 501.0
1 0.61 827.3 518.4 827.1 531.8 794.6 531.2 794.9 517.9
1 0.6 891.0 571.9 891.0 587.5 853.9 587.5 853.9 571.9
1 0.59 745.1 570.0 745.1 585.7 708.9 585.7 708.9 570.0
1 0.59 884.5 542.9 884.0 557.9 846.6 556.6 847.1 541.6
1 0.56 1085.7 542.8 1085.7 556.7 1051.8 556.7 1051.8 542.8
1 0.51 1084.6 577.9 1084.4 592.4 1050.1 591.8 1050.3 577.3
1 0.49 959.9 395.0 974.9 396.3 971.9 430.8 956.9 429.5
1 0.42 1035.0 585.9 1023.3 600.3 989.7 573.1 1001.4 558.7
1 0.4 1127.6 578.0 1127.4 592.5 1094.8 592.0 1095.0 577.4
1 0.62 827.3 518.5 827.0 531.8 794.7 531.2 794.9 517.9
1 0.61 1194.7 406.5 1194.2 421.4 1158.3 420.2 1158.8 405.3
1 0.61 1204.0 429.5 1203.4 445.7 1164.2 444.3 1164.7 428.1
1 0.6 891.0 571.9 891.0 587.5 853.8 587.5 853.8 571.9
1 0.59 884.5 542.9 884.0 557.9 846.6 556.6 847.1 541.6
1 0.56 1264.4 467.2 1279.5 469.4 1274.7 503.1 1259.6 501.0
1 0.56 1085.7 542.7 1085.7 556.8 1051.7 556.8 1051.7 542.7
1 0.52 1131.3 577.4 1131.3 592.3 1095.7 592.3 1095.7 577.4
1 0.51 959.3 66.9 975.3 68.3 972.0 105.8 956.0 104.4
1 0.51 1085.3 577.6 1085.0 592.8 1049.6 592.2 1049.8 577.0
1 0.48 959.9 394.9 974.9 396.2 971.9 430.9 956.9 429.6
1 0.47 1181.0 579.2 1181.5 594.5 1143.7 595.8 1143.1 580.6
1 0.46 745.8 570.2 745.8 585.6 709.8 585.6 709.8 570.2
1 0.45 1035.3 586.0 1023.5 600.6 989.6 573.2 1001.5 558.5
1 0.28 1185.1 318.5 1186.8 330.4 1162.6 333.8 1160.9 321.8
1 0.61 827.3 518.5 827.1 531.7 794.7 531.2 794.9 517.9
1 0.6 892.4 571.3 892.7 587.2 853.0 587.9 852.7 572.0
1 0.59 745.1 570.0 745.1 585.7 708.8 585.7 708.8 570.0
1 0.58 884.4 542.8 883.9 558.0 846.5 556.7 847.1 541.5
1 0.53 1085.7 542.7 1085.7 556.9 1051.7 556.9 1051.7 542.7
1 0.51 1084.6 578.0 1084.3 592.5 1050.0 591.9 1050.3 577.4
1 0.42 1035.0 585.7 1023.3 600.2 990.0 573.3 1001.7 558.8
1 0.41 1127.6 578.0 1127.3 592.5 1094.7 592.0 1095.0 577.4
1 0.63 827.3 518.5 827.0 531.7 794.7 531.2 794.9 517.9
1 0.61 1194.8 406.5 1194.2 421.4 1158.2 420.2 1158.8 405.3
1 0.61 1204.0 429.5 1203.4 445.6 1164.2 444.3 1164.7 428.1
1 0.6 891.0 571.9 891.0 587.5 853.8 587.5 853.8 571.9
1 0.59 884.5 542.9 884.0 557.9 846.6 556.6 847.1 541.6
1 0.56 1085.7 542.7 1085.7 556.8 1051.7 556.8 1051.7 542.7
1 0.56 1264.4 467.2 1279.5 469.4 1274.7 503.1 1259.7 501.0
1 0.52 1131.2 577.4 1131.2 592.3 1095.7 592.3 1095.7 577.4
1 0.51 1084.6 577.9 1084.4 592.5 1050.0 591.9 1050.3 577.3
1 0.49 959.9 395.0 974.9 396.3 971.9 430.8 956.9 429.5
1 0.46 1180.9 579.3 1181.5 594.5 1143.7 595.8 1143.2 580.6
1 0.46 745.7 570.2 745.7 585.6 709.9 585.6 709.9 570.2
1 0.42 1035.3 586.0 1023.5 600.5 989.6 573.1 1001.4 558.6
1 0.26 1185.0 318.5 1186.7 330.4 1162.6 333.8 1160.9 321.9
