1 0.64 1636.1 603.9 1620.5 605.8 1616.1 570.7 1631.7 568.8
1 0.58 1268.0 600.5 1283.1 602.6 1278.4 636.1 1263.3 634.0
1 0.54 1437.9 647.3 1421.4 648.1 1419.6 614.0 1436.1 613.1
1 0.63 750.1 702.0 750.1 717.4 712.9 717.4 712.9 702.0
1 0.56 831.2 651.5 831.0 664.4 799.2 663.9 799.4 651.0
1 0.55 888.9 676.4 887.2 692.8 849.6 688.8 851.3 672.4
1 0.39 892.4 704.0 892.4 719.6 856.7 719.6 856.7 704.0
1 0.51 984.3 56.0 999.9 58.2 994.9 93.7 979.3 91.5
1 0.64 1207.8 561.7 1207.5 578.5 1167.9 577.8 1168.2 561.0
1 0.63 889.1 675.6 888.2 691.9 850.5 689.9 851.4 673.6
1 0.62 1198.3 539.4 1197.8 554.6 1161.3 553.3 1161.9 538.1
1 0.6 895.5 704.0 895.5 719.6 857.3 719.6 857.3 704.0
1 0.6 1134.5 710.2 1134.2 725.0 1099.1 724.4 1099.4 709.6
1 0.58 1267.9 600.5 1283.2 602.6 1278.5 636.1 1263.2 634.0
1 0.54 831.3 651.4 831.0 664.4 799.1 663.9 799.3 650.9
1 0.54 1089.2 675.6 1089.2 690.4 1054.6 690.4 1054.6 675.6
1 0.53 749.9 702.0 749.9 716.8 712.8 716.8 712.8 702.0
1 0.42 1038.9 718.3 1026.9 732.1 994.7 704.0 1006.6 690.3
1 0.42 1087.8 709.8 1087.8 725.2 1053.5 725.2 1053.5 709.8
1 0.39 968.4 719.9 953.0 722.6 946.9 687.5 962.2 684.8
1 0.35 1184.0 712.6 1184.0 728.8 1147.2 728.8 1147.2 712.6
1 0.63 1207.8 561.7 1207.5 578.5 1167.9 577.8 1168.2 561.0
1 0.62 1198.3 539.4 1197.8 554.5 1161.4 553.3 1161.9 538.1
1 0.59 1268.0 600.6 1283.1 602.7 1278.5 636.1 1263.3 634.0
1 0.5 984.3 56.0 999.9 58.2 994.9 93.6 979.3 91.5
1 0.63 750.0 702.0 750.0 717.3 713.0 717.3 713.0 702.0
1 0.54 831.3 651.4 831.0 664.5 799.1 663.9 799.3 650.9
1 0.54 889.0 676.4 887.3 692.8 849.6 688.9 851.3 672.4
1 0.39 892.6 704.0 892.6 719.6 856.8 719.6 856.8 704.0
1 0.64 1207.8 561.7 1207.5 578.5 1167.9 577.8 1168.2 561.0
1 0.61 1198.3 539.4 1197.8 554.6 1161.3 553.3 1161.9 538.1
1 0.6 1134.5 710.2 1134.2 725.0 1099.1 724.4 1099.4 709.6
1 0.58 1267.9 600.5 1283.2 602.6 1278.5 636.2 1263.2 634.0
1 0.53 1089.2 675.6 1089.2 690.4 1054.6 690.4 1054.6 675.6
1 0.53 1437.9 647.3 1421.4 648.2 1419.6 613.9 1436.1 613.1
1 0.44 1039.0 718.3 1027.0 732.1 994.7 704.0 1006.7 690.2
1 0.42 1087.9 710.1 1087.6 725.5 1053.4 724.9 1053.7 709.5
1 0.36 1184.0 712.6 1184.0 728.7 1147.3 728.7 1147.3 712.6
1 0.63 1636.0 603.8 1620.5 605.7 1616.2 570.6 1631.7 568.7
1 0.57 1267.9 600.4 1283.2 602.6 1278.5 636.2 1263.2 634.1
1 0.54 1437.9 647.2 1421.3 648.1 1419.5 613.9 1436.2 613.0
1 0.64 1636.1 603.9 1620.4 605.9 1616.1 570.7 1631.8 568.8
1 0.6 1759.6 106.9 1759.1 122.7 1724.6 121.5 1725.2 105.7
1 0.64 1636.1 603.9 1620.5 605.8 1616.1 570.7 1631.7 568.8
1 0.53 1437.9 647.3 1421.4 648.2 1419.6 614.0 1436.1 613.1
1 0.63 1636.0 603.8 1620.5 605.7 1616.2 570.6 1631.7 568.7
1 0.54 1438.0 647.2 1421.4 648.1 1419.6 613.9 1436.2 613.0
1 0.64 1207.7 562.1 1207.1 578.8 1167.8 577.4 1168.4 560.7
1 0.62 1198.4 539.5 1197.9 554.6 1161.6 553.3 1162.1 538.2
1 0.61 1134.2 710.4 1133.9 724.8 1099.4 724.2 1099.6 709.8
1 0.58 1267.9 600.4 1283.3 602.6 1278.6 636.2 1263.2 634.0
1 0.54 1438.0 647.2 1421.4 648.1 1419.6 613.9 1436.2 613.0
1 0.54 1089.2 675.7 1089.2 690.2 1054.6 690.2 1054.6 675.7
1 0.47 1183.5 438.5 1185.0 449.1 1162.0 452.3 1160.5 441.8
1 0.44 1039.3 717.4 1027.7 731.7 994.2 704.5 1005.7 690.2
1 0.4 1087.6 710.4 1087.3 725.3 1053.8 724.7 1054.0 709.8
1 0.35 1183.9 712.8 1183.9 728.7 1147.2 728.7 1147.2 712.8
1 0.26 1189.9 451.6 1191.7 464.0 1166.9 467.5 1165.2 455.0
1 0.64 1207.7 562.1 1207.1 578.8 1167.8 577.4 1168.4 560.7
1 0.63 889.4 676.3 888.0 692.5 850.1 689.2 851.5 672.9
1 0.63 1198.4 539.5 1197.9 554.5 1161.6 553.3 1162.1 538.2
1 0.61 1134.1 710.5 1133.9 724.8 1099.4 724.2 1099.6 709.9
1 0.59 895.6 704.0 895.6 719.6 857.2 719.6 857.2 704.0
1 0.58 1267.9 600.4 1283.2 602.6 1278.5 636.2 1263.2 634.0
1 0.55 831.2 651.5 831.0 664.4 799.2 663.9 799.4 651.0
1 0.54 1089.2 675.7 1089.2 690.3 1054.6 690.3 1054.6 675.7
1 0.53 750.0 702.0 750.0 716.9 712.7 716.9 712.7 702.0
1 0.47 1183.5 438.6 1185.0 449.1 1162.0 452.3 1160.5 441.8
1 0.43 1039.0 718.2 1027.0 732.0 994.4 703.7 1006.4 689.9
1 0.4 1087.6 710.3 1087.3 725.3 1053.8 724.7 1054.0 709.8
1 0.38 968.6 719.7 953.3 722.7 946.5 687.8 961.8 684.8
1 0.35 1183.9 712.8 1183.9 728.7 1147.2 728.7 1147.2 712.8
1 0.26 1189.9 451.6 1191.6 464.0 1166.9 467.4 1165.2 455.1
1 0.64 1636.1 603.9 1620.4 605.9 1616.1 570.7 1631.8 568.8
1 0.6 1759.6 106.9 1759.1 122.7 1724.6 121.5 1725.2 105.7
1 0.58 1268.0 600.6 1283.1 602.7 1278.4 636.1 1263.3 634.0
1 0.26 1439.1 651.5 1422.4 652.7 1419.7 613.9 1436.4 612.7
1 0.63 1207.7 561.7 1207.4 578.5 1167.9 577.8 1168.2 561.0
1 0.61 1198.3 539.4 1197.8 554.6 1161.4 553.3 1161.9 538.1
1 0.59 1267.9 600.6 1283.2 602.7 1278.5 636.1 1263.2 634.0
1 0.5 984.2 55.9 1000.0 58.1 995.0 93.8 979.2 91.6
1 0.25 1439.1 651.4 1422.4 652.6 1419.7 613.9 1436.4 612.7
1 0.63 889.1 675.6 888.2 691.9 850.6 689.9 851.4 673.6
1 0.62 750.1 702.0 750.1 717.3 713.0 717.3 713.0 702.0
1 0.6 895.5 704.0 895.5 719.6 857.3 719.6 857.3 704.0
1 0.53 831.3 651.4 831.1 664.5 799.0 663.9 799.2 650.8
1 0.53 1089.2 675.6 1089.2 690.3 1054.6 690.3 1054.6 675.6
1 0.43 1038.9 718.3 1026.9 732.1 994.6 704.0 1006.6 690.2
1 0.41 1087.6 710.4 1087.4 725.3 1053.7 724.7 1054.0 709.9
1 0.4 968.4 719.9 953.0 722.7 946.8 687.5 962.2 684.8
1 0.39 1130.7 710.0 1130.4 724.9 1099.2 724.3 1099.5 709.5
1 0.63 889.4 676.3 888.0 692.5 850.1 689.2 851.5 672.9
1 0.63 750.1 701.9 750.1 717.4 712.9 717.4 712.9 701.9
1 0.59 895.6 704.0 895.6 719.6 857.3 719.6 857.3 704.0
1 0.54 831.3 651.5 831.0 664.5 799.1 663.9 799.3 650.9
1 0.53 1089.2 675.7 1089.2 690.2 1054.6 690.2 1054.6 675.7
1 0.43 1039.3 717.4 1027.7 731.7 994.1 704.5 1005.7 690.2
1 0.38 1130.8 709.9 1130.6 724.9 1099.2 724.3 1099.4 709.4
1 0.38 968.6 719.7 953.3 722.7 946.5 687.8 961.8 684.8
1 0.38 1087.6 710.4 1087.3 725.2 1053.8 724.6 1054.0 709.8
