1 0.44 1015.9 124.4 1029.3 131.9 1011.5 164.1 998.0 156.6
1 0.64 1208.3 706.8 1207.8 723.9 1168.1 722.5 1168.7 705.4
1 0.63 889.7 820.1 889.2 836.2 851.8 834.9 852.4 818.8
1 0.61 1268.4 745.0 1283.5 747.1 1278.8 780.4 1263.7 778.3
1 0.61 1199.0 684.6 1198.5 699.8 1161.9 698.6 1162.5 683.3
1 0.61 1134.0 854.4 1133.7 869.1 1100.1 868.5 1100.3 853.8
1 0.59 833.3 796.5 833.0 809.8 800.7 809.3 800.9 795.9
1 0.56 751.3 846.7 751.3 861.6 714.9 861.6 714.9 846.7
1 0.55 896.4 849.3 896.4 864.9 858.7 864.9 858.7 849.3
1 0.46 1090.7 820.3 1090.7 835.7 1054.5 835.7 1054.5 820.3
1 0.37 1034.2 860.9 1023.1 873.6 994.7 848.9 1005.7 836.2
1 0.27 1087.9 854.7 1087.9 869.0 1054.2 869.0 1054.2 854.7
1 0.62 1635.8 746.9 1620.3 748.8 1616.1 714.1 1631.5 712.2
1 0.54 1438.2 791.4 1421.4 792.2 1419.6 757.9 1436.4 757.0
1 0.63 1208.1 706.8 1207.5 723.8 1168.1 722.4 1168.7 705.5
1 0.61 1134.0 854.4 1133.8 869.0 1100.1 868.4 1100.3 853.8
1 0.61 1199.1 684.6 1198.6 699.9 1162.0 698.6 1162.6 683.3
1 0.6 1268.4 745.0 1283.6 747.1 1278.9 780.6 1263.7 778.4
1 0.54 1438.2 791.4 1421.4 792.2 1419.6 757.9 1436.4 757.0
1 0.52 1004.6 889.5 993.7 902.1 967.6 879.4 978.5 866.8
1 0.49 1090.6 820.4 1090.6 835.5 1054.4 835.5 1054.4 820.4
1 0.4 1037.7 862.4 1026.2 875.6 994.7 848.3 1006.2 835.0
1 0.64 751.6 846.5 751.6 862.1 714.4 862.1 714.4 846.5
1 0.59 833.3 796.4 833.0 809.8 800.7 809.3 800.9 795.9
1 0.54 888.6 820.2 887.8 836.4 851.0 834.5 851.8 818.2
1 0.35 892.2 848.6 892.4 864.0 858.2 864.6 858.0 849.2
1 0.63 1635.8 746.9 1620.3 748.8 1616.1 714.1 1631.5 712.2
1 0.61 1268.4 745.0 1283.5 747.1 1278.8 780.5 1263.7 778.4
1 0.54 1438.2 791.4 1421.4 792.2 1419.6 757.9 1436.4 757.0
1 0.64 1674.4 24.7 1690.4 25.5 1688.6 60.6 1672.5 59.8
1 0.64 1734.8 61.3 1718.4 62.4 1716.0 29.1 1732.4 28.0
1 0.62 1637.6 26.5 1653.8 27.0 1652.6 60.2 1636.5 59.7
1 0.61 1754.0 62.8 1738.1 63.6 1736.2 28.1 1752.2 27.3
1 0.59 1782.1 64.3 1767.2 64.3 1767.2 33.3 1782.1 33.3
1 0.59 1618.0 23.1 1634.8 24.0 1632.9 59.6 1616.2 58.8
1 0.58 1822.8 70.1 1807.9 71.4 1805.1 39.2 1820.0 37.9
1 0.57 1554.1 19.1 1571.2 19.7 1569.9 57.7 1552.7 57.1
1 0.49 1787.7 36.9 1802.4 38.2 1799.7 69.5 1785.0 68.3
1 0.48 1525.0 47.3 1508.5 48.1 1506.8 15.2 1523.3 14.3
1 0.43 1694.4 31.5 1708.9 32.6 1706.7 63.5 1692.3 62.5
1 0.41 1613.2 59.9 1596.5 60.5 1595.4 28.8 1612.1 28.2
1 0.38 1840.4 69.3 1826.1 70.5 1823.4 39.3 1837.6 38.1
1 0.33 1657.6 25.3 1672.2 26.3 1670.0 57.9 1655.4 56.9
1 0.64 1635.8 747.0 1620.3 748.9 1616.1 714.3 1631.6 712.4
1 0.62 1268.8 745.4 1283.3 747.4 1278.6 780.5 1264.2 778.4
1 0.54 1438.1 791.3 1421.6 792.2 1419.8 758.0 1436.3 757.2
1 0.64 1208.3 706.8 1207.7 723.8 1168.1 722.5 1168.7 705.5
1 0.61 1268.4 745.0 1283.5 747.1 1278.8 780.4 1263.7 778.3
1 0.61 1199.0 684.6 1198.5 699.8 1161.9 698.6 1162.4 683.3
1 0.61 1134.0 854.4 1133.7 869.1 1100.1 868.5 1100.3 853.8
1 0.54 1438.1 791.3 1421.6 792.2 1419.8 758.0 1436.3 757.2
1 0.46 1090.7 820.3 1090.7 835.7 1054.6 835.7 1054.6 820.3
1 0.34 1034.1 861.0 1023.1 873.6 994.7 848.9 1005.7 836.3
1 0.26 1087.8 854.7 1087.8 868.9 1054.5 868.9 1054.5 854.7
1 0.64 751.6 846.5 751.6 862.1 714.4 862.1 714.4 846.5
1 0.63 889.7 820.2 889.2 836.2 851.8 834.9 852.4 818.9
1 0.59 833.3 796.4 833.1 809.8 800.7 809.3 800.9 795.9
1 0.56 896.4 849.3 896.4 864.9 858.7 864.9 858.7 849.3
1 0.45 1090.6 820.4 1090.6 835.6 1054.7 835.6 1054.7 820.4
1 0.37 1034.0 861.0 1023.1 873.5 994.8 848.9 1005.7 836.3
1 0.34 1131.4 853.6 1131.4 868.5 1100.3 868.5 1100.3 853.6
1 0.25 1087.8 854.8 1087.8 868.8 1054.7 868.8 1054.7 854.8
1 0.55 1554.1 19.2 1571.1 19.8 1569.8 57.5 1552.8 56.9
1 0.47 1524.9 47.2 1508.6 48.0 1506.9 15.3 1523.2 14.4
1 0.44 1015.9 124.4 1029.3 131.9 1011.5 164.1 998.0 156.6
1 0.44 1015.9 124.5 1029.3 131.9 1011.4 164.1 998.1 156.6
1 0.63 751.7 846.5 751.7 862.2 714.4 862.2 714.4 846.5
1 0.57 833.4 796.4 833.2 809.9 800.6 809.3 800.9 795.9
1 0.54 888.7 820.1 887.9 836.4 850.9 834.5 851.8 818.2
1 0.35 892.1 848.6 892.4 864.1 858.3 864.7 858.1 849.2
1 0.64 1674.4 24.7 1690.4 25.5 1688.6 60.6 1672.5 59.8
1 0.64 1734.8 61.3 1718.4 62.4 1716.0 29.1 1732.4 27.9
1 0.4 1839.3 68.9 1825.4 69.6 1823.8 38.7 1837.7 38.0
1 0.41 1613.2 59.9 1596.5 60.5 1595.4 28.9 1612.1 28.3
1 0.44 1694.4 31.5 1708.9 32.6 1706.7 63.5 1692.3 62.4
1 0.48 1787.7 36.9 1802.4 38.2 1799.7 69.5 1785.0 68.3
1 0.48 1525.0 47.3 1508.6 48.1 1506.8 15.2 1523.2 14.3
1 0.56 1882.1 36.1 1896.8 36.6 1895.6 70.4 1880.9 69.8
1 0.57 1554.1 19.1 1571.2 19.7 1569.9 57.6 1552.8 57.0
1 0.59 1782.1 64.3 1767.2 64.3 1767.2 33.3 1782.1 33.3
1 0.59 1822.9 70.1 1807.9 71.4 1805.1 39.2 1820.1 37.9
1 0.6 1618.0 23.1 1634.7 24.0 1632.9 59.6 1616.2 58.8
1 0.61 1915.4 70.1 1899.3 70.9 1897.5 35.4 1913.5 34.5
1 0.61 1754.0 62.8 1738.1 63.6 1736.2 28.1 1752.2 27.3
1 0.62 1861.6 37.4 1878.1 38.0 1876.9 71.0 1860.4 70.4
1 0.62 1637.6 26.5 1653.8 27.0 1652.6 60.2 1636.5 59.7
1 0.63 1843.4 37.7 1858.1 38.7 1855.9 70.0 1841.2 69.0
1 0.33 1657.6 25.3 1672.2 26.3 1670.0 57.9 1655.4 56.9
1 0.64 1635.8 747.0 1620.3 748.9 1616.1 714.3 1631.6 712.4
1 0.53 1438.1 791.3 1421.6 792.2 1419.8 758.0 1436.3 757.2
1 0.64 1208.1 706.8 1207.5 723.8 1168.1 722.4 1168.7 705.5
1 0.62 889.9 820.1 889.4 836.2 851.6 834.9 852.2 818.8
1 0.61 1134.0 854.4 1133.8 869.0 1100.1 868.4 1100.3 853.8
1 0.61 1268.4 745.0 1283.6 747.1 1278.9 780.5 1263.7 778.4
1 0.61 1199.1 684.6 1198.6 699.9 1162.0 698.6 1162.6 683.3
1 0.56 833.4 796.4 833.1 809.9 800.6 809.3 800.9 795.9
1 0.55 896.5 849.2 896.5 865.0 858.7 865.0 858.7 849.2
1 0.54 751.4 846.7 751.4 861.7 714.7 861.7 714.7 846.7
1 0.51 1004.7 889.4 993.6 902.1 967.5 879.4 978.6 866.8
1 0.47 1090.6 820.4 1090.6 835.6 1054.4 835.6 1054.4 820.4
1 0.39 1036.4 863.5 1025.1 876.1 994.6 848.7 1005.9 836.1
1 0.63 751.7 846.5 751.7 862.2 714.4 862.2 714.4 846.5
1 0.62 889.9 820.1 889.4 836.2 851.6 834.9 852.2 818.8
1 0.55 833.6 796.6 833.4 809.9 800.6 809.3 800.9 796.0
1 0.55 896.5 849.3 896.5 864.9 858.8 864.9 858.8 849.3
1 0.52 1004.6 889.5 993.7 902.1 967.6 879.4 978.6 866.8
1 0.49 1090.5 820.5 1090.5 835.4 1054.5 835.4 1054.5 820.5
1 0.38 1037.5 862.4 1026.1 875.5 994.8 848.3 1006.2 835.2
1 0.33 1131.8 853.5 1131.8 868.7 1100.2 868.7 1100.2 853.5
