1 0.63 1327.6 798.7 1310.0 799.9 1307.4 762.4 1325.0 761.1
1 0.56 1305.9 709.2 1321.6 709.7 1320.4 745.5 1304.6 744.9
1 0.53 273.6 47.8 287.3 55.5 269.5 87.6 255.8 79.9
1 0.62 1327.8 798.9 1310.0 800.1 1307.4 762.3 1325.1 761.1
1 0.61 812.2 806.1 816.6 820.3 783.4 830.5 779.1 816.2
1 0.6 834.5 843.8 844.4 855.7 815.5 880.0 805.6 868.1
1 0.57 763.5 1025.8 777.2 1030.2 766.1 1064.3 752.4 1059.9
1 0.56 1305.8 709.0 1321.6 709.6 1320.4 745.3 1304.6 744.8
1 0.52 774.3 811.8 770.7 824.4 743.0 816.4 746.6 803.8
1 0.43 828.9 875.5 836.8 884.6 816.0 902.7 808.0 893.6
1 0.63 232.5 814.7 240.7 827.8 210.9 846.4 202.7 833.3
1 0.62 204.9 642.4 194.5 654.4 167.7 631.1 178.1 619.1
1 0.6 34.2 358.8 40.3 373.3 6.9 387.4 0.8 372.9
1 0.59 208.9 660.9 203.5 675.2 171.8 663.1 177.3 648.8
1 0.58 166.3 566.5 160.1 581.6 124.3 567.1 130.4 552.0
1 0.49 189.5 606.3 182.5 620.4 150.5 604.8 157.4 590.6
1 0.47 16.9 340.8 24.0 355.5 -8.8 371.5 -15.9 356.8
1 0.43 212.8 708.7 200.2 712.1 192.2 682.2 204.8 678.9
1 0.4 71.3 487.5 58.0 490.8 51.1 463.0 64.3 459.7
1 0.63 1327.6 798.7 1310.0 799.9 1307.4 762.4 1325.0 761.1
1 0.56 1305.9 709.2 1321.6 709.7 1320.4 745.5 1304.6 744.9
1 0.61 812.8 805.7 817.1 820.5 783.1 830.3 778.8 815.5
1 0.6 834.5 843.9 844.4 855.7 815.5 880.0 805.6 868.1
1 0.56 763.5 1025.7 777.2 1030.2 766.1 1064.4 752.4 1059.9
1 0.49 774.3 811.8 770.7 824.4 743.0 816.4 746.6 803.8
1 0.42 828.9 875.4 836.8 884.6 816.0 902.7 808.0 893.6
1 0.62 812.9 805.7 817.2 820.5 783.1 830.3 778.9 815.4
1 0.59 834.6 843.8 844.7 855.8 815.7 880.1 805.6 868.1
1 0.5 774.5 811.8 770.8 824.4 742.8 816.4 746.5 803.8
1 0.63 1327.6 798.7 1310.0 800.0 1307.3 762.3 1325.0 761.1
1 0.56 1305.9 709.2 1321.6 709.7 1320.4 745.5 1304.6 744.9
1 0.63 812.3 806.1 816.6 820.3 783.5 830.4 779.1 816.2
1 0.6 834.6 843.8 844.7 855.8 815.7 880.1 805.7 868.1
1 0.52 774.4 811.8 770.8 824.4 742.8 816.3 746.4 803.8
1 0.61 1327.7 798.9 1310.0 800.2 1307.4 762.3 1325.1 761.1
1 0.56 1305.9 709.1 1321.6 709.6 1320.4 745.3 1304.6 744.8
1 0.61 1327.7 799.0 1310.0 800.2 1307.4 762.3 1325.1 761.1
1 0.56 1305.9 709.0 1321.6 709.6 1320.4 745.3 1304.6 744.8
1 0.62 1327.7 798.9 1310.0 800.2 1307.4 762.3 1325.1 761.1
1 0.56 1305.8 709.0 1321.6 709.6 1320.4 745.4 1304.6 744.8
1 0.64 232.5 814.7 240.7 827.8 210.9 846.4 202.7 833.3
1 0.63 204.8 642.4 194.5 654.3 167.8 631.1 178.1 619.2
1 0.6 208.7 661.4 203.5 674.9 172.1 662.8 177.3 649.3
1 0.58 166.4 566.5 160.3 581.6 124.3 567.1 130.4 552.0
1 0.54 333.6 954.5 323.5 965.4 300.1 943.5 310.2 932.7
1 0.5 189.3 606.3 182.4 620.3 150.6 604.8 157.4 590.7
1 0.44 213.1 707.9 199.6 711.5 191.8 682.4 205.3 678.8
1 0.4 377.5 1016.6 365.1 1024.3 349.8 999.8 362.1 992.1
1 0.33 71.3 487.4 58.0 490.7 51.0 463.0 64.4 459.6
1 0.27 431.1 1031.3 439.1 1047.1 396.3 1068.9 388.3 1053.1
1 0.61 812.8 805.7 817.0 820.5 783.1 830.3 778.8 815.5
1 0.61 834.5 843.8 844.4 855.7 815.5 880.0 805.6 868.1
1 0.57 763.5 1025.7 777.2 1030.2 766.1 1064.4 752.4 1059.9
1 0.52 333.6 954.5 323.5 965.4 300.1 943.5 310.2 932.7
1 0.52 774.3 811.8 770.7 824.4 743.0 816.4 746.6 803.8
1 0.44 828.9 875.4 836.8 884.5 815.9 902.7 808.0 893.6
1 0.4 377.5 1016.6 365.2 1024.4 349.8 999.8 362.2 992.0
1 0.28 431.1 1031.3 439.1 1047.1 396.4 1068.9 388.3 1053.1
1 0.61 34.2 358.8 40.3 373.3 6.9 387.4 0.8 372.9
1 0.59 1.6 224.0 19.1 227.4 12.1 263.6 -5.4 260.2
1 0.58 166.3 566.4 160.1 581.6 124.3 567.1 130.4 552.0
1 0.53 273.6 47.9 287.3 55.5 269.5 87.6 255.8 80.0
1 0.5 189.5 606.3 182.6 620.4 150.5 604.8 157.4 590.7
1 0.47 16.6 340.6 24.0 355.1 -8.5 371.7 -15.9 357.1
1 0.43 71.2 487.5 58.0 490.8 51.1 463.0 64.3 459.7
1 0.32 203.8 642.0 193.3 654.0 167.7 631.8 178.2 619.8
1 0.63 1327.6 798.7 1310.0 799.9 1307.4 762.4 1325.0 761.1
1 0.63 812.3 806.1 816.6 820.3 783.5 830.4 779.2 816.2
1 0.6 834.6 843.9 844.6 855.8 815.7 880.1 805.7 868.1
1 0.56 1305.9 709.2 1321.6 709.7 1320.4 745.5 1304.6 744.9
1 0.53 774.4 811.8 770.8 824.4 742.8 816.4 746.4 803.8
