1 0.61 812.0 803.9 816.2 818.7 782.1 828.4 777.9 813.7
1 0.61 833.5 842.2 843.4 854.1 814.4 878.5 804.5 866.6
1 0.58 762.1 1024.2 776.0 1028.7 764.9 1063.0 750.9 1058.5
1 0.45 827.4 872.6 835.8 881.3 815.5 901.0 807.1 892.3
1 0.44 773.4 810.3 769.7 823.0 741.2 814.8 744.9 802.1
1 0.62 165.3 563.6 159.3 578.7 123.6 564.3 129.7 549.2
1 0.6 34.1 355.6 40.3 370.4 7.6 384.3 1.3 369.6
1 0.55 245.4 94.2 260.2 102.4 242.2 134.9 227.4 126.7
1 0.55 0.7 220.4 18.7 223.9 11.8 259.5 -6.3 256.0
1 0.52 188.7 603.4 181.6 617.8 149.8 602.2 156.8 587.8
1 0.47 70.7 483.9 57.8 487.2 51.0 460.1 63.9 456.9
1 0.44 203.9 642.2 192.4 653.6 167.2 628.4 178.6 616.9
1 0.41 16.9 337.8 23.9 352.2 -9.2 368.3 -16.2 353.9
1 0.62 1326.8 798.0 1309.0 799.3 1306.4 761.3 1324.2 760.1
1 0.62 812.0 804.0 816.2 818.7 782.1 828.4 777.9 813.7
1 0.61 833.5 842.2 843.5 854.1 814.4 878.4 804.5 866.5
1 0.59 762.1 1024.2 776.0 1028.7 764.9 1063.0 751.0 1058.5
1 0.55 1305.1 708.5 1320.8 709.0 1319.6 744.8 1303.8 744.2
1 0.45 827.4 872.6 835.8 881.3 815.5 901.0 807.1 892.3
1 0.45 773.3 810.2 769.7 823.0 741.3 814.8 744.9 802.1
1 0.66 215.0 825.0 227.6 834.1 207.4 861.9 194.8 852.8
1 0.63 165.4 563.7 159.3 578.7 123.7 564.3 129.8 549.3
1 0.59 207.9 658.6 202.3 672.7 170.9 660.0 176.6 646.0
1 0.59 204.4 639.8 194.0 651.9 167.1 628.6 177.6 616.5
1 0.56 332.9 952.0 323.3 963.1 298.2 941.4 307.9 930.3
1 0.51 187.7 604.0 180.3 617.8 150.1 601.7 157.4 588.0
1 0.42 70.8 483.9 57.7 487.2 50.9 460.0 64.0 456.7
1 0.4 211.8 706.2 198.5 709.6 191.0 679.7 204.3 676.4
1 0.35 377.2 1016.1 364.2 1023.9 348.2 997.3 361.2 989.5
1 0.25 432.6 1026.6 440.9 1042.8 394.7 1066.3 386.5 1050.2
1 0.63 1326.6 797.9 1309.0 799.1 1306.3 761.5 1324.0 760.2
1 0.54 1305.1 708.5 1320.8 709.0 1319.6 744.9 1303.8 744.3
1 0.66 215.0 825.1 227.6 834.2 207.4 862.0 194.8 852.9
1 0.62 165.3 563.6 159.3 578.7 123.6 564.3 129.7 549.2
1 0.6 34.1 355.7 40.3 370.4 7.6 384.3 1.3 369.6
1 0.59 204.6 639.9 194.0 652.0 167.1 628.6 177.6 616.5
1 0.59 208.0 658.6 202.3 672.8 170.8 660.0 176.5 645.9
1 0.52 188.6 603.3 181.6 617.7 149.8 602.2 156.8 587.8
1 0.46 70.7 483.9 57.8 487.1 51.1 460.1 63.9 456.9
1 0.41 16.9 337.8 23.9 352.2 -9.1 368.3 -16.2 353.9
1 0.38 211.6 706.0 198.5 709.3 191.1 679.7 204.2 676.4
1 0.63 1326.6 797.9 1309.0 799.1 1306.3 761.4 1324.0 760.2
1 0.54 1305.1 708.5 1320.8 709.1 1319.6 744.9 1303.8 744.4
1 0.64 1326.6 797.9 1309.0 799.1 1306.3 761.5 1324.0 760.2
1 0.54 1305.1 708.5 1320.8 709.1 1319.6 744.9 1303.8 744.3
1 0.62 812.0 804.0 816.2 818.6 782.2 828.4 778.0 813.7
1 0.61 833.6 842.1 843.7 854.2 814.6 878.6 804.5 866.6
1 0.47 773.4 810.3 769.7 823.0 741.1 814.8 744.8 802.1
1 0.61 1326.8 798.1 1309.0 799.3 1306.4 761.4 1324.1 760.1
1 0.55 1305.1 708.5 1320.8 709.0 1319.6 744.8 1303.8 744.2
1 0.62 833.5 842.2 843.5 854.1 814.5 878.5 804.5 866.5
1 0.62 812.0 803.9 816.2 818.7 782.1 828.4 777.9 813.7
1 0.59 762.1 1024.2 776.0 1028.7 764.9 1063.0 750.9 1058.5
1 0.55 332.9 952.0 323.2 963.1 298.2 941.4 307.9 930.3
1 0.47 773.4 810.2 769.7 823.0 741.2 814.8 744.9 802.1
1 0.47 827.4 872.6 835.9 881.3 815.5 901.0 807.0 892.3
1 0.35 377.1 1016.1 364.2 1023.9 348.2 997.3 361.1 989.5
1 0.26 432.6 1026.7 440.8 1042.8 394.7 1066.3 386.5 1050.1
1 0.61 1326.8 798.1 1309.0 799.3 1306.4 761.3 1324.1 760.1
1 0.55 1305.1 708.4 1320.8 709.0 1319.6 744.8 1303.8 744.3
1 0.61 812.0 803.9 816.2 818.6 782.1 828.4 777.9 813.7
1 0.61 833.6 842.2 843.7 854.2 814.6 878.7 804.4 866.6
1 0.43 773.4 810.3 769.8 823.1 741.1 814.9 744.8 802.0
1 0.62 1326.8 798.1 1309.0 799.3 1306.4 761.3 1324.1 760.1
1 0.55 1305.1 708.5 1320.8 709.0 1319.6 744.8 1303.8 744.3
1 0.37 244.4 93.1 260.2 101.9 240.7 137.2 224.8 128.4
1 0.64 1326.6 797.8 1309.0 799.1 1306.4 761.5 1324.0 760.2
1 0.62 812.0 804.0 816.2 818.6 782.2 828.4 778.0 813.8
1 0.61 833.6 842.2 843.7 854.2 814.6 878.6 804.5 866.6
1 0.54 1305.1 708.5 1320.8 709.0 1319.6 744.9 1303.8 744.3
1 0.46 773.4 810.3 769.7 823.0 741.1 814.8 744.8 802.1
