1 0.62 1329.7 798.7 1312.7 800.2 1309.4 762.5 1326.4 761.0
1 0.61 1307.3 709.1 1323.2 709.7 1322.0 745.1 1306.1 744.6
1 0.65 218.1 825.4 231.1 835.1 209.8 863.4 196.8 853.7
1 0.61 168.3 564.7 162.1 580.0 126.1 565.5 132.3 550.1
1 0.61 37.3 356.4 43.8 371.0 10.2 385.9 3.7 371.3
1 0.61 206.8 640.7 196.4 652.7 169.8 629.6 180.3 617.6
1 0.6 210.4 660.4 204.6 674.0 173.8 661.0 179.6 647.3
1 0.49 191.5 604.3 184.3 619.1 152.2 603.5 159.5 588.6
1 0.49 19.2 338.6 26.3 353.3 -8.0 370.0 -15.2 355.4
1 0.42 215.0 707.2 201.9 710.5 194.4 680.4 207.5 677.2
1 0.29 74.0 485.2 60.2 488.9 52.6 460.7 66.4 457.0
1 0.29 3.7 222.2 21.3 225.0 15.6 261.2 -2.0 258.4
1 0.27 80.4 276.3 87.0 291.0 51.7 306.7 45.1 292.0
1 0.62 836.0 843.1 846.0 855.0 817.1 879.3 807.0 867.4
1 0.58 765.6 1025.4 779.0 1030.0 767.4 1063.8 754.0 1059.2
1 0.53 814.2 806.0 818.1 820.4 784.7 829.3 780.9 815.0
1 0.47 775.9 810.9 772.2 823.8 744.2 815.7 747.9 802.9
1 0.33 831.8 873.6 839.5 882.5 818.0 901.2 810.2 892.3
1 0.62 1329.7 798.7 1312.7 800.2 1309.4 762.5 1326.4 761.0
1 0.61 836.0 843.1 846.1 855.2 817.1 879.5 807.0 867.4
1 0.61 1307.3 709.1 1323.3 709.7 1322.0 745.1 1306.1 744.6
1 0.55 813.8 805.6 818.2 819.7 785.2 829.8 780.9 815.7
1 0.5 776.0 810.9 772.3 823.8 744.1 815.7 747.8 802.9
1 0.62 1329.7 798.7 1312.7 800.2 1309.4 762.5 1326.4 761.0
1 0.6 1307.3 709.2 1323.2 709.7 1322.0 745.1 1306.1 744.6
1 0.61 836.0 843.0 846.2 855.2 817.1 879.5 806.9 867.4
1 0.55 814.3 806.1 818.1 820.4 784.8 829.3 780.9 815.0
1 0.5 776.0 810.9 772.3 823.8 744.1 815.7 747.8 802.9
1 0.62 1329.7 798.7 1312.7 800.2 1309.4 762.5 1326.4 761.0
1 0.61 1307.3 709.2 1323.2 709.7 1322.0 745.1 1306.1 744.6
1 0.61 1307.3 709.0 1323.2 709.6 1322.0 745.0 1306.1 744.4
1 0.6 1329.8 798.9 1312.7 800.4 1309.4 762.5 1326.5 761.0
1 0.62 836.0 843.1 846.0 855.0 817.1 879.3 807.1 867.4
1 0.61 1307.3 709.0 1323.3 709.6 1322.0 745.0 1306.1 744.4
1 0.61 1329.8 798.8 1312.7 800.3 1309.4 762.4 1326.5 760.9
1 0.58 765.6 1025.4 779.0 1030.0 767.4 1063.8 754.0 1059.2
1 0.54 814.2 806.1 818.0 820.4 784.7 829.3 780.9 815.0
1 0.49 775.9 810.9 772.2 823.8 744.2 815.8 747.9 802.9
1 0.34 831.8 873.6 839.5 882.5 818.0 901.2 810.3 892.3
1 0.61 836.0 843.0 846.2 855.2 817.1 879.6 806.9 867.5
1 0.53 814.3 806.0 818.2 820.4 784.7 829.4 780.9 815.0
1 0.47 776.0 810.9 772.3 823.8 744.1 815.8 747.8 802.8
1 0.65 218.2 825.3 231.1 835.0 209.8 863.3 196.9 853.6
1 0.61 210.3 660.4 204.6 673.9 174.0 660.9 179.7 647.4
1 0.61 168.3 564.7 162.1 580.0 126.1 565.5 132.3 550.2
1 0.61 206.7 640.6 196.3 652.6 169.8 629.6 180.2 617.6
1 0.54 334.9 953.2 324.8 964.1 301.0 941.9 311.2 931.0
1 0.46 191.3 604.2 184.2 618.9 152.3 603.4 159.5 588.6
1 0.43 215.1 707.4 202.0 710.6 194.5 680.6 207.6 677.3
1 0.29 381.1 1017.6 367.2 1026.0 350.8 998.7 364.7 990.4
1 0.61 1329.8 798.9 1312.7 800.4 1309.4 762.5 1326.5 761.0
1 0.61 1307.3 709.0 1323.2 709.6 1322.0 745.0 1306.1 744.5
1 0.61 1307.3 709.0 1323.2 709.6 1322.0 745.0 1306.1 744.4
1 0.61 1329.8 798.9 1312.7 800.4 1309.4 762.4 1326.5 761.0
1 0.63 836.0 843.1 846.0 855.0 817.1 879.3 807.0 867.3
1 0.58 765.6 1025.4 779.0 1030.0 767.4 1063.8 754.0 1059.2
1 0.54 814.2 806.0 818.1 820.4 784.7 829.3 780.8 815.0
1 0.53 334.9 953.2 324.7 964.1 301.0 941.9 311.2 931.0
1 0.5 775.9 810.9 772.2 823.8 744.2 815.8 747.9 802.9
1 0.35 831.8 873.5 839.5 882.5 818.0 901.2 810.2 892.3
1 0.28 381.1 1017.6 367.2 1026.0 350.8 998.7 364.7 990.4
1 0.25 436.1 1028.5 444.4 1044.6 397.8 1068.3 389.6 1052.2
1 0.64 4.1 222.6 21.3 225.4 15.7 261.0 -1.5 258.3
1 0.61 168.3 564.7 162.1 580.0 126.1 565.4 132.3 550.1
1 0.61 37.3 356.4 43.9 371.0 10.2 386.0 3.7 371.3
1 0.5 191.6 604.3 184.3 619.1 152.2 603.5 159.5 588.6
1 0.49 240.7 109.2 255.6 116.5 238.6 151.3 223.7 144.1
1 0.49 19.2 338.6 26.4 353.3 -8.1 370.1 -15.3 355.4
1 0.41 206.1 641.7 195.3 653.3 169.8 629.6 180.7 618.0
1 0.31 74.0 485.2 60.2 488.9 52.7 460.8 66.4 457.1
1 0.26 587.7 427.3 580.6 443.3 538.3 424.5 545.4 408.5
