1 0.64 1302.2 771.2 1285.9 772.7 1282.8 738.0 1299.2 736.6
1 0.58 1295.4 722.6 1281.6 722.6 1281.6 689.7 1295.4 689.7
1 0.63 1302.2 770.9 1286.2 772.3 1283.2 738.1 1299.2 736.7
1 0.6 1295.5 722.3 1282.0 722.3 1282.0 689.8 1295.5 689.8
1 0.63 1302.2 771.2 1285.9 772.7 1282.8 738.0 1299.2 736.6
1 0.59 1295.4 722.6 1281.7 722.6 1281.7 689.7 1295.4 689.7
1 0.62 1302.3 771.3 1285.9 772.8 1282.9 737.9 1299.3 736.5
1 0.58 1295.5 722.5 1281.7 722.5 1281.7 689.6 1295.5 689.6
1 0.61 844.8 814.9 853.6 825.8 826.7 847.6 817.8 836.7
1 0.59 779.7 984.0 792.3 988.1 782.2 1019.2 769.6 1015.1
1 0.59 824.3 779.1 828.4 792.3 797.2 801.9 793.1 788.6
1 0.53 762.9 1033.4 776.0 1036.7 767.7 1070.1 754.6 1066.9
1 0.47 789.4 785.2 786.0 797.1 759.6 789.5 763.0 777.6
1 0.42 840.4 842.7 847.9 851.3 827.9 868.7 820.4 860.1
1 0.53 356.6 37.7 367.0 47.7 342.2 73.5 331.7 63.4
1 0.39 260.5 629.1 249.7 641.1 223.8 617.6 234.5 605.7
1 0.62 1302.3 771.3 1285.9 772.8 1282.8 737.9 1299.3 736.5
1 0.57 1295.5 722.5 1281.7 722.5 1281.7 689.6 1295.5 689.6
1 0.63 844.8 815.0 853.5 825.7 826.7 847.4 818.0 836.7
1 0.62 1302.3 771.3 1285.9 772.8 1282.8 737.9 1299.2 736.5
1 0.59 824.4 779.0 828.4 792.3 797.2 801.9 793.1 788.6
1 0.58 1295.5 722.5 1281.7 722.5 1281.7 689.6 1295.5 689.6
1 0.5 789.3 785.1 785.9 797.0 759.6 789.5 763.0 777.6
1 0.43 840.4 842.8 847.8 851.3 827.9 868.6 820.5 860.1
1 0.62 844.8 815.0 853.5 825.7 826.7 847.4 818.0 836.7
1 0.59 824.4 779.0 828.4 792.3 797.2 801.8 793.2 788.6
1 0.48 789.3 785.2 785.9 797.0 759.6 789.4 763.0 777.6
1 0.42 840.4 842.8 847.9 851.3 827.9 868.6 820.5 860.1
1 0.62 844.9 813.8 854.2 824.9 826.7 847.9 817.5 836.8
1 0.6 379.9 918.1 370.7 927.9 348.6 907.2 357.7 897.4
1 0.6 779.6 984.0 792.3 988.1 782.2 1019.2 769.6 1015.1
1 0.59 824.4 779.0 828.4 792.4 797.1 801.9 793.1 788.6
1 0.53 762.9 1033.3 776.1 1036.6 767.7 1070.2 754.5 1066.9
1 0.5 789.4 785.2 786.0 797.1 759.6 789.5 763.0 777.6
1 0.44 840.4 842.7 847.9 851.3 827.9 868.7 820.4 860.1
1 0.37 268.4 690.1 254.4 693.8 246.9 665.5 260.8 661.8
1 0.35 260.1 628.9 249.6 640.6 224.2 617.7 234.7 606.0
1 0.33 264.4 646.0 259.0 660.1 225.2 647.1 230.6 633.1
1 0.26 421.6 977.8 409.7 985.2 394.4 960.8 406.3 953.3
1 0.26 826.2 754.6 824.2 773.4 783.5 769.1 785.5 750.3
1 0.65 82.3 349.0 88.9 361.9 58.2 377.6 51.6 364.7
1 0.65 259.7 629.0 249.5 640.0 225.0 617.2 235.2 606.2
1 0.64 240.6 728.9 225.1 732.8 217.3 701.6 232.8 697.7
1 0.62 68.6 240.4 84.3 242.8 79.1 275.6 63.4 273.1
1 0.6 223.2 558.1 217.4 572.4 183.7 558.8 189.4 544.5
1 0.6 263.9 645.6 259.4 658.6 228.7 648.1 233.2 635.0
1 0.59 98.5 364.8 104.7 378.2 74.3 392.4 68.0 379.0
1 0.49 244.3 595.4 238.0 608.3 208.8 594.1 215.1 581.2
1 0.45 134.5 484.3 122.7 487.5 115.7 461.6 127.6 458.4
1 0.42 15.1 349.7 -1.4 352.3 -6.4 320.7 10.1 318.1
1 0.41 27.8 461.8 24.1 476.7 -10.2 468.1 -6.5 453.3
1 0.38 268.3 690.0 254.5 693.8 247.0 665.6 260.8 661.9
1 0.65 259.8 629.1 249.6 640.1 225.0 617.2 235.3 606.2
1 0.64 240.6 729.0 225.1 732.8 217.3 701.5 232.8 697.6
1 0.6 263.8 645.6 259.4 658.5 228.8 648.0 233.3 635.0
1 0.6 379.9 918.1 370.8 927.9 348.6 907.2 357.7 897.4
1 0.6 223.1 558.1 217.3 572.4 183.7 558.8 189.5 544.5
1 0.5 244.4 595.4 238.1 608.5 208.8 594.2 215.2 581.2
1 0.43 134.8 484.1 122.9 487.5 115.4 461.7 127.4 458.2
1 0.39 27.8 461.9 24.1 476.7 -10.5 468.1 -6.8 453.3
1 0.39 268.4 690.1 254.5 693.9 246.9 665.7 260.8 662.0
1 0.27 421.6 977.8 409.7 985.2 394.4 960.8 406.3 953.3
1 0.63 844.8 814.9 853.5 825.8 826.8 847.4 818.0 836.6
1 0.59 824.4 779.0 828.4 792.3 797.2 801.9 793.1 788.6
1 0.5 789.3 785.1 785.9 797.0 759.6 789.4 763.0 777.6
1 0.44 840.5 842.7 847.9 851.3 828.0 868.7 820.5 860.0
1 0.37 268.3 690.0 254.5 693.7 246.9 665.5 260.7 661.8
1 0.34 260.1 628.9 249.6 640.6 224.1 617.7 234.6 606.0
1 0.32 264.4 646.0 259.0 660.2 225.1 647.2 230.5 633.0
1 0.25 826.7 754.4 824.7 773.5 783.4 769.2 785.4 750.1
1 0.62 1302.2 771.0 1286.2 772.4 1283.2 738.0 1299.2 736.6
1 0.59 1295.5 722.1 1282.0 722.1 1282.0 689.8 1295.5 689.8
1 0.66 260.0 630.0 249.9 640.8 225.4 617.8 235.4 607.1
1 0.65 82.3 349.0 88.9 361.9 58.1 377.6 51.6 364.7
1 0.63 68.6 240.0 84.4 242.5 79.1 275.7 63.4 273.2
1 0.6 223.2 558.1 217.4 572.4 183.7 558.8 189.4 544.5
1 0.59 98.5 364.8 104.7 378.2 74.3 392.4 68.0 379.0
1 0.53 356.6 37.7 367.0 47.7 342.2 73.5 331.7 63.4
1 0.48 244.3 595.4 238.0 608.2 208.9 594.0 215.2 581.2
1 0.47 134.5 484.3 122.7 487.4 115.7 461.6 127.6 458.4
1 0.43 15.4 349.4 -1.1 352.3 -6.6 320.9 9.9 318.0
1 0.42 27.8 461.9 24.1 476.6 -10.1 468.1 -6.4 453.3
1 0.63 1301.9 771.4 1285.5 772.6 1283.1 737.8 1299.5 736.7
1 0.62 844.8 814.9 853.6 825.8 826.7 847.6 817.9 836.7
1 0.6 779.7 984.1 792.3 988.2 782.2 1019.1 769.6 1015.1
1 0.59 824.4 779.0 828.4 792.3 797.2 801.9 793.1 788.6
1 0.59 1295.4 722.6 1281.7 722.6 1281.7 689.7 1295.4 689.7
1 0.53 762.9 1033.4 776.0 1036.7 767.7 1070.1 754.6 1066.9
1 0.49 789.4 785.2 786.0 797.0 759.6 789.5 763.0 777.6
1 0.43 840.4 842.7 847.9 851.3 827.9 868.7 820.4 860.1
