1 0.65 310.0 684.0 300.2 694.5 276.2 672.1 286.0 661.6
1 0.63 314.4 700.2 309.8 713.4 279.5 702.9 284.0 689.8
1 0.61 875.7 833.3 879.1 846.2 847.8 854.6 844.3 841.7
1 0.54 273.4 612.7 267.6 627.0 233.7 613.3 239.5 599.0
1 0.42 319.8 744.9 306.4 748.5 298.6 719.4 312.0 715.9
1 0.41 295.7 650.1 288.9 664.1 259.3 649.7 266.2 635.7
1 0.3 840.3 839.4 836.6 851.4 809.7 843.2 813.3 831.1
1 0.65 875.9 833.1 879.4 846.2 847.8 854.7 844.3 841.6
1 0.62 830.3 1035.4 843.1 1039.6 832.9 1070.9 820.2 1066.7
1 0.58 896.0 867.5 904.7 879.0 876.4 900.4 867.7 888.8
1 0.38 890.5 896.4 897.9 904.9 878.5 921.8 871.1 913.3
1 0.29 840.3 839.3 836.6 851.5 809.6 843.2 813.3 831.0
1 0.6 1350.6 825.8 1334.1 826.9 1331.7 791.7 1348.2 790.5
1 0.56 1330.0 742.5 1345.2 743.0 1344.0 776.5 1328.9 776.0
1 0.59 1350.7 825.7 1334.2 826.9 1331.7 791.6 1348.2 790.4
1 0.56 1330.7 742.6 1345.5 743.3 1343.8 776.4 1329.0 775.7
1 0.64 875.7 833.2 879.1 846.2 847.9 854.6 844.4 841.6
1 0.63 830.3 1035.5 843.1 1039.6 833.0 1070.9 820.2 1066.7
1 0.63 310.0 683.9 300.1 694.5 276.2 672.2 286.1 661.6
1 0.61 314.5 700.2 309.9 713.5 279.3 703.0 283.9 689.7
1 0.54 430.8 970.9 421.8 980.5 400.5 960.6 409.4 951.0
1 0.53 273.6 612.7 267.7 627.2 233.5 613.4 239.4 598.9
1 0.43 295.6 650.0 288.8 664.0 259.3 649.7 266.2 635.7
1 0.38 319.8 744.9 306.3 748.5 298.5 719.4 312.0 715.8
1 0.31 840.3 839.3 836.6 851.5 809.6 843.2 813.3 831.0
1 0.25 473.5 1029.5 461.5 1037.0 446.3 1012.7 458.3 1005.2
1 0.67 218.9 616.7 207.2 625.9 186.9 600.0 198.6 590.8
1 0.62 116.8 294.8 132.6 297.3 127.3 330.8 111.4 328.3
1 0.62 28.3 399.7 16.4 409.3 -5.1 382.8 6.8 373.2
1 0.62 131.2 403.8 137.8 416.9 106.8 432.7 100.1 419.6
1 0.59 273.5 612.3 267.8 627.1 234.1 614.1 239.7 599.4
1 0.59 76.6 516.6 73.1 530.7 40.1 522.4 43.6 508.4
1 0.56 146.6 419.5 153.4 432.8 123.5 448.1 116.7 434.8
1 0.55 63.8 404.6 48.3 407.1 43.3 375.5 58.8 373.1
1 0.53 405.6 92.0 416.6 102.6 391.3 128.8 380.3 118.2
1 0.46 183.9 539.6 171.6 542.6 165.0 516.2 177.3 513.1
1 0.54 405.6 92.0 416.6 102.6 391.3 128.8 380.3 118.2
1 0.52 273.6 612.7 267.7 627.2 233.2 613.3 239.1 598.7
1 0.6 1350.7 825.8 1334.1 827.0 1331.6 791.7 1348.2 790.5
1 0.56 1330.7 742.6 1345.5 743.4 1343.8 776.6 1329.0 775.9
1 0.65 875.8 833.1 879.3 846.2 847.8 854.7 844.3 841.6
1 0.63 830.3 1035.5 843.1 1039.6 832.9 1070.8 820.2 1066.7
1 0.6 1350.8 825.8 1334.1 827.0 1331.6 791.5 1348.3 790.4
1 0.58 896.0 867.5 904.7 879.0 876.4 900.4 867.7 888.8
1 0.58 1344.8 776.0 1329.9 776.0 1329.9 742.9 1344.8 742.9
1 0.38 890.5 896.4 897.9 904.9 878.5 921.8 871.1 913.3
1 0.29 840.3 839.3 836.5 851.5 809.6 843.2 813.3 831.0
1 0.62 875.8 833.2 879.3 846.3 847.7 854.7 844.2 841.7
1 0.61 1350.8 825.9 1334.1 827.1 1331.6 791.6 1348.3 790.5
1 0.58 1330.7 742.6 1345.6 743.3 1343.9 776.6 1329.0 775.9
1 0.29 840.2 839.3 836.5 851.4 809.6 843.2 813.3 831.1
1 0.62 875.8 833.2 879.3 846.3 847.7 854.7 844.2 841.7
1 0.28 840.2 839.3 836.5 851.4 809.6 843.2 813.3 831.1
1 0.59 1350.6 825.8 1334.1 827.0 1331.6 791.7 1348.2 790.5
1 0.56 1330.7 742.6 1345.5 743.4 1343.7 776.6 1329.0 775.8
1 0.59 1350.8 825.8 1334.1 827.0 1331.6 791.5 1348.3 790.3
1 0.56 1330.0 742.4 1345.3 743.0 1344.1 776.4 1328.9 775.8
1 0.58 1350.7 825.8 1334.1 826.9 1331.6 791.5 1348.3 790.4
1 0.56 1330.0 742.5 1345.3 743.0 1344.1 776.3 1328.9 775.8
1 0.66 218.8 616.7 207.1 625.9 186.9 600.0 198.6 590.9
1 0.62 310.0 683.9 300.1 694.5 276.2 672.2 286.1 661.6
1 0.6 314.5 700.2 309.9 713.5 279.4 703.0 284.0 689.7
1 0.59 273.5 612.3 267.9 627.0 234.2 614.1 239.8 599.4
1 0.58 77.0 516.3 73.4 530.9 39.9 522.6 43.6 508.0
1 0.53 430.8 970.9 421.8 980.6 400.4 960.6 409.4 951.0
1 0.47 183.8 539.6 171.7 542.6 165.1 516.3 177.2 513.3
1 0.39 295.6 650.0 288.8 664.0 259.4 649.6 266.2 635.7
1 0.33 319.8 744.8 306.3 748.4 298.5 719.3 312.0 715.7
1 0.27 473.5 1029.6 461.5 1037.0 446.3 1012.7 458.3 1005.2
1 0.66 218.9 616.7 207.1 625.9 186.9 600.0 198.6 590.8
1 0.65 310.0 684.0 300.2 694.5 276.2 672.1 286.0 661.6
1 0.63 28.4 399.5 16.9 409.1 -5.0 383.1 6.5 373.4
1 0.62 116.8 294.8 132.6 297.3 127.3 330.8 111.5 328.3
1 0.62 314.4 700.2 309.9 713.4 279.5 702.9 284.0 689.8
1 0.61 131.2 403.8 137.8 416.9 106.8 432.7 100.1 419.7
1 0.59 273.4 612.3 267.8 627.0 234.1 614.1 239.8 599.4
1 0.59 76.6 516.6 73.1 530.7 40.1 522.5 43.6 508.4
1 0.56 146.6 419.5 153.4 432.9 123.5 448.1 116.7 434.7
1 0.55 63.5 404.8 48.7 407.1 43.7 375.6 58.5 373.2
1 0.45 183.8 539.6 171.6 542.6 165.0 516.2 177.3 513.1
1 0.4 295.7 650.1 288.9 664.1 259.4 649.7 266.2 635.7
1 0.38 319.8 744.9 306.4 748.5 298.6 719.4 312.0 715.8
