1 0.28 1434.3 307.9 1420.6 310.3 1415.9 283.9 1429.6 281.5
1 0.37 868.7 63.9 854.8 66.6 849.4 38.9 863.3 36.2
1 0.54 902.2 606.7 887.2 608.6 883.2 575.9 898.1 574.1
1 0.61 855.3 156.1 841.3 157.6 838.1 127.2 852.2 125.8
1 0.62 1310.8 243.8 1321.3 253.6 1299.8 276.6 1289.3 266.9
1 0.64 830.1 558.4 815.4 559.7 812.5 526.7 827.2 525.5
1 0.53 843.2 983.2 828.1 984.5 825.2 951.4 840.3 950.1
1 0.61 836.6 876.6 821.0 879.7 813.7 842.4 829.3 839.4
1 0.64 856.5 809.6 841.0 812.1 835.5 777.0 850.9 774.6
1 0.28 1075.2 -1.1 1075.7 12.1 1046.0 13.2 1045.5 -0.0
1 0.36 275.2 266.8 276.6 287.3 243.9 289.6 242.5 269.1
1 0.26 864.3 32.9 847.6 34.3 844.8 2.5 861.5 1.0
1 0.28 828.8 278.4 813.6 279.7 810.4 243.9 825.6 242.5
