1 0.51 1138.5 985.3 1139.7 1001.8 1105.0 1004.3 1103.9 987.7
1 0.64 940.2 1037.8 922.2 1041.3 914.4 1001.5 932.5 998.0
1 0.66 797.7 849.9 781.8 854.7 771.3 820.5 787.2 815.6
1 0.46 834.3 625.1 820.1 626.3 817.4 595.2 831.6 594.0
1 0.57 1081.2 923.9 1081.8 941.3 1041.1 942.8 1040.5 925.3
1 0.59 962.6 1030.4 944.1 1033.7 937.3 995.2 955.8 991.9
1 0.62 754.8 713.9 739.1 715.3 736.0 680.5 751.8 679.1
1 0.62 778.8 1045.0 762.8 1047.0 758.2 1009.4 774.2 1007.5
1 0.59 1145.2 1028.2 1145.2 1043.7 1109.9 1043.7 1109.9 1028.2
1 0.6 1145.6 1051.0 1145.6 1065.8 1112.3 1065.8 1112.3 1051.0
1 0.62 1146.7 1004.4 1148.4 1020.6 1112.2 1024.4 1110.5 1008.2
