1 0.31 790.6 670.8 807.4 671.4 806.0 710.9 789.2 710.3
1 0.6 862.9 533.9 848.3 536.8 842.3 505.9 856.9 503.1
1 0.55 1098.5 476.1 1098.5 488.5 1066.2 488.5 1066.2 476.1
1 0.56 1113.0 566.4 1113.0 580.1 1079.6 580.1 1079.6 566.4
1 0.6 1109.8 549.2 1109.8 562.9 1077.9 562.9 1077.9 549.2
1 0.62 1097.9 509.5 1099.2 523.5 1069.9 526.1 1068.7 512.0
1 0.63 1099.6 457.2 1100.3 471.2 1067.2 472.9 1066.5 458.9
1 0.5 1451.1 901.4 1456.4 917.7 1420.8 929.2 1415.6 913.0
1 0.51 1105.4 530.8 1105.4 544.1 1073.0 544.1 1073.0 530.8
1 0.55 1091.7 441.2 1092.8 453.6 1060.9 456.4 1059.8 444.0
1 0.55 1097.2 492.4 1097.2 505.4 1067.4 505.4 1067.4 492.4
1 0.55 1517.6 924.6 1502.6 928.4 1494.4 895.3 1509.4 891.6
1 0.63 1375.4 846.5 1387.7 856.8 1364.5 884.4 1352.2 874.1
1 0.39 852.0 675.6 834.2 677.2 831.2 642.7 849.0 641.1
1 0.42 863.6 572.3 844.9 573.9 841.8 539.2 860.5 537.5
1 0.63 782.0 646.2 766.3 647.3 763.9 613.5 779.7 612.4
1 0.62 854.6 732.3 839.3 734.7 833.7 699.7 849.1 697.2
1 0.6 804.6 930.7 788.3 932.1 785.0 895.0 801.3 893.5
1 0.58 869.2 611.5 853.3 614.3 847.4 580.9 863.3 578.1
1 0.56 933.6 478.4 918.1 480.3 914.3 448.8 929.7 446.9
1 0.4 1042.7 391.7 1044.0 406.7 1006.7 409.9 1005.4 395.0
1 0.68 914.6 482.4 899.1 485.1 893.4 452.7 908.9 449.9
1 0.34 749.2 477.5 729.5 479.2 725.0 428.2 744.7 426.5
1 0.61 810.9 414.6 797.1 418.3 789.1 388.4 802.9 384.7
1 0.57 736.7 265.9 722.7 268.6 717.2 240.2 731.2 237.4
1 0.45 191.6 874.4 191.9 894.5 155.3 895.2 154.9 875.0
