1 0.3 1114.6 238.9 1130.8 245.7 1117.6 276.6 1101.5 269.8
1 0.3 783.9 75.6 781.6 92.0 750.8 87.6 753.1 71.3
1 0.46 1004.9 102.5 1013.1 114.2 988.9 131.2 980.7 119.5
1 0.44 1130.2 370.6 1144.7 374.8 1135.3 407.5 1120.8 403.3
1 0.35 800.0 72.8 810.3 83.8 784.3 108.0 774.1 97.0
1 0.33 1025.2 174.0 1023.3 185.8 993.1 181.0 994.9 169.2
1 0.61 935.6 628.9 933.7 644.2 899.3 640.0 901.2 624.7
1 0.65 1010.0 348.3 1018.3 360.3 990.3 379.9 982.0 367.9
1 0.55 723.3 136.7 720.7 150.0 690.1 144.1 692.7 130.7
1 0.47 1002.9 418.7 1007.7 433.3 975.7 443.7 970.9 429.1
1 0.52 578.8 47.1 578.0 61.8 551.4 60.4 552.2 45.7
1 0.5 618.7 52.7 617.5 66.3 586.6 63.6 587.8 50.0
1 0.5 355.3 91.4 363.6 101.6 340.2 120.6 331.9 110.4
1 0.48 719.2 118.9 715.6 133.2 681.7 124.7 685.3 110.4
1 0.45 653.5 49.3 667.2 56.2 653.0 83.9 639.4 77.0
1 0.65 334.0 93.3 329.8 106.4 300.4 96.8 304.6 83.8
1 0.46 927.6 124.3 912.5 127.2 906.9 98.2 921.9 95.2
1 0.48 991.0 438.1 1000.0 449.9 972.0 471.0 963.0 459.1
1 0.4 590.7 117.5 588.7 132.0 553.9 127.1 555.9 112.6
1 0.32 788.9 142.2 788.1 157.3 755.8 155.6 756.5 140.5
1 0.49 999.1 378.0 1013.8 383.6 1000.6 418.0 985.9 412.4
1 0.49 1021.7 555.1 1037.0 560.9 1020.8 603.2 1005.5 597.3
1 0.56 1026.6 476.9 1041.9 480.7 1032.8 517.2 1017.5 513.4
1 0.59 1038.2 293.6 1053.7 298.1 1043.1 335.2 1027.5 330.8
1 0.61 1101.9 372.0 1115.9 375.0 1108.9 407.6 1095.0 404.6
1 0.61 939.5 586.6 937.3 600.5 905.1 595.4 907.3 581.5
1 0.61 941.0 604.4 939.0 620.5 903.5 616.2 905.4 600.1
1 0.54 983.5 95.4 989.2 108.2 960.8 120.8 955.1 108.0
1 0.45 433.2 99.6 431.3 113.4 401.0 109.2 403.0 95.3
1 0.41 549.9 42.2 547.9 56.1 519.1 52.1 521.0 38.2
1 0.35 645.0 58.2 642.4 71.9 612.8 66.1 615.4 52.5
1 0.31 744.0 64.2 749.0 79.3 716.3 89.9 711.4 74.8
1 0.32 423.7 30.4 421.6 45.5 390.2 41.1 392.3 26.0
1 0.65 275.0 13.8 272.3 27.9 242.0 22.1 244.8 7.9
1 0.31 1779.3 870.0 1777.6 880.9 1751.9 876.8 1753.6 865.9
1 0.6 938.7 671.8 935.7 687.5 901.5 680.8 904.6 665.1
1 0.6 940.4 650.4 939.1 665.3 905.1 662.3 906.4 647.4
1 0.52 239.0 9.3 237.1 22.7 208.3 18.6 210.2 5.2
