1 0.25 981.4 502.7 986.1 517.2 953.8 527.7 949.1 513.2
1 0.61 1079.7 449.5 1094.4 452.4 1087.8 486.3 1073.1 483.4
1 0.42 370.7 121.6 368.6 137.0 336.8 132.6 338.9 117.2
1 0.42 741.1 152.8 740.2 168.9 708.6 167.3 709.5 151.1
1 0.45 499.9 128.2 499.1 142.6 468.5 141.0 469.3 126.6
1 0.49 606.8 131.9 620.2 138.1 607.0 166.5 593.6 160.2
1 0.51 544.8 207.0 542.6 220.8 509.8 215.6 512.0 201.8
1 0.51 571.5 136.5 570.7 150.6 538.8 148.9 539.6 134.8
1 0.53 302.2 187.4 310.9 197.5 287.7 217.8 278.9 207.7
1 0.54 676.6 201.2 674.3 215.9 638.8 210.3 641.1 195.5
1 0.55 530.0 132.3 529.7 147.4 502.2 146.9 502.4 131.8
1 0.59 381.8 191.7 381.0 205.8 349.9 204.1 350.6 190.0
1 0.65 279.8 190.2 276.4 203.7 245.5 195.9 248.8 182.5
1 0.33 992.4 246.6 991.3 258.6 960.2 255.8 961.2 243.9
1 0.36 1109.0 446.6 1123.6 450.2 1114.9 485.1 1100.3 481.5
1 0.48 973.8 460.3 990.0 465.0 979.4 502.0 963.2 497.4
1 0.48 1005.5 643.3 1021.3 648.5 1007.7 690.1 991.9 685.0
1 0.41 757.0 150.4 768.2 161.2 742.4 187.8 731.2 177.0
1 0.41 750.5 221.7 749.9 237.9 715.8 236.7 716.4 220.5
1 0.35 680.3 219.9 678.0 234.6 647.9 229.8 650.2 215.2
1 0.58 1007.8 561.0 1023.0 564.2 1015.1 601.6 999.8 598.4
1 0.5 983.8 426.4 994.2 438.9 966.7 461.9 956.3 449.5
1 0.52 969.8 523.2 978.8 535.2 950.3 556.7 941.3 544.7
1 0.59 926.6 768.1 924.0 784.6 888.1 778.9 890.7 762.5
1 0.31 597.8 142.0 595.5 156.4 564.2 151.4 566.5 137.0
1 0.61 925.8 698.6 924.1 715.2 888.1 711.4 889.8 694.8
1 0.62 922.6 679.3 921.3 693.6 888.3 690.7 889.6 676.4
1 0.62 927.3 745.0 927.1 760.8 891.5 760.2 891.8 744.4
1 0.63 920.8 722.7 920.2 739.5 883.7 738.3 884.3 721.4
1 0.31 337.5 197.7 337.5 213.5 312.4 213.5 312.4 197.7
1 0.56 1010.1 370.3 1026.1 373.7 1018.2 411.1 1002.1 407.7
1 0.54 946.0 167.3 952.0 180.2 923.4 193.5 917.4 180.6
1 0.43 890.7 200.1 874.9 204.0 867.1 172.9 883.0 169.0
1 0.5 968.6 174.0 977.1 185.3 952.8 203.6 944.3 192.3
1 0.59 178.5 106.0 177.3 119.7 147.1 117.0 148.3 103.3
1 0.68 215.4 109.6 213.2 123.7 182.3 118.8 184.6 104.7
