1 0.25 924.9 436.4 930.9 446.9 906.4 461.0 900.4 450.6
1 0.36 1131.6 754.5 1147.5 757.9 1140.0 793.4 1124.1 790.0
1 0.56 992.9 817.4 1000.8 832.3 967.8 849.9 959.9 834.9
1 0.54 958.1 437.4 964.3 450.8 933.6 465.1 927.4 451.7
1 0.52 983.9 841.7 994.1 853.9 964.1 879.1 953.9 866.9
1 0.51 981.4 444.1 991.0 456.3 965.5 476.2 956.0 463.9
1 0.47 1022.5 979.4 1039.4 984.2 1026.3 1030.0 1009.4 1025.1
1 0.42 987.9 770.2 1004.6 775.0 992.6 817.1 975.8 812.3
1 0.41 1007.5 525.4 1006.4 541.6 970.5 539.1 971.6 522.9
1 0.4 930.7 1070.0 930.1 1085.6 894.0 1084.4 894.6 1068.7
1 0.39 899.0 471.2 882.1 475.8 873.1 442.4 890.0 437.8
1 0.28 961.6 925.2 970.0 939.7 938.6 957.8 930.2 943.3
1 0.59 1023.6 887.9 1039.6 891.0 1032.2 929.4 1016.2 926.3
1 0.61 999.3 733.5 1009.6 745.8 980.2 770.4 969.9 758.1
1 0.63 936.2 1042.9 934.3 1060.7 895.9 1056.6 897.8 1038.8
1 0.57 1026.1 667.8 1043.6 671.2 1035.4 713.3 1017.9 709.9
1 0.61 933.5 1019.5 932.9 1036.5 895.0 1035.2 895.6 1018.1
1 0.31 694.9 410.3 701.9 425.9 667.4 441.3 660.4 425.6
1 0.66 140.7 363.8 138.5 378.0 107.5 373.1 109.7 358.9
1 0.48 596.8 395.0 611.9 401.4 597.4 435.6 582.3 429.2
1 0.49 344.3 381.0 343.7 397.3 309.5 396.1 310.0 379.8
1 0.51 558.8 401.2 557.4 416.3 524.0 413.4 525.4 398.3
1 0.53 178.5 451.8 175.5 465.0 146.5 458.3 149.6 445.2
1 0.54 483.2 390.9 482.5 404.8 451.2 403.1 451.9 389.2
1 0.54 530.9 479.3 529.0 494.8 493.7 490.4 495.6 475.0
1 0.58 516.0 397.0 515.2 412.3 485.3 410.7 486.1 395.5
1 0.62 248.9 459.1 244.8 473.4 212.5 464.1 216.6 449.9
1 0.62 356.7 462.1 356.4 476.3 322.5 475.7 322.8 461.5
1 0.67 180.6 367.3 177.8 381.7 145.8 375.5 148.6 361.1
1 0.61 1100.8 758.6 1116.1 761.5 1109.0 798.0 1093.7 795.1
1 0.26 959.1 518.6 958.2 534.5 918.1 532.4 918.9 516.5
1 0.4 741.3 422.8 739.3 436.9 707.7 432.4 709.7 418.4
1 0.53 757.4 416.8 769.0 428.1 741.1 457.0 729.5 445.8
1 0.43 587.6 408.3 584.8 423.0 553.7 416.9 556.6 402.3
1 0.42 273.2 454.8 282.7 465.3 257.4 488.1 247.9 477.6
1 0.43 750.7 498.5 748.0 516.1 712.7 510.6 715.5 493.0
1 0.53 670.9 476.2 668.0 491.3 631.8 484.2 634.7 469.2
1 0.53 676.6 496.4 674.3 510.9 641.5 505.7 643.8 491.2
