1 0.28 840.0 534.2 828.3 539.7 817.1 515.8 828.8 510.3
1 0.61 809.9 477.7 795.7 481.2 787.7 449.0 801.9 445.5
1 0.43 561.4 105.5 564.5 117.0 533.7 125.3 530.6 113.8
1 0.48 617.9 30.3 629.6 34.8 621.9 55.1 610.1 50.6
1 0.51 625.3 1.4 637.5 3.2 633.8 29.7 621.5 28.0
1 0.54 586.5 79.3 597.2 87.6 578.9 111.0 568.3 102.7
1 0.58 607.3 55.5 618.2 63.4 600.8 87.3 590.0 79.4
1 0.59 57.9 65.2 43.7 68.0 38.0 38.3 52.1 35.5
1 0.61 71.9 140.2 58.1 142.9 52.4 113.8 66.3 111.2
1 0.29 700.2 27.5 684.8 28.3 683.0 -6.5 698.4 -7.4
1 0.62 838.8 328.7 825.6 334.0 813.8 304.7 827.0 299.4
1 0.37 66.6 104.4 52.8 108.1 46.9 86.0 60.7 82.2
1 0.55 862.3 571.7 848.8 579.1 832.4 549.5 845.9 542.0
1 0.53 824.4 495.3 821.9 508.4 789.9 502.2 792.5 489.1
1 0.63 718.7 53.1 708.5 61.0 691.2 38.8 701.3 30.9
1 0.39 783.3 413.8 770.5 419.8 759.1 395.4 771.9 389.4
1 0.39 718.2 261.3 704.0 266.7 693.4 239.2 707.6 233.8
1 0.41 150.9 213.0 155.2 225.6 123.6 236.5 119.3 223.9
1 0.36 51.2 30.7 39.3 35.5 30.1 12.7 42.0 7.9
1 0.29 869.9 396.8 856.6 404.1 841.2 376.4 854.5 369.0
1 0.56 1023.0 709.1 1007.9 716.5 992.7 685.5 1007.9 678.1
1 0.6 1003.4 669.7 989.1 677.0 974.6 648.4 988.9 641.1
1 0.58 1040.1 955.1 1022.9 961.0 1010.0 923.5 1027.2 917.6
1 0.58 991.8 634.2 979.2 641.2 963.4 612.6 976.0 605.6
1 0.57 1050.7 742.8 1053.8 758.5 1016.5 765.7 1013.5 750.0
1 0.57 926.2 509.8 911.6 516.6 897.8 487.0 912.4 480.1
1 0.56 936.7 736.0 921.5 743.1 906.1 710.1 921.3 703.0
1 0.62 1000.2 881.9 984.7 887.8 971.9 854.5 987.4 848.5
1 0.52 1121.2 907.3 1118.8 924.4 1077.0 918.5 1079.4 901.4
1 0.63 1108.8 896.0 1092.6 903.9 1075.3 868.4 1091.5 860.5
1 0.5 981.9 842.4 965.6 848.6 952.9 815.6 969.2 809.3
1 0.49 1167.1 1042.0 1180.6 1053.8 1155.5 1082.6 1142.0 1070.9
1 0.47 956.0 784.0 941.6 790.7 928.6 762.8 943.0 756.1
1 0.46 1092.3 838.9 1083.9 854.8 1047.8 835.6 1056.3 819.7
1 0.44 1014.6 864.1 998.9 870.1 984.6 832.8 1000.3 826.8
1 0.38 919.6 700.8 904.8 709.0 887.4 677.6 902.2 669.4
1 0.34 1073.4 1048.0 1055.4 1051.2 1048.5 1012.1 1066.5 1008.9
1 0.54 1033.1 741.3 1017.5 746.7 1007.3 717.0 1022.9 711.6
1 0.32 823.0 290.2 809.1 296.7 796.2 269.0 810.1 262.5
1 0.26 921.8 466.7 921.5 481.2 884.4 480.5 884.6 466.1
1 0.66 855.8 362.0 842.5 367.4 830.7 338.1 844.0 332.8
1 0.51 1331.5 9.5 1333.8 21.3 1301.8 27.5 1299.5 15.7
1 0.25 1047.5 216.7 1032.1 219.7 1026.4 190.5 1041.8 187.6
