1 0.25 1025.0 305.2 1037.5 306.3 1035.4 330.8 1022.9 329.7
1 0.63 994.5 701.7 979.2 704.4 973.2 670.1 988.4 667.4
1 0.47 966.7 518.2 953.3 519.6 950.3 490.7 963.7 489.3
1 0.44 981.2 614.7 973.9 625.6 947.2 607.6 954.5 596.7
1 0.43 1044.6 405.0 1029.9 407.6 1024.5 377.0 1039.2 374.4
1 0.41 1038.5 367.3 1024.9 368.3 1022.9 338.5 1036.5 337.6
1 0.37 984.6 658.4 971.9 660.2 967.9 631.5 980.6 629.8
1 0.35 1110.6 894.0 1091.8 896.9 1085.8 859.3 1104.7 856.4
1 0.32 1085.7 617.8 1080.8 629.6 1050.3 616.6 1055.3 604.9
1 0.64 1053.8 488.5 1038.7 489.3 1037.0 456.7 1052.1 456.0
1 0.47 1507.8 252.6 1505.8 266.5 1470.9 261.6 1472.8 247.7
1 0.63 1102.8 807.9 1087.7 810.8 1080.9 776.1 1096.1 773.2
1 0.61 1102.9 846.9 1086.3 849.5 1080.8 814.6 1097.4 812.0
1 0.61 960.0 556.4 975.2 557.7 972.2 591.1 957.0 589.8
1 0.54 950.7 344.7 936.7 345.6 934.6 314.7 948.5 313.7
1 0.54 1010.2 851.2 993.6 854.2 987.1 817.4 1003.7 814.4
1 0.53 1048.3 449.0 1033.5 450.3 1030.6 417.8 1045.4 416.5
1 0.62 1076.8 659.7 1060.7 662.2 1055.3 628.3 1071.4 625.8
1 0.25 1056.1 527.5 1041.8 529.8 1036.8 498.3 1051.1 496.0
1 0.49 1126.6 936.2 1124.8 953.5 1084.1 949.3 1085.9 931.9
1 0.48 1027.7 1015.6 1011.1 1017.1 1007.7 979.2 1024.4 977.7
1 0.46 1020.0 948.1 1003.8 950.1 999.6 916.5 1015.9 914.5
1 0.56 1001.7 71.3 1014.8 75.1 1006.2 105.1 993.2 101.3
1 0.49 1052.3 1047.2 1034.9 1048.1 1032.7 1005.3 1050.1 1004.4
1 0.49 1109.4 929.7 1092.6 930.6 1090.8 896.6 1107.6 895.8
1 0.53 1032.3 1061.3 1016.0 1062.4 1013.4 1025.6 1029.7 1024.5
1 0.55 1138.3 1051.1 1124.5 1063.5 1095.5 1031.2 1109.2 1018.8
1 0.56 1016.0 892.5 998.8 894.6 994.1 856.7 1011.3 854.5
1 0.64 882.2 125.8 889.9 136.7 864.5 154.5 856.8 143.5
1 0.58 955.7 28.5 969.1 33.9 957.7 62.0 944.4 56.6
1 0.58 850.0 143.6 850.0 156.2 817.9 156.2 817.9 143.6
1 0.64 1017.9 135.9 1005.3 140.7 995.0 114.1 1007.7 109.2
1 0.32 943.4 58.0 954.6 63.8 942.1 88.2 930.9 82.5
1 0.51 928.6 84.2 938.4 92.4 922.9 111.0 913.1 102.7
1 0.62 908.6 107.5 917.2 118.1 893.8 137.1 885.2 126.5
1 0.6 373.8 10.3 387.6 12.3 383.4 42.2 369.6 40.3
1 0.46 433.6 134.2 434.1 147.9 401.1 149.0 400.6 135.4
