1 0.26 1145.7 91.8 1157.5 95.6 1147.8 125.2 1136.1 121.4
1 0.27 1005.8 620.2 1019.5 626.5 1006.3 654.8 992.7 648.4
1 0.61 1034.8 363.6 1046.5 368.0 1036.4 394.2 1024.8 389.7
1 0.6 1006.5 436.2 1019.3 441.9 1005.6 472.6 992.8 466.9
1 0.6 1098.0 331.2 1110.2 335.9 1099.0 365.0 1086.9 360.4
1 0.59 1021.9 577.8 1036.3 583.9 1022.2 617.0 1007.8 610.9
1 0.62 1050.9 500.8 1065.3 506.3 1053.4 537.2 1039.0 531.7
1 0.58 1094.6 393.5 1107.7 399.4 1095.3 427.4 1082.1 421.6
1 0.57 1079.3 254.3 1091.9 259.2 1081.3 286.9 1068.7 282.1
1 0.56 991.7 657.2 1004.6 662.1 993.1 691.9 980.2 687.0
1 0.56 1105.0 364.9 1118.1 369.9 1107.8 396.9 1094.6 391.9
1 0.55 970.4 522.7 983.6 527.8 971.7 558.9 958.5 553.8
1 0.55 972.0 705.6 987.4 709.4 978.7 744.6 963.2 740.7
1 0.58 1147.5 256.2 1160.8 261.3 1149.6 290.5 1136.3 285.4
1 0.63 993.9 783.7 979.3 789.9 965.8 758.0 980.4 751.8
1 0.6 1020.5 399.8 1032.1 404.2 1022.1 430.3 1010.5 425.9
1 0.6 717.8 489.0 719.2 504.0 684.2 507.1 682.9 492.0
1 0.59 1107.4 186.7 1118.8 191.1 1108.6 217.7 1097.1 213.3
1 0.61 990.1 473.3 1003.2 479.2 989.6 509.6 976.5 503.8
1 0.52 1092.2 220.8 1104.1 225.6 1093.0 253.1 1081.2 248.3
1 0.5 951.6 565.0 965.1 570.2 953.2 601.3 939.7 596.1
1 0.49 888.2 287.3 902.5 294.6 884.8 329.5 870.4 322.2
1 0.46 722.4 626.2 723.6 639.6 692.8 642.3 691.7 628.9
1 0.28 1036.6 546.5 1048.3 551.0 1038.1 577.5 1026.4 573.0
1 0.45 902.7 690.4 915.2 695.5 903.3 724.9 890.8 719.8
1 0.37 1036.8 1088.2 1020.1 1090.8 1014.2 1053.6 1030.9 1051.0
1 0.29 1030.0 1041.9 1015.4 1042.9 1013.6 1016.9 1028.2 1015.9
1 0.62 888.2 723.6 899.8 730.9 883.6 756.8 872.0 749.6
1 0.62 915.6 649.2 931.0 654.2 919.6 689.5 904.1 684.4
1 0.6 837.9 783.8 847.8 795.6 819.6 819.3 809.6 807.5
1 0.58 976.0 853.1 976.0 869.4 938.5 869.4 938.5 853.1
1 0.64 867.6 757.5 878.1 768.8 851.2 793.9 840.7 782.6
1 0.58 802.2 810.0 802.7 825.3 765.4 826.6 764.9 811.3
1 0.54 932.2 1068.4 915.5 1070.5 910.9 1033.1 927.6 1031.1
1 0.59 243.7 625.1 258.0 627.2 253.4 659.8 239.1 657.8
1 0.53 308.5 389.9 291.0 391.2 288.4 354.6 305.9 353.4
1 0.53 261.3 555.3 247.1 556.6 244.5 527.0 258.7 525.7
1 0.51 245.1 562.9 262.3 564.4 258.9 604.0 241.6 602.5
1 0.49 237.1 667.1 254.5 668.6 251.2 706.2 233.8 704.7
1 0.47 315.1 829.6 316.4 844.8 281.0 847.9 279.7 832.7
1 0.32 228.0 420.7 213.0 421.5 211.5 393.8 226.5 393.0
1 0.36 109.0 560.5 111.6 571.5 84.6 577.7 82.1 566.7
1 0.37 198.9 395.0 211.6 395.9 209.8 422.0 197.1 421.1
1 0.42 181.9 638.5 195.9 639.7 193.3 669.0 179.3 667.8
1 0.45 265.0 415.6 250.8 415.6 250.8 386.4 265.0 386.4
1 0.51 103.4 510.6 105.0 525.5 70.2 529.1 68.7 514.2
1 0.57 150.0 515.8 151.0 530.1 115.7 532.6 114.7 518.3
1 0.59 197.1 626.8 181.7 627.7 180.1 595.8 195.4 595.0
1 0.6 162.5 556.8 163.8 569.4 132.5 572.7 131.2 560.1
1 0.6 232.6 392.6 247.6 393.9 244.8 424.9 229.8 423.6
1 0.59 1171.8 189.0 1184.0 193.6 1173.9 219.8 1161.7 215.2
1 0.58 1178.4 7.3 1190.0 11.5 1180.2 38.4 1168.6 34.2
1 0.48 1168.3 33.8 1180.1 39.4 1167.4 66.5 1155.6 61.0
1 0.39 1149.7 205.3 1160.3 209.4 1151.8 231.6 1141.2 227.5
1 0.27 1246.3 -1.3 1257.2 3.8 1244.7 30.8 1233.8 25.7
1 0.62 1160.3 220.7 1172.9 225.5 1161.9 253.9 1149.4 249.1
1 0.63 1209.5 96.8 1221.9 101.3 1211.8 129.1 1199.4 124.6
1 0.25 57.4 849.0 58.9 863.9 22.9 867.7 21.4 852.8
