1 0.58 16.2 286.3 31.8 288.4 27.4 319.5 11.9 317.4
1 0.48 964.6 707.1 951.9 714.8 934.7 686.1 947.4 678.5
1 0.34 856.8 358.7 843.7 360.1 841.0 333.9 854.0 332.5
1 0.51 850.7 276.7 837.3 279.3 831.5 249.3 844.9 246.7
1 0.66 843.9 46.3 831.7 48.2 827.4 21.0 839.6 19.1
1 0.39 908.9 68.1 896.2 69.2 894.0 44.5 906.7 43.4
1 0.43 958.8 592.4 944.5 595.2 938.6 564.6 952.8 561.8
1 0.6 959.5 510.5 946.1 512.4 941.7 480.8 955.1 479.0
1 0.67 896.7 466.5 882.7 468.7 877.6 436.6 891.6 434.4
1 0.62 800.2 788.0 783.2 790.0 778.5 751.6 795.5 749.5
1 0.58 1009.4 723.1 994.1 723.9 992.3 689.7 1007.6 688.9
