1 0.36 -3.3 483.8 15.6 485.4 12.6 520.4 -6.4 518.7
1 0.58 959.9 445.3 946.8 447.2 942.5 416.3 955.6 414.4
1 0.43 959.2 523.9 945.3 526.6 939.5 497.1 953.5 494.3
1 0.53 802.1 712.7 785.1 714.8 780.5 677.4 797.5 675.3
1 0.57 1009.3 650.3 994.3 651.6 991.4 618.7 1006.4 617.3
1 0.6 915.7 518.1 900.5 520.8 894.7 488.1 909.9 485.4
1 0.6 1043.1 730.4 1033.1 741.5 1005.3 716.5 1015.4 705.4
1 0.26 858.7 298.1 845.6 299.8 842.4 274.2 855.5 272.5
1 0.57 852.4 219.0 839.7 221.5 834.1 192.8 846.8 190.4
1 0.67 866.9 135.8 854.1 137.8 849.6 109.7 862.5 107.7
