1 0.37 853.9 479.9 840.8 481.3 838.0 454.4 851.1 453.0
1 0.64 795.7 935.4 778.4 937.5 773.6 898.7 790.9 896.6
1 0.67 879.5 465.3 865.4 466.6 862.7 434.8 876.8 433.5
1 0.51 959.7 728.9 944.2 731.7 938.5 699.1 954.0 696.4
1 0.56 1011.9 866.3 996.4 867.6 993.3 832.5 1008.8 831.1
1 0.61 919.7 721.6 905.0 726.4 894.2 693.3 908.9 688.5
1 0.64 960.9 642.3 947.6 644.7 941.8 612.1 955.1 609.8
1 0.57 847.8 393.9 834.0 396.6 827.9 365.3 841.7 362.7
1 0.4 906.2 172.2 894.3 173.4 891.8 149.7 903.7 148.5
1 0.53 19.9 159.7 35.0 161.8 30.8 191.4 15.7 189.3
