1 0.26 869.1 891.4 851.5 892.9 848.2 855.6 865.8 854.1
1 0.59 1118.8 781.9 1118.6 796.5 1084.5 795.9 1084.7 781.3
1 0.57 1125.7 842.9 1125.7 858.1 1092.1 858.1 1092.1 842.9
1 0.52 1134.0 885.2 1134.0 900.3 1098.8 900.3 1098.8 885.2
1 0.5 1057.3 686.8 1057.6 702.3 1019.7 703.0 1019.4 687.5
1 0.48 1112.3 741.9 1113.8 756.4 1081.4 759.8 1079.9 745.3
1 0.68 762.7 683.0 747.3 684.9 743.2 650.9 758.6 649.0
1 0.66 798.5 658.2 783.3 662.9 773.5 630.8 788.8 626.2
1 0.6 751.3 841.2 735.1 843.7 729.6 809.1 745.8 806.5
1 0.54 867.8 848.7 852.1 851.5 846.1 817.5 861.8 814.7
1 0.43 858.1 1008.8 839.6 1011.7 833.4 972.4 851.9 969.5
1 0.45 804.5 955.4 788.0 956.5 785.0 913.3 801.5 912.1
1 0.5 858.6 1077.3 841.5 1079.1 837.3 1038.7 854.3 1036.9
1 0.54 943.5 783.7 926.8 786.4 921.3 751.7 938.0 749.0
1 0.56 874.1 935.5 857.6 938.1 851.8 901.8 868.4 899.1
1 0.6 1119.1 760.9 1120.3 775.3 1086.4 778.2 1085.1 763.9
1 0.6 1131.3 865.1 1132.1 879.2 1099.0 881.0 1098.2 866.9
1 0.6 1117.8 801.8 1117.8 815.5 1086.6 815.5 1086.6 801.8
1 0.64 1119.7 820.9 1121.0 835.5 1089.1 838.3 1087.8 823.6
1 0.65 923.0 789.8 906.4 792.7 900.0 756.3 916.6 753.4
1 0.59 784.4 995.0 768.1 996.4 764.9 959.6 781.2 958.1
1 0.26 761.6 1059.4 740.8 1060.9 736.6 1000.6 757.4 999.2
