1 0.62 846.8 804.0 830.3 804.9 828.4 768.5 844.9 767.6
1 0.41 1530.5 215.4 1515.9 218.0 1511.0 190.6 1525.7 188.1
1 0.54 1600.5 200.2 1588.6 202.7 1582.9 175.9 1594.8 173.3
1 0.54 1585.3 203.8 1571.7 206.5 1566.1 177.3 1579.7 174.7
1 0.6 1564.7 204.7 1551.9 207.9 1544.8 179.7 1557.7 176.5
1 0.6 1548.5 211.5 1535.7 214.7 1528.5 185.7 1541.3 182.5
1 0.29 1746.9 207.2 1739.7 220.2 1711.1 204.3 1718.3 191.3
1 0.39 1849.8 282.2 1851.3 296.3 1817.7 299.9 1816.3 285.8
1 0.41 1657.9 253.3 1657.1 269.0 1617.6 266.9 1618.4 251.2
1 0.34 744.6 -5.0 763.4 -4.7 762.5 46.0 743.7 45.7
1 0.47 1803.5 202.8 1802.7 216.7 1769.5 214.9 1770.3 201.0
1 0.56 1728.3 243.4 1728.8 258.1 1692.3 259.4 1691.8 244.7
1 0.6 1833.7 204.5 1827.1 216.2 1798.6 200.4 1805.1 188.6
1 0.52 1896.5 215.5 1897.1 230.6 1859.1 231.9 1858.6 216.9
