1 0.34 997.3 323.7 996.1 337.2 963.6 334.4 964.8 320.8
1 0.48 567.4 210.9 566.7 224.9 534.2 223.2 535.0 209.2
1 0.53 674.7 278.8 671.9 293.2 636.8 286.4 639.6 272.0
1 0.53 540.5 283.2 538.3 297.3 505.5 292.1 507.8 278.0
1 0.52 892.9 273.5 878.0 277.5 870.1 248.2 885.0 244.2
1 0.62 1085.7 536.4 1100.1 539.2 1093.5 573.0 1079.1 570.2
1 0.52 949.8 243.0 955.7 256.1 925.7 269.5 919.8 256.3
1 0.51 971.6 249.4 980.3 261.0 956.6 278.9 947.9 267.3
1 0.48 756.9 224.7 768.3 235.7 742.4 262.5 731.0 251.5
1 0.48 603.6 204.7 617.8 210.8 604.5 242.0 590.3 235.9
1 0.43 751.3 299.0 749.5 315.9 715.0 312.3 716.8 295.4
1 0.54 984.8 590.4 990.9 604.7 958.0 618.7 952.0 604.4
1 0.42 974.4 612.4 982.6 623.2 956.5 642.9 948.4 632.0
1 0.41 595.6 216.7 592.8 231.1 562.9 225.3 565.7 210.8
1 0.51 740.9 227.0 740.1 243.3 708.0 241.6 708.8 225.4
1 0.64 989.5 513.8 998.7 526.0 970.5 547.2 961.3 535.1
1 0.35 1114.8 533.2 1129.5 536.4 1122.4 569.8 1107.7 566.7
1 0.53 977.8 546.3 993.4 550.8 982.6 588.5 967.0 584.0
1 0.55 526.1 206.4 525.8 220.6 498.0 220.1 498.3 205.9
1 0.52 1009.9 737.2 1025.4 741.7 1013.7 782.5 998.2 778.0
1 0.65 924.0 820.2 923.2 837.0 886.1 835.0 887.0 818.2
1 0.56 679.9 297.0 677.7 311.0 647.1 306.2 649.3 292.2
1 0.53 1012.6 653.6 1027.6 656.5 1020.5 693.2 1005.5 690.3
1 0.59 1015.3 452.8 1031.6 456.3 1023.1 496.1 1006.8 492.7
1 0.29 698.3 218.4 704.4 234.1 670.7 247.0 664.7 231.3
1 0.32 329.4 272.5 329.4 286.9 304.1 286.9 304.1 272.5
1 0.6 293.7 262.2 302.6 272.5 279.1 292.9 270.2 282.6
1 0.45 494.2 200.5 493.9 214.3 464.4 213.8 464.6 200.0
1 0.6 374.0 267.1 373.8 281.1 341.8 280.5 342.0 266.6
1 0.53 363.8 194.5 361.4 209.4 329.2 204.3 331.6 189.4
1 0.56 271.4 265.2 267.4 279.1 235.1 269.8 239.1 255.9
1 0.62 928.7 794.3 927.0 811.3 890.4 807.5 892.2 790.4
1 0.6 925.6 774.0 924.8 788.7 891.0 786.9 891.7 772.3
1 0.61 929.8 842.8 929.8 858.9 893.9 858.9 893.9 842.8
1 0.27 952.6 687.5 960.5 701.3 930.7 718.5 922.8 704.8
1 0.53 929.1 866.2 927.4 882.3 891.3 878.5 893.0 862.4
1 0.59 166.8 177.9 165.2 191.4 135.6 187.8 137.2 174.3
1 0.69 205.2 181.3 202.9 195.4 172.1 190.5 174.4 176.4
