1 0.39 273.1 447.4 282.5 457.8 257.7 480.2 248.3 469.7
1 0.57 932.4 1011.2 930.7 1027.4 894.9 1023.6 896.6 1007.5
1 0.37 957.5 427.3 964.8 441.7 933.1 457.8 925.8 443.5
1 0.39 1130.2 746.2 1145.8 749.3 1139.1 783.9 1123.5 780.8
1 0.43 1006.8 517.9 1005.1 533.8 969.1 530.0 970.8 514.1
1 0.48 987.0 761.2 1003.2 765.8 991.6 806.1 975.4 801.5
1 0.48 982.7 832.6 992.8 844.6 963.0 869.6 952.9 857.6
1 0.5 1020.2 969.8 1037.5 974.7 1023.7 1022.7 1006.5 1017.7
1 0.53 980.0 436.9 989.1 449.0 964.3 467.7 955.2 455.6
1 0.54 1099.5 750.3 1114.8 753.3 1107.8 789.4 1092.5 786.4
1 0.55 992.6 808.8 999.9 823.8 965.9 840.4 958.6 825.4
1 0.57 1025.1 659.4 1042.4 662.7 1034.3 704.4 1017.0 701.0
1 0.27 217.5 366.7 216.9 382.9 183.4 381.7 184.0 365.5
1 0.6 1022.3 879.0 1038.5 882.2 1031.0 921.1 1014.7 917.9
1 0.6 930.3 1061.8 929.5 1078.4 893.0 1076.5 893.9 1059.9
1 0.64 935.3 1033.3 933.4 1050.7 895.6 1046.7 897.4 1029.4
1 0.64 998.3 724.2 1008.9 736.8 978.6 762.2 968.1 749.6
1 0.43 749.9 491.1 745.9 507.0 712.5 498.7 716.5 482.8
1 0.47 670.3 469.0 667.4 484.0 630.5 476.8 633.4 461.8
1 0.48 529.9 471.8 528.1 486.5 493.5 482.3 495.3 467.6
1 0.56 675.9 488.7 673.6 502.9 641.4 497.8 643.6 483.6
1 0.29 1060.1 512.0 1057.8 526.6 1029.5 522.1 1031.8 507.5
1 0.55 741.2 413.8 739.5 429.6 704.7 426.0 706.4 410.2
1 0.45 756.0 409.5 767.8 420.9 740.3 449.4 728.5 438.0
1 0.4 587.4 400.6 584.5 415.0 553.3 409.0 556.1 394.5
1 0.46 897.8 463.8 881.0 468.0 872.9 435.2 889.6 431.0
1 0.5 596.0 387.7 610.8 394.0 596.6 427.5 581.8 421.2
1 0.52 558.5 392.8 557.7 407.8 524.1 406.1 524.8 391.0
1 0.54 515.3 389.2 514.4 405.4 483.8 403.8 484.7 387.6
1 0.63 356.3 454.3 356.0 468.4 322.6 467.8 322.8 453.7
1 0.38 343.9 373.1 342.7 391.1 308.3 388.7 309.5 370.7
1 0.66 180.4 359.8 177.6 374.2 146.1 368.1 148.9 353.7
1 0.68 140.8 356.5 138.6 370.5 107.6 365.6 109.8 351.6
1 0.64 248.8 450.8 245.2 465.1 212.6 457.0 216.2 442.7
1 0.54 483.0 383.5 482.3 397.1 450.4 395.5 451.1 381.8
1 0.53 178.4 444.3 175.2 457.3 146.0 450.0 149.2 437.0
1 0.26 694.2 401.6 701.7 417.0 667.6 433.6 660.2 418.2
