1 0.29 1033.3 672.7 1020.8 673.4 1019.5 649.2 1032.0 648.5
1 0.61 917.5 388.1 928.1 395.9 911.5 418.7 900.9 411.0
1 0.61 1046.3 811.4 1030.1 812.8 1026.9 776.0 1043.0 774.6
1 0.56 1036.9 716.2 1020.9 717.6 1017.8 681.9 1033.8 680.5
1 0.65 867.6 438.2 875.5 449.5 848.4 468.5 840.5 457.2
1 0.55 996.0 375.6 1010.3 379.7 1001.0 412.2 986.7 408.1
1 0.51 895.7 417.2 904.5 428.1 879.1 448.7 870.2 437.8
1 0.5 941.4 690.0 925.8 691.1 923.4 656.9 939.0 655.8
1 0.45 1041.9 759.5 1025.5 761.5 1021.2 726.1 1037.6 724.1
1 0.44 1031.0 304.7 1043.1 310.9 1030.6 335.3 1018.5 329.2
1 0.43 1017.3 335.2 1028.8 341.1 1016.3 365.7 1004.7 359.8
1 0.4 932.7 358.8 944.6 364.4 932.3 390.9 920.4 385.4
1 0.51 831.9 458.3 831.9 471.9 797.9 471.9 797.9 458.3
1 0.66 1012.9 447.2 1000.2 452.1 989.0 422.8 1001.6 417.9
1 0.46 384.4 449.6 384.9 464.9 349.5 466.1 349.0 450.9
1 0.46 1055.4 903.2 1038.3 905.3 1033.8 868.1 1050.8 866.0
1 0.47 978.6 1057.9 963.7 1059.7 959.6 1025.7 974.4 1023.9
1 0.47 1217.1 529.3 1215.4 543.6 1180.5 539.3 1182.2 525.0
1 0.61 1052.4 857.6 1035.6 858.4 1033.7 821.6 1050.5 820.7
1 0.62 946.3 324.8 960.3 330.1 948.4 361.2 934.4 355.8
1 0.63 983.4 253.4 996.2 259.4 983.0 287.6 970.2 281.7
1 0.57 1041.6 145.6 1053.2 151.8 1039.0 178.4 1027.4 172.3
1 0.55 770.4 173.3 770.8 186.9 738.2 188.0 737.8 174.4
1 0.51 1024.1 176.4 1036.4 182.6 1022.4 210.1 1010.1 203.8
1 0.5 1071.1 82.7 1082.0 87.8 1070.8 111.7 1059.9 106.7
1 0.48 937.7 5.6 951.3 13.1 933.3 45.8 919.6 38.2
1 0.44 1125.8 110.0 1138.2 116.3 1125.0 142.2 1112.6 135.9
1 0.41 1137.4 86.8 1149.3 92.4 1137.5 117.7 1125.6 112.2
1 0.41 1056.5 115.4 1066.7 120.2 1056.3 142.5 1046.1 137.7
1 0.38 1120.2 -13.1 1131.7 -7.2 1117.7 20.2 1106.2 14.3
1 0.37 767.6 291.6 768.3 304.2 738.5 305.8 737.8 293.2
1 0.66 1080.4 203.0 1093.2 208.7 1080.7 237.0 1067.8 231.3
1 0.63 1048.4 269.0 1061.3 275.6 1047.2 303.3 1034.3 296.7
1 0.53 1087.2 1009.8 1081.8 1023.2 1048.8 1009.9 1054.2 996.5
1 0.4 268.5 280.0 281.0 281.1 278.8 306.7 266.3 305.6
1 0.56 270.8 240.4 285.1 241.7 282.5 271.0 268.2 269.7
1 0.6 326.1 270.3 339.2 272.8 333.5 302.1 320.4 299.6
1 0.6 319.8 307.0 334.4 309.1 329.8 342.0 315.2 339.9
1 0.37 344.6 64.8 357.7 66.0 355.4 92.1 342.3 91.0
1 0.44 326.7 69.2 340.8 71.2 337.0 98.4 322.9 96.4
1 0.47 380.7 37.2 397.0 37.7 395.8 71.7 379.5 71.1
1 0.48 346.2 211.1 332.9 211.7 331.5 185.5 344.8 184.8
1 0.57 331.0 216.3 346.5 218.5 341.6 253.6 326.1 251.4
1 0.54 975.0 1006.6 967.1 1017.9 939.2 998.3 947.1 987.1
1 0.55 959.1 892.6 944.7 894.3 940.6 861.0 955.0 859.3
1 0.6 951.6 938.8 967.9 940.3 964.7 977.5 948.3 976.0
1 0.61 1076.7 1058.2 1060.4 1060.2 1055.8 1022.6 1072.0 1020.6
1 0.28 1179.8 -3.4 1191.8 1.2 1182.5 25.4 1170.5 20.8
1 0.58 1132.5 56.8 1143.2 61.8 1130.9 88.1 1120.2 83.1
1 0.59 244.9 171.9 245.3 184.4 212.9 185.6 212.5 173.1
1 0.58 203.0 165.9 203.8 179.7 170.7 181.4 170.0 167.6
