1 0.31 263.3 18.4 250.4 19.1 248.9 -9.0 261.9 -9.6
1 0.47 998.3 859.6 983.8 863.2 976.0 832.1 990.6 828.5
1 0.61 1021.2 576.1 1005.7 580.0 997.7 547.9 1013.1 544.0
1 0.6 969.3 376.4 954.9 379.2 948.8 348.0 963.2 345.2
1 0.6 1066.8 752.7 1050.8 756.7 1042.9 725.3 1059.0 721.3
1 0.58 1100.7 836.8 1100.7 852.7 1062.2 852.7 1062.2 836.8
1 0.55 987.8 805.9 971.2 810.1 962.3 774.5 979.0 770.4
1 0.63 979.3 413.7 964.9 416.0 959.9 384.4 974.3 382.1
1 0.51 977.1 768.7 961.2 772.7 952.3 737.2 968.3 733.3
1 0.49 862.1 286.2 848.8 288.8 843.2 260.0 856.5 257.4
1 0.46 951.5 299.2 937.6 301.9 932.0 273.4 945.9 270.7
1 0.62 1063.5 715.1 1049.0 719.8 1038.5 687.4 1053.0 682.7
1 0.43 923.6 543.2 917.9 554.8 888.2 540.3 893.9 528.7
1 0.38 1024.8 532.0 1021.3 545.7 987.9 537.4 991.3 523.6
1 0.37 898.1 453.5 885.4 456.4 879.1 428.7 891.8 425.8
1 0.37 961.7 334.9 946.7 339.5 937.9 310.9 953.0 306.3
1 0.33 930.9 584.5 918.7 587.6 912.3 562.1 924.6 559.1
1 0.51 1083.2 831.9 1067.5 834.6 1061.9 803.0 1077.7 800.2
1 0.66 1079.3 796.7 1062.7 800.8 1054.1 766.3 1070.7 762.2
1 0.25 99.2 167.1 101.5 178.8 70.6 184.8 68.3 173.1
1 0.61 913.2 522.2 898.4 523.5 895.4 490.1 910.3 488.8
1 0.63 946.2 625.6 931.0 630.5 920.5 598.1 935.7 593.2
1 0.3 986.1 451.2 971.4 455.2 963.2 424.5 977.9 420.6
1 0.43 323.2 138.5 325.1 151.4 293.4 155.8 291.6 142.9
1 0.54 263.2 53.1 249.3 53.8 247.8 24.5 261.6 23.8
1 0.49 808.9 37.7 819.3 43.7 807.8 63.6 797.4 57.6
1 0.62 792.8 62.2 802.2 71.6 782.0 91.8 772.6 82.4
1 0.61 769.4 82.5 777.9 93.1 754.2 112.3 745.7 101.8
1 0.55 880.5 17.4 893.4 19.9 887.7 49.1 874.8 46.6
1 0.52 738.0 103.3 739.3 115.1 708.6 118.3 707.4 106.5
1 0.39 820.5 10.5 832.0 14.2 823.9 39.2 812.4 35.5
1 0.58 1022.7 966.9 1006.5 969.8 1000.1 933.7 1016.3 930.8
1 0.58 1048.6 1049.2 1030.8 1051.4 1025.8 1011.2 1043.7 1009.0
1 0.56 1040.9 952.0 1023.9 954.7 1017.3 913.4 1034.4 910.7
1 0.53 1123.4 943.9 1111.5 957.6 1080.3 930.5 1092.2 916.8
1 0.53 1013.4 924.3 996.9 927.5 989.9 891.1 1006.3 887.9
1 0.42 1130.3 1004.1 1111.9 1008.7 1102.0 969.2 1120.5 964.6
1 0.48 1139.4 1019.2 1132.6 1036.0 1093.5 1020.2 1100.3 1003.4
1 0.68 903.1 78.2 891.7 84.0 878.8 58.6 890.2 52.8
1 0.46 1467.7 140.5 1467.7 153.4 1433.5 153.4 1433.5 140.5
