1 0.31 1056.1 522.2 1040.6 525.0 1034.8 492.1 1050.3 489.4
1 0.41 1084.5 612.2 1079.5 623.9 1049.3 611.0 1054.3 599.4
1 0.4 980.1 608.1 973.3 619.0 945.6 601.7 952.4 590.8
1 0.38 983.9 652.1 971.0 653.9 967.0 625.6 979.9 623.7
1 0.35 1024.6 300.5 1036.1 301.5 1033.9 326.3 1022.4 325.3
1 0.64 1052.4 483.1 1037.5 483.9 1035.8 451.9 1050.8 451.1
1 0.64 1047.0 443.4 1032.5 444.6 1029.7 412.7 1044.2 411.5
1 0.42 1043.4 400.6 1028.9 403.2 1023.5 372.8 1038.0 370.3
1 0.45 1108.9 887.2 1091.4 889.9 1085.5 853.1 1103.0 850.3
1 0.48 1037.7 362.5 1023.7 363.5 1021.5 332.8 1035.6 331.9
1 0.5 1510.9 246.2 1509.9 260.3 1473.9 257.8 1474.9 243.7
1 0.56 1008.0 845.5 991.8 847.5 987.3 810.6 1003.5 808.6
1 0.58 1101.1 840.9 1085.0 843.5 1079.6 809.7 1095.7 807.2
1 0.6 1075.8 653.7 1060.0 656.2 1054.6 622.3 1070.4 619.8
1 0.61 958.9 551.1 973.6 552.1 971.3 585.5 956.6 584.5
1 0.63 1100.8 801.5 1085.9 804.1 1079.9 770.4 1094.9 767.8
1 0.66 1017.0 131.8 1004.6 136.6 994.2 109.5 1006.6 104.7
1 0.38 432.9 130.4 432.9 143.6 400.8 143.6 400.8 130.4
1 0.62 373.3 5.6 386.8 7.5 382.6 37.2 369.2 35.3
1 0.63 993.1 695.8 978.1 698.5 972.1 665.0 987.2 662.3
1 0.56 949.4 340.1 935.5 340.8 933.9 309.9 947.8 309.1
1 0.51 965.7 513.0 952.4 514.4 949.3 484.9 962.6 483.5
1 0.51 1136.1 1043.5 1122.5 1055.8 1094.2 1024.3 1107.8 1012.1
1 0.57 1014.5 886.1 997.6 888.2 993.0 850.5 1009.9 848.4
1 0.55 1031.2 1054.4 1014.9 1055.6 1012.3 1019.0 1028.6 1017.9
1 0.5 1051.3 1040.9 1034.3 1041.8 1032.1 999.7 1049.1 998.8
1 0.49 1107.9 924.1 1091.8 925.0 1090.0 891.3 1106.2 890.4
1 0.46 1026.7 1008.6 1010.6 1010.0 1007.3 973.0 1023.4 971.5
1 0.46 1124.3 930.4 1122.5 947.5 1083.5 943.4 1085.3 926.3
1 0.43 1018.6 942.0 1003.5 943.8 999.4 910.4 1014.5 908.6
1 0.58 1000.5 66.2 1013.9 70.0 1005.1 100.7 991.7 96.9
1 0.62 954.5 24.3 967.8 29.4 957.0 57.5 943.7 52.4
1 0.54 880.1 120.7 887.9 131.0 863.8 149.2 856.0 138.9
1 0.48 927.3 79.9 936.9 88.0 921.7 106.1 912.1 98.1
1 0.35 942.7 53.6 953.7 59.7 940.5 83.5 929.5 77.4
1 0.51 848.0 138.7 848.4 151.1 817.1 152.2 816.7 139.7
1 0.66 907.9 102.9 916.2 113.5 892.8 131.7 884.6 121.1
