1 0.35 1018.9 243.4 1030.4 249.3 1016.9 275.7 1005.4 269.9
1 0.68 899.6 323.8 908.1 334.8 882.7 354.6 874.2 343.7
1 0.57 960.4 779.8 946.2 781.0 943.4 748.8 957.5 747.6
1 0.55 949.7 233.0 964.1 238.8 950.9 271.5 936.5 265.7
1 0.54 1042.9 653.0 1027.6 655.4 1022.2 621.4 1037.5 619.0
1 0.5 1036.9 610.8 1021.3 611.6 1019.6 578.0 1035.1 577.2
1 0.48 943.1 586.2 928.8 586.9 927.1 554.0 941.4 553.2
1 0.46 1055.9 789.9 1040.1 792.4 1034.6 757.4 1050.3 754.9
1 0.36 936.3 268.3 947.6 274.1 934.6 299.7 923.2 293.9
1 0.57 837.0 363.6 837.0 376.2 803.4 376.2 803.4 363.6
1 0.41 954.3 824.3 969.5 825.1 967.6 861.1 952.4 860.3
1 0.58 920.8 296.0 931.0 304.0 914.5 325.1 904.3 317.2
1 0.46 1086.6 891.4 1081.0 904.5 1048.8 890.8 1054.3 877.7
1 0.46 979.9 936.5 966.5 938.3 962.1 907.1 975.5 905.2
1 0.53 1292.2 445.0 1290.0 458.6 1256.3 453.3 1258.5 439.7
1 0.6 1046.6 702.0 1030.7 703.3 1027.6 667.7 1043.5 666.3
1 0.6 1076.2 937.9 1060.3 939.8 1055.9 903.8 1071.8 901.8
1 0.65 1014.0 353.2 1001.6 357.9 990.6 329.2 1003.0 324.5
1 0.59 997.7 283.3 1011.9 287.3 1002.7 319.3 988.6 315.2
1 0.4 1032.0 216.7 1043.1 222.6 1030.8 245.7 1019.7 239.8
1 0.57 1057.0 33.2 1067.4 38.0 1057.2 60.0 1046.8 55.2
1 0.54 1080.8 118.0 1093.4 123.9 1080.5 151.6 1067.9 145.7
1 0.5 1070.7 3.5 1081.4 8.0 1071.6 31.2 1060.9 26.7
1 0.48 1125.6 30.2 1137.4 36.8 1123.9 61.2 1112.1 54.6
1 0.46 776.1 87.8 776.6 101.4 745.2 102.5 744.8 88.9
1 0.39 1137.1 7.8 1148.3 13.5 1136.3 37.0 1125.1 31.3
1 0.33 774.0 202.7 774.6 214.8 745.0 216.4 744.3 204.3
1 0.65 871.4 343.8 879.3 355.0 852.9 373.4 845.1 362.2
1 0.63 1052.6 746.3 1036.5 747.2 1034.6 712.1 1050.8 711.2
1 0.63 990.4 985.2 974.2 988.0 967.6 950.6 983.8 947.8
1 0.26 338.9 -12.5 353.2 -11.7 351.7 17.1 337.4 16.3
1 0.43 361.5 127.0 348.1 127.7 346.7 100.9 360.1 100.2
1 0.61 985.9 166.7 998.4 172.5 985.4 200.3 973.0 194.5
1 0.64 1024.9 93.1 1036.7 99.1 1023.5 125.1 1011.7 119.1
1 0.47 398.7 354.8 399.2 368.9 365.0 370.1 364.6 356.0
1 0.29 162.7 359.7 163.4 372.3 131.8 374.0 131.1 361.4
1 0.44 285.4 191.3 297.3 192.4 295.1 217.6 283.2 216.5
1 0.51 346.6 130.3 361.3 132.4 356.6 165.9 341.9 163.9
1 0.56 340.8 182.9 353.7 184.7 349.8 212.3 336.9 210.5
1 0.58 287.7 153.0 301.7 154.2 299.2 182.6 285.3 181.4
1 0.61 335.6 217.5 349.8 219.5 345.3 251.1 331.2 249.2
1 0.6 1043.0 63.3 1053.9 69.3 1040.1 94.3 1029.1 88.3
1 0.58 1048.9 181.8 1061.5 188.3 1047.6 215.7 1035.0 209.2
1 0.53 262.1 88.0 262.1 100.9 230.8 100.9 230.8 88.0
1 0.56 221.3 82.5 222.0 96.0 188.9 97.8 188.2 84.2
1 0.52 976.4 888.0 968.7 899.3 941.2 880.8 948.9 869.4
