1 0.29 913.1 462.0 912.3 476.6 874.8 474.6 875.5 460.1
1 0.53 1027.5 733.9 1012.4 739.6 1001.3 710.8 1016.4 705.0
1 0.36 685.6 25.7 670.7 27.0 667.9 -5.6 682.7 -6.9
1 0.34 832.5 530.6 820.5 536.4 808.8 512.4 820.8 506.6
1 0.65 845.3 358.8 831.9 364.0 820.6 334.5 834.0 329.3
1 0.65 802.0 474.3 786.8 478.4 778.3 446.7 793.5 442.6
1 0.34 1071.8 1040.9 1054.6 1043.6 1048.4 1004.2 1065.6 1001.5
1 0.47 1117.2 899.2 1114.9 915.9 1073.4 910.1 1075.7 893.4
1 0.5 1088.3 830.0 1080.6 845.7 1045.1 828.5 1052.8 812.7
1 0.52 1010.4 857.4 994.3 862.9 980.9 824.1 997.0 818.6
1 0.54 1166.0 1032.6 1179.4 1044.6 1154.0 1072.8 1140.6 1060.8
1 0.39 773.8 411.5 761.1 417.7 749.1 393.1 761.8 387.0
1 0.58 1105.0 887.8 1089.1 895.2 1072.8 860.3 1088.7 852.9
1 0.59 1037.6 946.8 1020.3 952.8 1007.7 916.1 1025.0 910.1
1 0.59 1045.5 735.3 1048.7 751.4 1010.7 758.8 1007.6 742.6
1 0.6 996.2 875.0 980.5 881.0 967.7 847.9 983.5 841.8
1 0.6 997.1 663.6 982.7 670.9 967.8 641.8 982.3 634.4
1 0.61 985.3 628.3 973.1 635.3 957.1 607.7 969.3 600.6
1 0.63 1017.2 702.7 1002.2 710.1 986.8 678.5 1001.8 671.2
1 0.32 811.9 286.4 798.3 294.2 783.5 268.4 797.0 260.6
1 0.38 1034.2 210.9 1020.1 213.3 1015.0 184.4 1029.1 181.9
1 0.4 610.6 -0.5 622.2 1.3 618.0 28.3 606.3 26.5
1 0.44 913.0 696.2 898.4 703.3 882.6 671.0 897.2 663.8
1 0.34 706.8 258.2 692.7 263.6 680.6 232.0 694.7 226.6
1 0.65 854.2 566.7 841.4 574.1 824.7 545.1 837.5 537.7
1 0.64 704.6 51.3 694.7 59.6 676.4 37.8 686.3 29.5
1 0.59 828.4 325.1 815.5 331.1 802.2 302.6 815.1 296.6
1 0.59 917.8 504.7 903.3 511.4 889.5 481.8 904.0 475.0
1 0.56 592.1 55.3 603.6 63.1 587.2 87.4 575.7 79.6
1 0.55 573.4 79.2 584.0 87.5 565.5 111.1 554.9 102.9
1 0.48 547.5 105.7 550.9 116.9 520.4 126.3 517.0 115.0
1 0.47 815.9 492.0 812.7 504.9 781.5 497.1 784.7 484.2
1 0.46 602.7 29.8 614.7 33.6 608.0 54.1 596.0 50.2
1 0.47 951.3 779.3 937.8 785.0 925.7 756.5 939.2 750.7
1 0.46 978.5 836.4 962.0 843.1 948.4 809.4 964.9 802.8
1 0.47 1319.8 -1.9 1322.3 10.0 1291.2 16.6 1288.6 4.7
1 0.59 931.4 729.9 916.2 737.3 900.2 704.5 915.4 697.1
1 0.34 51.0 112.4 37.5 116.0 31.5 93.5 45.0 89.9
1 0.45 138.1 217.8 142.5 231.2 110.0 241.7 105.7 228.3
1 0.59 43.0 72.4 28.3 75.3 22.2 44.2 37.0 41.3
1 0.61 57.3 146.9 43.5 149.6 37.8 120.6 51.6 117.9
1 0.29 35.2 36.6 22.9 42.3 12.5 20.1 24.9 14.4
