1 0.27 844.2 688.2 831.4 702.0 806.1 678.4 819.0 664.7
1 0.5 877.0 711.5 866.3 723.4 840.6 700.2 851.3 688.3
1 0.66 492.6 314.5 483.5 324.9 460.0 304.6 469.1 294.1
1 0.61 621.2 511.6 613.1 523.6 585.4 504.9 593.4 492.9
1 0.6 764.0 508.4 756.9 519.8 729.9 502.9 737.0 491.5
1 0.6 824.3 557.5 815.2 570.4 787.0 550.7 796.0 537.7
1 0.55 860.9 572.3 870.2 584.7 841.4 606.4 832.1 594.0
1 0.55 554.8 463.5 558.2 476.5 525.5 485.2 522.1 472.3
1 0.55 788.6 532.5 779.4 545.1 755.1 527.4 764.3 514.8
1 0.67 533.5 454.5 522.8 464.4 500.3 440.3 511.0 430.3
1 0.45 759.3 616.9 749.5 630.0 720.5 608.2 730.4 595.1
1 0.44 881.9 690.0 871.1 701.6 842.8 675.3 853.6 663.7
1 0.37 350.0 309.4 340.8 319.2 318.8 298.6 327.9 288.8
1 0.34 845.8 580.0 834.3 591.5 811.9 569.1 823.4 557.6
1 0.33 797.4 650.0 788.0 660.9 765.2 641.1 774.7 630.2
1 0.33 479.7 412.1 470.7 423.7 447.6 405.7 456.7 394.1
1 0.3 462.0 287.7 452.7 301.4 426.4 283.7 435.7 269.9
1 0.48 652.4 430.8 642.0 444.6 615.0 424.2 625.4 410.4
1 0.68 523.3 336.7 513.5 347.1 490.5 325.7 500.3 315.2
1 0.33 1009.9 815.4 996.2 825.7 973.8 796.0 987.5 785.6
1 0.6 1166.3 807.0 1165.7 823.3 1128.8 822.0 1129.3 805.7
1 0.57 975.7 673.6 965.5 687.1 936.4 665.1 946.6 651.6
1 0.56 991.0 677.8 996.1 693.4 956.6 706.3 951.5 690.6
1 0.52 942.1 753.9 929.7 766.3 903.5 740.1 915.9 727.7
1 0.49 1085.3 766.6 1101.6 771.3 1091.5 806.6 1075.1 801.9
1 0.48 1183.7 828.3 1185.9 845.7 1150.8 850.0 1148.6 832.6
1 0.46 938.4 634.0 938.4 651.5 898.7 651.5 898.7 634.0
1 0.52 130.8 238.2 139.0 248.3 113.3 269.2 105.1 259.1
1 0.51 1162.6 924.1 1152.6 938.5 1119.3 915.1 1129.3 900.8
1 0.26 1217.3 950.4 1205.7 963.7 1180.9 942.2 1192.5 928.9
1 0.26 632.0 132.0 621.0 140.5 602.8 117.2 613.8 108.6
1 0.38 166.4 167.6 153.6 169.0 151.2 146.8 164.1 145.4
1 0.25 728.7 596.7 719.8 609.8 691.1 590.4 699.9 577.3
1 0.46 152.4 175.1 166.7 177.9 161.3 205.5 147.0 202.7
1 0.55 158.6 112.8 146.0 117.9 134.9 90.5 147.5 85.3
1 0.27 1121.0 888.0 1112.0 902.4 1076.2 880.1 1085.2 865.6
1 0.55 227.0 110.5 215.3 117.2 200.4 91.4 212.1 84.7
1 0.57 143.6 203.8 158.0 207.1 151.0 237.0 136.7 233.7
1 0.61 257.5 124.4 252.5 136.3 225.6 124.9 230.6 113.0
1 0.64 140.5 49.0 128.3 53.2 119.3 26.9 131.4 22.7
