1 0.55 1254.5 14.7 1266.4 19.3 1256.3 45.8 1244.3 41.2
1 0.53 233.4 438.8 248.5 440.2 245.8 470.6 230.7 469.3
1 0.57 163.2 357.3 163.7 371.5 129.5 372.7 129.0 358.5
1 0.58 206.6 363.5 207.0 376.5 173.8 377.7 173.3 364.7
1 0.59 293.0 251.0 306.9 253.2 302.3 282.1 288.4 279.9
1 0.6 283.6 510.8 300.0 512.3 296.8 548.9 280.4 547.4
1 0.26 216.7 403.4 216.7 413.6 188.6 413.6 188.6 403.4
1 0.28 259.6 251.6 272.6 252.7 270.3 278.7 257.4 277.6
1 0.28 292.0 563.4 308.6 566.0 302.9 602.0 286.3 599.4
1 0.35 272.9 251.0 287.2 252.2 284.9 278.7 270.6 277.4
1 0.41 310.6 245.4 324.9 246.7 322.4 274.5 308.1 273.3
1 0.43 231.5 480.7 244.8 481.9 242.4 509.4 229.1 508.2
1 0.48 313.3 405.8 299.3 406.8 297.3 378.0 311.3 377.0
1 0.5 291.5 470.3 305.4 473.0 299.3 504.2 285.4 501.5
1 0.52 296.5 412.2 312.7 414.5 307.5 451.1 291.3 448.8
1 0.54 365.7 251.9 348.8 252.5 347.6 217.5 364.4 216.9
1 0.3 883.3 631.5 893.1 642.7 871.0 661.9 861.2 650.6
1 0.32 753.7 493.5 754.8 505.9 723.9 508.6 722.9 496.2
1 0.49 352.5 667.2 352.7 683.1 316.7 683.7 316.5 667.9
1 0.56 1213.8 101.1 1225.4 106.5 1213.6 131.8 1202.0 126.3
1 0.53 1013.8 540.1 1025.7 545.7 1013.7 571.5 1001.8 565.9
1 0.58 992.5 583.7 1007.6 588.0 997.8 622.2 982.7 617.9
1 0.59 1029.9 505.3 1042.7 511.8 1028.9 539.0 1016.1 532.4
1 0.61 1039.5 330.6 1051.5 336.7 1037.2 364.9 1025.2 358.8
1 0.63 1070.4 261.1 1081.7 266.2 1070.4 291.7 1059.0 286.6
1 0.63 1080.6 393.9 1094.0 399.9 1081.2 428.8 1067.8 422.8
1 0.63 1010.0 659.9 995.6 664.5 985.4 633.0 999.8 628.3
1 0.64 1127.6 292.6 1140.1 298.9 1126.6 325.4 1114.1 319.0
1 0.64 1021.3 363.6 1034.1 369.6 1020.3 399.2 1007.5 393.2
1 0.66 1047.8 465.8 1061.1 472.6 1046.1 501.9 1032.8 495.2
1 0.66 979.5 449.5 992.9 455.5 979.5 485.6 966.1 479.6
1 0.3 1032.8 906.2 1019.8 906.8 1018.5 882.3 1031.5 881.6
1 0.46 1067.1 729.7 1066.5 746.2 1028.0 744.8 1028.6 728.4
1 0.52 1042.3 1001.7 1024.3 1003.9 1019.4 963.5 1037.4 961.3
1 0.56 1036.4 953.1 1020.1 954.5 1016.8 916.7 1033.1 915.3
1 0.58 1046.5 1058.1 1029.9 1059.5 1026.4 1020.2 1043.1 1018.7
1 0.52 756.3 364.5 756.8 378.5 722.9 379.7 722.4 365.7
1 0.59 941.2 527.5 956.0 533.2 943.2 566.7 928.4 561.0
1 0.57 1054.7 295.7 1066.0 300.7 1055.1 325.2 1043.8 320.2
1 0.44 931.7 181.2 945.4 188.7 926.7 222.5 913.0 214.9
1 0.43 925.8 565.3 938.2 571.0 925.2 599.0 912.8 593.2
1 0.59 822.5 673.4 822.5 687.6 786.1 687.6 786.1 673.4
1 0.62 859.0 651.6 867.6 663.9 838.8 684.2 830.1 671.8
1 0.35 1001.8 408.7 1014.9 415.3 999.2 446.1 986.2 439.5
1 0.61 910.9 596.3 922.0 604.4 904.2 628.9 893.1 620.8
1 0.53 1139.7 265.8 1151.8 271.5 1140.0 296.7 1127.9 291.0
1 0.51 936.1 925.2 919.9 926.3 917.4 890.4 933.6 889.2
1 0.46 1134.2 235.7 1145.0 240.7 1132.9 266.7 1122.1 261.7
1 0.26 1195.4 -2.5 1208.1 2.4 1193.7 39.8 1181.0 35.0
1 0.62 1186.2 164.5 1198.5 170.0 1186.2 197.5 1174.0 192.0
1 0.58 1149.0 96.5 1160.2 100.8 1150.4 126.5 1139.1 122.2
1 0.51 1118.9 160.1 1130.9 165.5 1119.4 191.1 1107.5 185.8
1 0.47 1134.5 127.6 1146.2 133.1 1133.5 160.2 1121.8 154.7
1 0.37 1191.2 115.9 1201.1 120.5 1190.9 142.2 1181.1 137.6
1 0.58 1201.0 131.4 1212.9 136.9 1200.3 164.1 1188.3 158.5
