1 0.25 1239.0 548.9 1252.8 553.4 1244.7 578.1 1231.0 573.7
1 0.6 1261.6 277.5 1273.3 281.3 1264.2 309.2 1252.5 305.4
1 0.63 1289.4 399.3 1303.0 403.7 1293.1 434.1 1279.6 429.7
1 0.28 1244.3 252.1 1255.1 258.0 1241.3 283.0 1230.5 277.0
1 0.63 1200.3 392.5 1211.3 401.1 1192.0 425.9 1180.9 417.3
1 0.63 1302.7 357.8 1315.8 361.3 1307.8 390.8 1294.8 387.3
1 0.62 1240.9 335.6 1253.0 340.3 1242.4 367.9 1230.3 363.2
1 0.62 1225.1 595.2 1239.0 599.8 1228.5 632.0 1214.6 627.5
1 0.62 1265.7 473.5 1280.1 478.2 1269.8 509.6 1255.5 504.9
1 0.61 1159.2 797.9 1174.1 802.7 1162.7 837.7 1147.8 832.8
1 0.61 1081.5 797.1 1096.1 801.9 1085.1 835.6 1070.6 830.9
1 0.6 1338.7 250.0 1351.9 253.8 1343.9 281.7 1330.7 277.9
1 0.6 1176.9 520.2 1190.7 525.5 1178.8 556.5 1165.0 551.2
1 0.6 1187.9 484.0 1202.0 488.0 1192.6 520.9 1178.5 516.9
1 0.51 1097.0 756.6 1109.9 761.6 1098.0 792.6 1085.0 787.7
1 0.59 1171.8 752.8 1186.7 757.6 1175.4 792.3 1160.5 787.4
1 0.57 1218.3 316.8 1231.3 319.8 1224.2 350.4 1211.3 347.4
1 0.56 1112.1 709.5 1125.1 713.2 1115.5 746.6 1102.5 742.9
1 0.54 1316.8 321.0 1329.4 325.1 1320.4 352.8 1307.8 348.7
1 0.53 1327.1 290.4 1339.5 294.4 1331.1 320.4 1318.7 316.3
1 0.51 1160.9 733.5 1173.5 737.6 1164.5 765.1 1151.9 761.0
1 0.48 1160.0 562.8 1173.4 566.3 1165.7 595.2 1152.3 591.6
1 0.47 1201.4 452.8 1214.1 456.9 1206.0 481.9 1193.3 477.8
1 0.44 1153.6 595.1 1166.1 599.2 1156.4 628.8 1144.0 624.8
1 0.34 1250.5 510.7 1265.3 515.7 1254.4 547.4 1239.6 542.3
1 0.64 1184.0 712.7 1198.9 717.0 1189.2 750.8 1174.3 746.5
1 0.6 1312.5 124.8 1324.9 129.6 1314.1 157.7 1301.7 153.0
1 0.6 1300.1 161.2 1312.6 166.0 1302.0 193.6 1289.5 188.8
1 0.59 1338.0 54.4 1350.4 58.4 1340.9 87.8 1328.5 83.8
1 0.58 1240.3 12.2 1252.5 16.2 1243.6 43.8 1231.3 39.8
1 0.57 1349.4 16.9 1361.8 21.7 1351.1 49.8 1338.6 45.0
1 0.56 1365.5 173.3 1377.6 176.8 1370.1 202.6 1358.1 199.2
1 0.41 1322.3 91.5 1334.8 95.6 1325.9 123.2 1313.3 119.2
1 0.33 1418.0 15.3 1427.9 18.5 1421.6 37.9 1411.7 34.7
1 0.65 1199.1 675.4 1212.4 680.2 1201.6 709.8 1188.3 705.0
1 0.62 1396.3 75.4 1408.8 80.2 1398.5 107.3 1386.0 102.5
1 0.26 1084.3 1019.2 1098.2 1023.2 1087.6 1060.2 1073.7 1056.2
1 0.58 1101.0 973.3 1116.5 979.3 1103.1 1014.4 1087.5 1008.4
1 0.62 1352.7 208.5 1365.3 212.6 1356.7 239.1 1344.1 235.0
1 0.63 1407.0 44.1 1418.9 48.0 1410.7 73.0 1398.9 69.1
1 0.36 867.1 853.5 882.1 860.2 864.9 898.8 849.9 892.2
1 0.37 108.9 985.5 126.3 987.0 123.2 1021.9 105.9 1020.4
1 0.4 151.2 977.6 168.3 978.5 166.4 1015.4 149.3 1014.5
1 0.44 92.3 987.0 108.1 988.3 105.1 1022.7 89.3 1021.3
1 0.5 214.0 982.1 195.3 983.1 193.2 942.4 211.9 941.5
1 0.55 131.3 987.3 148.7 989.7 143.6 1026.0 126.2 1023.6
1 0.6 62.5 1047.0 64.2 1063.4 25.5 1067.4 23.8 1051.1
1 0.61 1002.3 1029.4 1017.8 1035.4 1003.0 1073.9 987.5 1067.9
1 0.61 1112.3 937.4 1127.1 942.2 1116.8 973.9 1102.0 969.1
1 0.59 1017.2 981.4 1031.2 985.4 1021.4 1019.6 1007.4 1015.6
1 0.59 1033.4 934.8 1047.4 939.3 1036.5 972.6 1022.6 968.1
1 0.58 1104.7 895.0 1119.0 899.6 1107.3 935.5 1093.0 930.8
