1 0.4 801.9 282.6 746.5 293.4 718.9 151.1 774.2 140.4
1 0.41 1581.5 585.5 1588.0 638.6 1453.1 655.1 1446.6 602.1
1 0.32 1501.5 107.2 1508.8 159.7 1364.5 180.0 1357.2 127.5
1 0.33 1561.1 502.6 1562.1 558.3 1413.4 560.9 1412.4 505.2
1 0.39 1535.4 178.5 1539.6 238.9 1384.6 249.8 1380.4 189.4
1 0.41 1530.5 415.6 1536.9 468.1 1400.8 484.9 1394.3 432.4
1 0.3 1536.7 264.0 1536.7 318.1 1385.0 318.1 1385.0 264.0
1 0.33 1525.7 336.8 1526.7 392.2 1386.0 394.6 1385.0 339.2
1 0.34 1600.4 666.1 1601.3 720.9 1443.7 723.6 1442.7 668.9
1 0.43 501.7 866.7 447.3 873.4 430.6 737.7 485.0 731.0
1 0.47 481.5 697.6 423.5 701.7 413.0 551.2 471.0 547.1
1 0.59 107.8 1031.9 49.5 1035.0 41.8 886.9 100.0 883.8
1 0.56 706.0 297.7 647.8 309.1 619.3 162.1 677.4 150.7
1 0.55 477.8 531.1 423.1 541.8 396.2 403.4 450.9 392.8
