1 0.41 495.3 602.0 529.6 651.0 399.8 741.9 365.5 692.9
1 0.47 844.9 74.4 901.6 95.0 849.9 237.0 793.3 216.4
1 0.42 618.1 505.3 654.8 550.6 537.8 645.3 501.1 599.9
1 0.47 718.6 367.4 761.3 398.4 684.5 504.1 641.8 473.1
1 0.5 782.3 235.8 832.4 257.1 777.9 385.3 727.8 364.1
1 0.43 1142.4 633.2 1089.4 653.5 1041.0 527.6 1094.1 507.2
1 0.45 1073.4 316.3 1127.3 331.8 1085.3 478.3 1031.4 462.8
1 0.43 1165.6 118.9 1215.3 141.0 1155.8 274.5 1106.2 252.4
1 0.45 1234.9 -29.7 1284.8 -4.3 1222.9 117.2 1173.0 91.8
1 0.4 1710.6 968.9 1707.4 1030.6 1537.2 1021.6 1540.4 960.0
1 0.42 339.1 700.3 339.1 760.1 168.5 760.1 168.5 700.3
