1 0.31 1873.1 226.9 1861.7 232.4 1849.2 206.7 1860.5 201.2
1 0.32 155.0 546.3 137.7 547.8 134.7 513.6 152.0 512.1
1 0.58 1889.4 445.6 1874.7 452.5 1860.6 422.4 1875.4 415.5
1 0.42 1899.7 367.0 1879.8 376.7 1857.3 330.4 1877.2 320.7
1 0.36 1810.1 308.0 1787.8 318.9 1754.3 250.1 1776.6 239.2
1 0.49 984.1 398.8 969.1 403.4 959.4 371.7 974.4 367.1
1 0.59 1879.5 489.0 1866.5 495.1 1853.0 466.1 1865.9 460.0
1 0.45 248.7 499.8 234.3 502.6 228.6 473.4 243.0 470.6
1 0.45 210.6 501.8 195.4 503.1 192.6 471.5 207.9 470.2
1 0.25 302.2 432.0 304.0 447.0 269.3 451.3 267.4 436.2
1 0.6 1915.1 264.9 1901.2 272.6 1885.3 244.0 1899.3 236.2
1 0.6 296.3 322.5 297.5 337.2 265.1 340.0 263.8 325.4
1 0.6 378.0 420.5 381.1 434.2 348.0 441.9 344.8 428.1
1 0.59 186.0 341.8 169.1 342.7 167.2 306.3 184.1 305.4
1 0.59 190.3 255.5 174.2 256.3 172.5 223.5 188.5 222.6
1 0.55 151.7 124.2 152.5 138.7 118.3 140.5 117.5 126.0
1 0.54 344.4 308.7 348.5 322.0 317.3 331.5 313.3 318.2
1 0.48 420.6 418.0 423.0 430.5 390.4 436.8 388.0 424.4
1 0.54 186.8 290.3 172.3 291.1 170.8 262.7 185.3 262.0
1 0.39 191.9 376.7 177.5 379.5 171.8 350.0 186.1 347.2
1 0.53 1662.2 104.6 1651.5 110.8 1637.4 86.4 1648.1 80.2
1 0.27 229.5 498.5 216.0 500.6 212.0 475.1 225.4 472.9
1 0.64 1777.0 121.8 1764.0 127.8 1750.8 99.6 1763.9 93.5
1 0.63 1827.9 170.5 1815.9 177.5 1802.1 153.6 1814.1 146.6
1 0.59 1785.4 187.4 1773.1 193.4 1759.7 165.8 1772.0 159.8
1 0.57 1787.6 233.3 1774.5 239.4 1760.3 209.0 1773.4 202.8
1 0.55 1727.9 121.7 1715.8 127.3 1702.8 99.3 1714.8 93.7
1 0.63 1913.8 217.5 1901.1 224.0 1887.4 197.0 1900.1 190.6
1 0.27 321.9 445.5 324.2 460.5 282.3 467.2 279.9 452.2
1 0.26 409.7 301.3 412.8 316.9 378.0 323.6 375.0 308.0
1 0.48 109.7 110.6 111.5 123.4 79.0 128.0 77.2 115.2
1 0.33 369.4 86.6 371.1 100.0 336.0 104.3 334.3 90.9
1 0.28 315.4 91.8 318.8 104.6 284.8 113.8 281.4 100.9
