1 0.38 1818.3 301.6 1797.5 310.0 1774.3 252.5 1795.1 244.1
1 0.58 1684.6 29.8 1671.1 34.4 1661.4 6.1 1674.8 1.5
1 0.57 371.9 549.7 375.6 563.9 341.3 573.1 337.5 558.9
1 0.54 319.7 561.0 320.4 575.9 286.4 577.7 285.6 562.8
1 0.43 440.7 679.0 443.0 693.5 407.9 699.1 405.6 684.6
1 0.41 440.1 549.6 441.6 564.5 405.7 568.3 404.1 553.4
1 0.36 253.6 755.3 236.0 756.8 233.1 723.7 250.7 722.2
1 0.32 339.0 703.0 340.6 718.8 293.2 723.8 291.6 708.0
1 0.68 1499.5 167.7 1499.3 181.5 1466.8 181.0 1467.0 167.1
1 0.62 1773.1 97.2 1760.0 102.2 1749.3 74.5 1762.4 69.5
1 0.61 1841.3 391.3 1826.7 396.4 1815.5 364.1 1830.1 359.0
1 0.61 1854.7 316.3 1841.3 320.7 1831.9 291.8 1845.3 287.4
1 0.6 1821.3 502.0 1808.8 506.8 1797.5 477.3 1810.0 472.5
1 0.59 1881.1 482.9 1866.7 487.6 1856.6 456.5 1871.0 451.8
1 0.57 1816.4 131.9 1803.1 137.3 1792.9 111.9 1806.2 106.6
1 0.49 1647.5 232.5 1638.9 244.9 1610.3 224.9 1618.9 212.5
1 0.48 1926.5 504.3 1911.6 509.1 1900.8 475.9 1915.7 471.1
1 0.45 1886.8 634.9 1875.0 639.7 1864.3 613.3 1876.2 608.5
1 0.48 994.1 464.8 980.7 467.4 974.6 436.1 988.0 433.5
1 0.59 396.6 278.8 397.8 292.0 364.9 294.9 363.7 281.7
1 0.59 315.4 684.0 316.5 699.9 280.0 702.5 278.9 686.5
1 0.61 395.7 678.8 398.6 693.5 363.2 700.4 360.4 685.6
1 0.58 196.5 479.8 211.6 481.1 208.8 512.8 193.7 511.5
1 0.56 199.0 719.9 215.1 720.8 213.3 754.7 197.3 753.8
1 0.52 187.6 529.5 206.6 531.2 203.1 571.1 184.1 569.4
1 0.49 205.9 610.3 190.6 611.1 189.0 580.0 204.3 579.2
1 0.46 201.2 436.1 218.2 437.5 215.0 473.2 198.1 471.8
1 0.45 234.3 753.2 220.1 754.0 218.5 724.5 232.7 723.7
1 0.42 135.3 759.6 153.1 760.2 151.8 796.7 134.1 796.0
1 0.45 419.4 302.2 419.4 316.7 381.7 316.7 381.7 302.2
1 0.29 741.1 171.6 744.2 187.5 709.4 194.3 706.3 178.3
1 0.54 189.4 322.9 189.4 337.4 152.5 337.4 152.5 322.9
1 0.26 390.8 395.2 391.7 405.4 365.8 407.7 365.0 397.5
1 0.25 363.0 303.1 365.7 316.9 330.5 323.7 327.8 310.0
