1 0.51 1395.9 1059.6 1388.1 1071.1 1359.1 1051.5 1366.9 1040.0
1 0.51 1302.4 1010.3 1297.2 1023.0 1267.6 1011.1 1272.8 998.3
1 0.49 1906.1 648.4 1887.1 649.4 1884.8 605.1 1903.8 604.1
1 0.54 1875.8 848.7 1858.6 849.6 1856.6 811.8 1873.8 810.9
1 0.56 1888.5 978.5 1871.1 979.4 1869.2 943.2 1886.6 942.3
1 0.61 1880.3 704.6 1862.4 705.2 1861.0 666.8 1878.9 666.1
1 0.62 1859.3 542.5 1876.8 543.1 1875.5 580.9 1857.9 580.3
1 0.64 1855.8 621.8 1838.5 623.0 1836.0 586.8 1853.3 585.6
1 0.36 951.3 520.6 928.1 522.2 922.8 446.5 946.1 444.9
1 0.59 959.6 738.9 941.9 740.4 938.1 697.1 955.8 695.5
1 0.59 7.8 74.8 24.3 75.7 22.5 111.0 5.9 110.2
1 0.43 1843.7 335.2 1827.2 336.0 1825.4 302.1 1842.0 301.2
1 0.28 1844.5 869.0 1829.1 870.3 1826.5 839.9 1841.8 838.6
1 0.51 1899.5 422.1 1878.0 423.3 1876.0 383.6 1897.4 382.5
1 0.57 1856.4 317.7 1873.9 318.3 1872.6 357.3 1855.0 356.6
1 0.62 1889.5 165.5 1872.1 166.4 1870.1 129.3 1887.5 128.4
