1 0.37 853.8 1034.5 855.0 1051.8 817.7 1054.4 816.5 1037.1
1 0.64 1723.2 210.8 1708.5 214.5 1700.6 183.2 1715.4 179.5
1 0.61 1821.2 89.7 1807.8 94.4 1798.4 67.2 1811.9 62.5
1 0.61 1827.8 495.4 1812.7 500.0 1803.1 468.6 1818.2 464.0
1 0.59 1804.0 332.2 1788.9 336.3 1780.3 304.4 1795.5 300.4
1 0.48 1842.3 477.5 1827.7 481.1 1820.2 451.1 1834.8 447.5
1 0.43 1809.5 190.3 1797.8 193.9 1789.3 166.3 1801.1 162.7
1 0.38 1673.2 40.1 1660.9 43.1 1654.1 16.0 1666.4 12.9
1 0.36 1781.9 328.1 1766.8 332.7 1757.1 300.7 1772.2 296.1
1 0.27 1692.0 15.5 1676.9 18.2 1671.4 -12.7 1686.6 -15.4
1 0.64 1778.8 493.1 1761.0 497.6 1751.9 460.8 1769.7 456.4
1 0.64 1776.4 395.7 1760.7 399.6 1752.8 367.8 1768.5 363.9
1 0.6 1926.8 508.2 1910.4 512.3 1902.0 478.6 1918.4 474.5
1 0.54 1891.4 474.3 1877.7 478.5 1868.3 447.6 1882.0 443.4
1 0.42 1928.3 453.5 1914.1 457.1 1906.3 425.7 1920.5 422.2
1 0.48 907.4 629.5 891.5 630.9 888.2 592.8 904.1 591.4
1 0.42 1209.5 807.2 1206.9 823.4 1169.8 817.6 1172.4 801.3
1 0.58 933.1 344.7 917.6 346.6 913.2 311.1 928.7 309.2
1 0.43 953.7 555.3 935.7 556.9 932.6 522.1 950.7 520.5
1 0.55 1100.4 1014.1 1102.9 1030.4 1065.7 1036.2 1063.1 1020.0
1 0.6 552.5 1027.4 552.8 1044.1 511.8 1044.8 511.5 1028.1
1 0.67 1903.9 788.3 1886.1 792.8 1876.5 754.1 1894.3 749.7
1 0.61 1857.5 684.8 1839.6 689.3 1830.8 654.1 1848.7 649.7
1 0.61 1873.3 836.8 1853.6 841.8 1843.4 801.2 1863.2 796.3
1 0.43 732.7 936.1 734.2 952.6 694.2 956.1 692.8 939.6
1 0.6 294.3 1036.6 294.3 1052.8 254.7 1052.8 254.7 1036.6
