1 0.31 1192.5 676.1 1190.8 692.2 1153.8 688.3 1155.5 672.2
1 0.63 1782.2 435.5 1765.9 439.6 1757.6 406.2 1773.9 402.1
1 0.28 486.2 1055.3 486.2 1072.7 454.3 1072.7 454.3 1055.3
1 0.64 1830.0 525.0 1813.6 530.0 1803.0 495.2 1819.4 490.2
1 0.64 1788.2 531.0 1770.1 536.6 1759.0 500.1 1777.0 494.5
1 0.44 1850.5 511.4 1834.6 516.3 1824.0 481.6 1839.9 476.8
1 0.31 1747.3 256.1 1732.3 259.8 1724.4 228.1 1739.4 224.4
1 0.62 907.7 245.2 892.2 247.1 887.9 212.5 903.4 210.6
1 0.49 888.5 488.0 872.6 489.4 869.4 453.4 885.3 452.0
1 0.45 936.4 444.3 918.2 447.5 912.2 413.5 930.4 410.3
1 0.65 1906.7 457.3 1890.5 462.9 1879.6 431.2 1895.8 425.6
1 0.64 1911.5 407.8 1897.0 413.3 1885.8 384.0 1900.2 378.5
1 0.35 729.4 814.0 731.4 830.5 692.3 835.3 690.3 818.8
1 0.48 353.9 965.0 354.5 981.2 311.0 982.8 310.4 966.5
1 0.57 456.3 916.8 456.9 932.6 417.1 934.0 416.6 918.1
1 0.56 1700.9 179.3 1686.6 183.9 1677.3 155.5 1691.7 150.8
1 0.62 1719.4 107.0 1706.4 110.9 1697.3 81.3 1710.3 77.3
1 0.59 1788.6 49.1 1775.9 54.3 1765.3 28.0 1778.0 22.8
1 0.58 1751.3 216.9 1737.8 220.2 1730.5 191.2 1744.0 187.8
1 0.56 1694.4 229.0 1678.5 234.2 1667.7 200.9 1683.6 195.7
1 0.45 1789.1 175.4 1777.8 179.3 1768.6 152.6 1779.9 148.7
1 0.32 1695.3 96.1 1682.0 101.4 1670.4 72.7 1683.7 67.3
1 0.5 1901.1 762.6 1884.5 767.7 1873.4 731.4 1890.0 726.3
1 0.42 1883.7 467.8 1870.5 472.1 1861.0 442.9 1874.2 438.6
1 0.28 1927.2 774.6 1911.5 778.8 1901.5 741.3 1917.2 737.1
1 0.59 1884.9 1075.3 1869.8 1082.7 1852.1 1046.4 1867.2 1039.0
1 0.4 1847.8 221.8 1835.8 227.4 1824.9 204.2 1837.0 198.6
1 0.58 200.3 932.9 200.9 948.8 162.5 950.2 161.9 934.2
1 0.52 92.7 973.5 93.3 990.2 51.4 991.7 50.8 975.0
