1 0.33 952.1 639.4 930.1 641.0 924.9 567.1 946.9 565.6
1 0.47 1877.2 619.2 1898.4 619.9 1897.1 658.1 1875.9 657.3
1 0.59 1856.3 871.8 1839.2 873.0 1836.8 837.9 1853.9 836.7
1 0.6 1880.4 945.2 1862.4 946.4 1859.8 908.4 1877.8 907.1
1 0.64 1875.8 828.7 1858.2 829.6 1856.3 793.0 1873.9 792.1
1 0.64 1861.0 486.2 1843.9 487.1 1841.9 447.8 1858.9 446.9
1 0.44 872.6 35.1 857.1 36.5 853.8 -1.2 869.3 -2.6
1 0.58 960.6 855.2 943.6 856.7 939.9 814.6 956.9 813.1
1 0.46 1905.4 880.7 1887.3 882.0 1884.3 839.6 1902.4 838.3
1 0.49 1833.1 753.0 1819.4 754.0 1817.3 722.9 1830.9 721.9
1 0.55 1872.8 616.6 1855.1 617.6 1853.1 580.6 1870.9 579.7
1 0.58 1845.3 612.6 1829.4 613.2 1828.3 580.3 1844.1 579.7
1 0.61 1875.5 388.7 1891.6 389.9 1889.4 421.2 1873.3 420.0
1 0.34 1926.1 183.4 1901.5 185.1 1898.0 134.0 1922.5 132.3
1 0.6 1860.7 164.1 1842.3 165.0 1840.2 124.9 1858.6 124.0
1 0.26 1877.8 1093.3 1860.9 1094.8 1857.7 1057.5 1874.5 1056.0
1 0.54 12.0 196.3 28.2 196.9 27.0 232.0 10.7 231.5
