1 0.48 597.9 479.2 597.9 493.2 569.7 493.2 569.7 479.2
1 0.57 598.4 355.1 598.1 368.6 567.8 368.1 568.1 354.6
1 0.58 831.2 376.7 846.3 377.5 844.5 411.3 829.5 410.5
1 0.56 785.3 505.2 767.9 506.7 764.6 469.3 782.0 467.8
1 0.52 759.9 506.2 744.9 507.0 743.1 473.0 758.1 472.2
1 0.67 604.8 379.3 603.5 393.5 571.9 390.7 573.2 376.5
1 0.66 605.2 399.0 605.2 413.4 572.6 413.4 572.6 399.0
1 0.64 599.8 459.3 599.8 475.4 563.0 475.4 563.0 459.3
1 0.63 846.1 450.9 830.1 452.0 827.7 417.3 843.7 416.2
1 0.63 833.0 330.5 846.7 331.5 844.4 365.2 830.6 364.2
1 0.61 868.9 296.7 855.2 297.2 854.0 263.4 867.7 262.9
1 0.61 603.9 421.7 603.2 435.6 570.6 433.9 571.3 420.0
1 0.61 601.1 335.9 600.7 349.1 568.6 348.0 569.0 334.8
1 0.58 603.4 442.5 602.1 456.5 569.7 453.6 571.0 439.6
1 0.65 1898.3 31.1 1916.7 32.7 1913.3 71.7 1894.8 70.1
1 0.59 1834.2 283.7 1851.3 285.2 1848.2 320.8 1831.1 319.3
1 0.47 1841.4 59.4 1857.6 60.8 1854.4 97.5 1838.2 96.0
1 0.41 1871.1 240.0 1887.4 240.8 1885.6 274.8 1869.3 274.0
1 0.4 1854.5 538.5 1871.4 540.0 1868.2 576.6 1851.3 575.1
1 0.37 1901.9 391.0 1922.7 392.8 1919.3 432.1 1898.5 430.3
1 0.31 1820.9 603.3 1839.8 604.0 1838.4 643.4 1819.5 642.7
1 0.52 828.0 886.2 841.8 887.2 839.5 920.4 825.7 919.4
1 0.62 860.3 202.6 875.6 203.1 874.3 239.3 859.0 238.8
1 0.47 1860.7 747.3 1878.5 748.8 1875.3 785.5 1857.5 783.9
1 0.6 1833.7 988.7 1851.1 989.7 1849.2 1025.5 1831.8 1024.6
1 0.52 1876.8 971.1 1893.8 972.3 1891.7 1003.3 1874.6 1002.1
