1 0.54 824.3 760.2 838.8 760.8 837.7 794.7 823.1 794.2
1 0.57 599.9 311.3 598.4 325.1 566.0 321.7 567.4 307.9
1 0.54 600.5 288.2 600.2 302.5 567.5 301.9 567.8 287.6
1 0.49 594.8 348.4 594.6 362.5 565.4 362.0 565.6 347.9
1 0.28 1830.2 323.5 1846.9 325.0 1843.7 362.2 1826.9 360.8
1 0.67 601.7 247.2 600.4 261.2 568.8 258.5 570.0 244.5
1 0.64 783.0 375.4 765.0 376.7 762.3 338.7 780.3 337.5
1 0.64 601.2 267.9 601.0 282.4 569.2 281.9 569.4 267.3
1 0.61 597.0 327.3 597.0 343.4 559.8 343.4 559.8 327.3
1 0.6 844.1 318.9 828.0 320.3 824.9 285.2 841.0 283.8
1 0.57 828.2 241.9 844.2 242.8 842.2 279.7 826.2 278.9
1 0.61 594.6 222.2 594.6 236.1 565.4 236.1 565.4 222.2
1 0.54 757.5 375.4 742.3 376.2 740.5 341.6 755.7 340.8
1 0.63 1840.7 8.7 1857.6 10.2 1854.4 47.0 1837.4 45.5
1 0.49 1875.4 447.6 1892.9 449.1 1889.6 486.8 1872.1 485.3
1 0.33 1862.2 293.3 1878.8 294.7 1875.5 332.5 1858.9 331.1
1 0.28 1877.1 -13.7 1894.7 -12.4 1892.1 24.5 1874.6 23.3
1 0.27 1897.3 505.3 1915.0 506.2 1913.1 542.1 1895.5 541.2
1 0.59 597.5 204.1 596.8 217.2 565.7 215.6 566.4 202.5
1 0.61 867.4 164.5 852.9 165.3 851.1 131.0 865.6 130.2
1 0.58 1847.7 702.4 1864.9 703.9 1861.8 740.4 1844.5 738.9
1 0.48 1886.7 738.6 1904.1 740.1 1901.4 771.3 1884.0 769.8
1 0.58 843.9 232.4 829.0 232.9 827.8 198.0 842.6 197.5
1 0.55 858.1 68.2 873.5 68.7 872.2 105.6 856.8 105.1
1 0.62 1824.8 1029.7 1807.8 1030.6 1806.0 995.4 1822.9 994.5
1 0.52 1866.6 979.9 1887.1 981.4 1884.5 1018.2 1864.0 1016.8
