1 0.45 1842.9 560.3 1871.5 563.3 1862.8 646.6 1834.2 643.6
1 0.64 1894.4 560.4 1911.1 561.9 1908.0 596.8 1891.4 595.4
1 0.49 949.4 583.6 934.8 584.4 933.0 551.3 947.7 550.5
1 0.51 1012.5 830.7 1025.9 831.6 1023.7 863.0 1010.3 862.1
1 0.52 898.7 405.3 915.3 406.8 912.2 443.1 895.5 441.7
1 0.57 1139.2 404.9 1121.4 405.9 1119.3 366.6 1137.2 365.7
1 0.61 937.1 676.6 922.2 677.4 920.3 641.6 935.2 640.9
1 0.64 1108.8 317.2 1116.7 332.1 1083.7 349.6 1075.8 334.7
1 0.51 1867.7 306.2 1885.5 309.0 1879.4 347.7 1861.6 344.9
1 0.58 1897.6 388.4 1916.1 391.0 1910.4 432.1 1891.8 429.5
1 0.42 1071.3 283.9 1088.7 294.3 1069.6 326.2 1052.2 315.7
1 0.56 1024.8 964.2 1010.6 964.9 1008.8 930.6 1023.0 929.9
1 0.61 1881.0 721.9 1899.4 723.5 1896.0 762.1 1877.7 760.5
1 0.57 1908.4 673.6 1925.5 675.1 1922.4 711.1 1905.3 709.6
