1 0.53 1001.1 317.5 1015.3 318.8 1012.6 350.5 998.3 349.2
1 0.54 939.0 59.7 922.7 61.1 919.4 23.6 935.8 22.1
1 0.3 368.6 964.4 372.8 980.1 337.7 989.4 333.6 973.8
1 0.56 294.1 988.1 279.9 988.9 278.1 955.9 292.4 955.2
1 0.61 418.8 1012.6 428.8 1024.4 400.0 1048.5 390.1 1036.7
1 0.38 1877.1 361.3 1896.4 363.0 1893.3 398.6 1874.0 396.9
1 0.51 1908.1 333.3 1924.7 334.2 1922.8 368.8 1906.3 367.9
1 0.59 1840.5 776.3 1857.4 777.8 1854.2 814.0 1837.3 812.5
1 0.61 1884.2 34.3 1903.0 36.0 1899.8 73.3 1880.9 71.6
1 0.6 1013.4 454.9 998.5 455.6 996.6 419.3 1011.5 418.5
1 0.5 886.4 862.3 901.9 862.9 900.7 898.6 885.2 898.0
1 0.48 924.8 154.5 908.1 155.3 906.2 119.3 922.9 118.4
1 0.56 1896.0 933.9 1913.8 935.5 1910.5 973.2 1892.7 971.7
1 0.63 1852.3 881.6 1870.7 883.2 1867.6 918.7 1849.2 917.1
1 0.62 901.6 690.0 916.0 690.7 914.2 725.3 899.8 724.6
