1 0.42 1046.1 184.9 1064.7 192.8 1050.1 227.1 1031.5 219.2
1 0.55 1022.8 839.2 1008.1 840.0 1006.3 805.1 1020.9 804.3
1 0.47 1023.0 738.0 1009.0 738.0 1009.0 705.9 1023.0 705.9
1 0.63 934.4 547.7 919.1 548.5 917.2 512.5 932.5 511.7
1 0.32 1911.0 276.8 1927.8 279.2 1922.7 315.6 1905.9 313.2
1 0.46 1852.1 368.8 1881.9 372.4 1871.4 458.2 1841.6 454.6
1 0.64 1891.1 444.6 1910.1 446.3 1906.5 486.5 1887.6 484.9
1 0.51 895.3 273.7 912.9 275.3 909.7 312.4 892.0 310.8
1 0.5 1845.8 903.6 1862.3 905.0 1859.4 937.3 1842.9 935.9
1 0.55 948.8 454.9 933.0 456.3 930.0 421.3 945.7 420.0
1 0.46 1137.5 273.5 1119.8 274.7 1117.0 235.0 1134.7 233.8
1 0.66 1103.7 187.6 1111.5 202.4 1078.5 220.0 1070.6 205.1
1 0.53 1875.8 116.8 1894.6 118.5 1891.1 158.2 1872.3 156.5
1 0.54 1905.9 149.1 1926.8 152.0 1920.6 195.6 1899.8 192.7
