1 0.4 959.2 651.7 941.8 653.2 938.6 617.1 956.0 615.6
1 0.59 932.8 4.2 932.8 20.8 896.3 20.8 896.3 4.2
1 0.58 1009.7 733.8 993.3 734.7 991.3 696.8 1007.7 695.9
1 0.58 1010.4 589.3 994.2 590.1 992.2 552.7 1008.4 551.9
1 0.57 1067.0 623.6 1047.7 626.3 1042.1 586.7 1061.4 584.0
1 0.33 998.0 911.9 1012.0 913.1 1009.1 945.6 995.2 944.4
1 0.61 964.4 560.0 980.4 560.8 978.5 597.7 962.4 596.9
1 0.6 824.7 249.9 840.8 250.8 838.9 287.1 822.8 286.3
1 0.41 980.1 392.7 962.9 393.6 960.9 357.3 978.2 356.4
1 0.56 922.7 167.3 920.6 182.7 884.9 177.7 887.1 162.3
1 0.56 846.9 241.3 864.5 241.9 863.2 279.9 845.6 279.3
1 0.54 996.5 312.5 1012.8 313.1 1011.6 347.7 995.3 347.2
1 0.41 1008.5 406.6 1022.5 418.7 993.0 452.6 979.0 440.5
