1 0.35 967.8 358.3 985.7 359.0 984.4 394.2 966.6 393.6
1 0.53 1045.1 526.7 1030.8 536.7 1006.3 501.8 1020.6 491.8
1 0.51 1011.9 410.6 1025.1 423.4 993.7 456.0 980.5 443.2
1 0.61 957.7 559.6 973.5 561.0 970.2 598.2 954.5 596.8
1 0.6 986.2 554.4 1002.9 554.9 1001.6 593.3 984.8 592.7
1 0.59 977.8 698.7 993.5 700.1 990.4 736.6 974.6 735.3
1 0.46 931.2 615.8 945.7 617.1 942.9 649.3 928.3 648.0
1 0.61 836.7 241.5 853.7 243.0 850.4 280.4 833.5 278.9
1 0.57 960.0 2.8 959.1 20.1 923.1 18.2 924.0 0.9
1 0.56 940.3 165.5 937.3 180.9 901.6 174.0 904.6 158.5
1 0.52 860.3 234.3 878.6 235.9 875.2 274.5 856.9 272.9
1 0.51 1005.2 314.7 1022.1 316.2 1019.0 352.2 1002.0 350.7
1 0.63 1885.3 902.5 1903.6 905.4 1897.8 941.8 1879.6 938.9
