1 0.37 1008.5 449.5 1022.8 461.6 993.8 496.2 979.4 484.2
1 0.6 1011.1 630.1 995.0 631.5 991.7 594.5 1007.9 593.1
1 0.58 1009.8 773.8 993.5 774.7 991.5 736.8 1007.9 736.0
1 0.56 1066.1 711.2 1047.5 712.8 1044.2 675.0 1062.8 673.4
1 0.54 996.0 357.0 1012.7 357.6 1011.5 391.8 994.8 391.2
1 0.49 979.9 436.0 962.9 436.8 961.1 402.0 978.1 401.1
1 0.6 964.4 600.8 980.3 601.6 978.3 638.4 962.4 637.6
1 0.57 957.3 690.4 941.0 691.3 939.2 657.7 955.6 656.9
1 0.3 1004.3 896.6 1019.6 898.7 1014.9 932.0 999.6 929.8
1 0.57 826.4 296.2 841.9 297.5 838.8 332.6 823.3 331.2
1 0.56 847.9 287.6 865.3 288.2 864.0 325.6 846.6 325.0
1 0.59 932.8 57.2 932.8 73.4 897.5 73.4 897.5 57.2
1 0.58 923.2 215.5 920.7 230.8 885.2 225.1 887.6 209.9
