1 0.38 1181.5 581.2 1181.5 596.9 1143.6 596.9 1143.6 581.2
1 0.45 745.7 571.5 745.7 585.9 710.3 585.9 710.3 571.5
1 0.54 208.8 669.7 216.4 683.4 184.3 701.2 176.7 687.5
1 0.62 827.9 519.1 827.7 532.6 795.3 532.1 795.5 518.6
1 0.62 892.9 572.4 893.5 587.9 854.3 589.3 853.7 573.7
1 0.61 885.4 543.3 884.9 558.7 847.3 557.3 847.8 542.0
1 0.48 1086.6 543.4 1086.6 558.2 1051.7 558.2 1051.7 543.4
1 0.47 1085.7 578.4 1085.7 593.5 1050.0 593.5 1050.0 578.4
1 0.46 1035.7 588.0 1023.6 601.9 991.0 573.6 1003.1 559.7
1 0.45 1130.1 578.3 1130.4 592.7 1097.0 593.3 1096.7 578.9
1 0.51 1632.8 475.6 1615.3 477.2 1611.9 439.2 1629.5 437.6
1 0.56 1417.8 483.1 1434.8 483.7 1433.6 518.4 1416.5 517.8
1 0.61 1204.7 430.4 1204.1 446.8 1164.6 445.4 1165.1 429.0
1 0.6 1195.6 407.5 1195.1 422.4 1158.9 421.1 1159.4 406.2
1 0.52 1264.8 468.6 1280.0 470.8 1275.3 504.4 1260.1 502.3
