1 0.53 1264.8 468.6 1280.1 470.8 1275.3 504.3 1260.1 502.2
1 0.61 746.2 571.9 746.2 587.5 709.7 587.5 709.7 571.9
1 0.43 1035.3 587.7 1023.1 601.7 990.8 573.6 1003.0 559.6
1 0.64 828.3 519.8 828.0 533.4 795.4 532.8 795.6 519.2
1 0.63 893.1 573.1 893.4 588.9 854.4 589.6 854.1 573.8
1 0.61 885.8 543.9 885.3 559.7 847.4 558.3 847.9 542.6
1 0.55 1085.6 579.7 1085.3 594.3 1051.1 593.7 1051.4 579.1
1 0.53 1086.9 544.2 1086.6 558.6 1052.4 558.0 1052.6 543.6
1 0.48 848.9 629.5 848.9 644.3 814.5 644.3 814.5 629.5
1 0.42 1129.9 578.4 1130.2 593.0 1097.0 593.5 1096.7 578.9
1 0.6 1434.8 516.0 1418.4 516.8 1416.7 483.0 1433.0 482.1
1 0.53 1633.8 472.2 1616.9 474.9 1611.0 437.5 1627.9 434.8
1 0.47 1181.5 581.2 1182.0 596.2 1144.4 597.5 1143.9 582.5
1 0.62 1204.4 430.6 1203.8 446.8 1164.8 445.4 1165.4 429.3
1 0.49 960.4 156.4 975.3 156.9 974.1 191.5 959.2 191.0
1 0.6 1195.8 407.7 1195.3 422.7 1158.9 421.4 1159.4 406.4
