1 0.54 1633.7 472.4 1616.7 475.0 1610.8 437.6 1627.8 434.9
1 0.61 1195.5 407.6 1194.9 422.5 1158.6 421.2 1159.1 406.3
1 0.56 1434.6 516.1 1418.4 516.9 1416.6 483.1 1432.8 482.2
1 0.63 893.2 572.3 893.7 588.4 854.0 589.8 853.4 573.7
1 0.63 827.9 519.6 827.7 532.9 795.2 532.4 795.5 519.0
1 0.6 745.6 571.2 745.6 586.9 709.3 586.9 709.3 571.2
1 0.59 885.2 543.6 884.7 559.2 846.9 557.9 847.4 542.3
1 0.51 1085.9 578.8 1085.9 593.6 1049.8 593.6 1049.8 578.8
1 0.51 955.8 463.8 970.2 466.6 963.6 500.6 949.2 497.8
1 0.51 1086.7 543.4 1086.7 558.3 1051.5 558.3 1051.5 543.4
1 0.45 1035.9 587.8 1023.6 602.0 990.7 573.5 1003.1 559.3
1 0.44 1130.3 577.8 1130.9 592.9 1096.7 594.1 1096.2 578.9
1 0.62 1204.4 430.5 1203.8 446.7 1164.5 445.3 1165.0 429.1
1 0.54 1264.7 468.1 1280.0 470.2 1275.2 504.2 1259.9 502.1
1 0.37 1180.8 581.8 1180.8 597.2 1143.8 597.2 1143.8 581.8
