1 0.51 1438.8 586.1 1422.1 586.9 1420.3 552.2 1437.0 551.3
1 0.39 1184.6 650.3 1185.2 665.5 1148.8 666.7 1148.2 651.5
1 0.66 832.5 589.7 832.3 603.2 800.5 602.7 800.8 589.2
1 0.63 889.8 613.6 889.2 629.7 851.0 628.4 851.5 612.2
1 0.52 1091.3 613.8 1091.3 628.7 1055.4 628.7 1055.4 613.8
1 0.46 951.3 328.3 967.5 328.8 966.2 364.9 950.1 364.3
1 0.42 971.4 364.5 986.8 365.9 983.8 400.7 968.4 399.3
1 0.62 751.6 641.2 751.6 657.0 714.2 657.0 714.2 641.2
1 0.6 896.3 642.9 896.3 658.7 858.5 658.7 858.5 642.9
1 0.4 1041.3 657.6 1029.3 672.3 995.7 645.1 1007.7 630.4
1 0.37 1132.0 646.7 1132.8 661.5 1100.9 663.2 1100.1 648.4
1 0.35 1088.4 648.3 1088.4 662.3 1054.8 662.3 1054.8 648.3
1 0.62 1208.5 500.2 1207.9 517.1 1168.3 515.7 1168.8 498.8
1 0.61 1199.2 477.9 1198.7 492.9 1162.3 491.7 1162.8 476.6
1 0.6 1268.9 538.5 1284.1 540.6 1279.4 574.0 1264.2 571.9
1 0.64 1637.3 541.9 1621.4 544.4 1615.7 508.7 1631.6 506.2
