1 0.28 1132.2 713.3 1132.5 728.8 1100.4 729.3 1100.1 713.9
1 0.44 969.4 724.4 955.0 727.1 948.5 693.6 962.8 690.9
1 0.62 832.5 655.5 832.2 668.6 800.5 668.1 800.8 655.0
1 0.62 1199.5 543.4 1199.0 558.7 1162.5 557.4 1163.0 542.1
1 0.61 896.7 709.0 896.7 724.6 858.4 724.6 858.4 709.0
1 0.6 889.6 679.5 888.7 695.7 851.1 693.7 851.9 677.5
1 0.57 1267.9 604.4 1283.6 605.8 1280.6 639.7 1264.9 638.3
1 0.52 1040.4 722.2 1028.4 737.0 994.5 709.5 1006.5 694.8
1 0.52 751.5 706.8 751.3 722.8 712.5 722.1 712.8 706.2
1 0.46 1091.3 679.5 1091.3 694.6 1055.4 694.6 1055.4 679.5
1 0.41 1183.6 717.7 1183.6 733.1 1148.2 733.1 1148.2 717.7
1 0.32 1089.3 714.5 1089.3 729.7 1054.1 729.7 1054.1 714.5
1 0.64 1208.7 566.4 1208.1 583.1 1168.7 581.7 1169.3 565.0
1 0.51 986.3 57.3 1001.2 59.4 996.2 95.3 981.3 93.2
1 0.56 1439.0 651.9 1422.2 652.8 1420.5 618.7 1437.2 617.8
1 0.62 1637.9 608.1 1622.3 610.6 1616.7 575.1 1632.3 572.6
1 0.63 1766.4 110.9 1766.1 127.3 1730.6 126.7 1730.9 110.3
