1 0.55 1439.1 586.8 1422.3 587.7 1420.5 553.4 1437.3 552.5
1 0.62 751.6 641.2 751.6 657.1 714.3 657.1 714.3 641.2
1 0.38 891.1 643.2 891.4 658.5 858.5 659.1 858.2 643.8
1 0.62 833.0 590.0 832.8 603.6 800.6 603.0 800.9 589.4
1 0.62 890.0 613.9 889.4 629.9 851.6 628.6 852.2 612.5
1 0.57 953.4 458.3 969.3 459.7 966.2 495.3 950.3 493.9
1 0.52 1091.3 614.7 1091.0 629.3 1056.8 628.7 1057.1 614.2
1 0.47 1039.7 659.0 1027.5 672.6 995.6 643.9 1007.8 630.3
1 0.42 1088.7 650.2 1088.5 664.4 1054.9 663.8 1055.1 649.6
1 0.34 1132.0 648.3 1132.0 663.1 1100.4 663.1 1100.4 648.3
1 0.61 1637.0 543.6 1621.0 545.6 1616.5 509.5 1632.5 507.5
1 0.6 1269.0 538.8 1284.5 541.0 1279.7 574.9 1264.2 572.7
1 0.64 1208.8 501.2 1208.3 517.7 1168.8 516.3 1169.4 499.8
1 0.62 1199.3 478.4 1198.7 493.5 1162.6 492.2 1163.2 477.1
1 0.41 1185.0 650.6 1185.6 665.9 1148.9 667.2 1148.4 651.9
1 0.53 974.7 205.2 989.7 205.7 988.5 240.2 973.5 239.7
