1 0.3 947.9 575.3 960.9 576.2 958.8 607.2 945.7 606.2
1 0.62 1637.7 545.7 1621.6 548.3 1615.9 512.2 1632.0 509.7
1 0.62 1199.2 480.6 1198.7 495.9 1162.7 494.7 1163.2 479.4
1 0.56 1267.8 541.1 1283.2 542.4 1280.3 576.4 1264.9 575.1
1 0.53 1438.4 589.1 1421.7 589.6 1420.5 555.4 1437.2 554.9
1 0.48 1088.8 651.2 1088.8 666.1 1053.4 666.1 1053.4 651.2
1 0.47 1090.9 615.9 1090.9 630.8 1055.6 630.8 1055.6 615.9
1 0.44 1045.3 664.9 1032.5 679.7 993.8 646.1 1006.7 631.4
1 0.38 1183.7 654.0 1183.7 669.6 1148.2 669.6 1148.2 654.0
1 0.62 750.9 643.1 750.9 658.9 713.5 658.9 713.5 643.1
1 0.61 832.7 591.6 832.4 605.1 800.3 604.5 800.5 591.1
1 0.54 887.1 615.4 886.6 631.2 850.8 630.0 851.3 614.2
1 0.44 890.6 645.2 890.8 660.4 858.0 661.0 857.7 645.8
1 0.65 1571.0 45.0 1570.7 60.3 1537.4 59.7 1537.6 44.5
1 0.65 1208.5 502.8 1207.9 519.7 1168.6 518.3 1169.2 501.4
1 0.43 978.6 77.1 993.9 78.4 990.7 114.1 975.4 112.7
1 0.62 1134.8 651.8 1134.6 666.3 1100.3 665.7 1100.6 651.2
