1 0.34 1832.3 248.4 1848.0 250.6 1843.1 286.0 1827.3 283.8
1 0.53 1842.3 377.7 1827.8 378.4 1826.1 346.9 1840.7 346.1
1 0.55 1200.9 993.0 1200.6 1008.8 1164.6 1008.2 1164.9 992.4
1 0.39 1270.3 1050.7 1284.9 1052.8 1280.3 1085.0 1265.7 1083.0
1 0.64 1771.4 338.9 1786.8 340.0 1784.5 371.8 1769.2 370.8
1 0.54 1527.5 359.5 1510.9 360.4 1509.1 325.6 1525.6 324.7
1 0.32 1598.3 366.2 1581.2 367.7 1577.9 330.8 1595.1 329.3
1 0.39 1616.4 369.2 1601.1 370.0 1599.4 338.1 1614.8 337.3
1 0.42 1697.7 338.7 1712.6 340.1 1709.9 371.8 1694.9 370.5
1 0.42 1660.9 334.4 1675.9 335.7 1673.3 366.4 1658.3 365.1
1 0.44 1904.1 245.8 1918.9 247.0 1915.9 281.0 1901.2 279.7
1 0.44 1551.3 359.7 1535.3 361.1 1532.4 327.8 1548.4 326.4
1 0.49 1825.1 377.5 1811.0 378.5 1808.7 345.9 1822.8 344.9
1 0.49 1884.9 243.2 1902.1 244.7 1898.9 281.1 1881.7 279.6
1 0.5 1679.9 239.0 1697.4 240.5 1694.4 274.8 1676.9 273.3
1 0.51 1805.8 375.1 1791.2 375.9 1789.6 345.5 1804.2 344.8
1 0.53 1865.2 342.3 1881.2 342.9 1880.0 376.7 1864.0 376.1
1 0.63 1637.9 364.9 1621.6 365.5 1620.4 331.7 1636.8 331.1
1 0.53 1884.2 342.2 1898.5 342.6 1897.3 376.0 1883.0 375.5
1 0.57 1813.6 246.6 1829.2 248.8 1824.3 283.5 1808.8 281.3
1 0.63 1736.3 243.3 1751.6 244.6 1748.6 278.7 1733.3 277.4
1 0.58 1738.7 368.6 1722.7 370.0 1719.7 335.4 1735.6 334.0
1 0.59 1918.3 375.5 1901.9 377.0 1898.8 341.4 1915.2 340.0
1 0.59 1792.3 247.6 1807.8 249.0 1804.7 284.6 1789.2 283.2
1 0.59 1774.1 246.4 1790.2 247.8 1787.1 283.8 1770.9 282.4
1 0.6 1574.6 366.5 1557.2 367.1 1555.9 328.6 1573.2 328.0
1 0.6 1658.0 366.6 1643.2 367.6 1641.0 335.7 1655.8 334.7
1 0.6 1754.2 244.5 1769.8 245.0 1768.5 280.0 1753.0 279.5
1 0.61 1860.8 374.6 1846.1 375.3 1844.4 344.0 1859.2 343.2
1 0.62 1677.8 331.3 1693.6 331.8 1692.4 367.4 1676.5 366.8
1 0.62 1757.3 370.1 1741.7 370.9 1739.8 335.0 1755.4 334.2
1 0.62 1209.4 1013.5 1209.4 1030.8 1171.3 1030.8 1171.3 1013.5
1 0.55 1107.9 356.0 1117.6 367.6 1089.0 391.6 1079.3 380.0
1 0.61 1634.0 1051.3 1618.8 1053.1 1614.6 1018.5 1629.8 1016.6
1 0.36 1700.0 240.3 1715.8 241.7 1712.7 276.9 1696.9 275.5
1 0.63 1718.7 241.3 1734.2 242.6 1731.1 277.9 1715.6 276.5
