1 0.29 1323.6 749.0 1313.9 752.2 1306.6 729.8 1316.4 726.6
1 0.56 1758.4 1083.2 1742.4 1084.1 1740.5 1047.5 1756.5 1046.7
1 0.5 1788.8 1086.5 1772.2 1087.9 1769.0 1051.7 1785.6 1050.3
1 0.5 1884.4 1090.5 1867.3 1092.0 1864.0 1053.9 1881.1 1052.4
1 0.52 1327.6 1000.1 1329.6 1016.2 1293.1 1020.7 1291.1 1004.6
1 0.52 1641.0 1086.7 1623.8 1087.6 1621.7 1048.4 1639.0 1047.5
1 0.53 1919.9 1086.2 1903.7 1087.6 1900.5 1051.3 1916.8 1049.9
1 0.54 1795.1 962.2 1809.8 963.5 1807.1 995.2 1792.3 993.9
1 0.57 1679.3 1045.4 1694.4 1046.0 1693.2 1081.5 1678.0 1081.0
1 0.49 1862.7 1090.6 1846.2 1091.4 1844.3 1055.4 1860.8 1054.5
1 0.57 1886.4 955.2 1904.0 956.7 1901.0 991.2 1883.4 989.7
1 0.57 1720.6 957.3 1735.9 958.7 1732.9 992.9 1717.6 991.5
1 0.57 1738.9 959.4 1754.5 960.8 1751.6 994.2 1736.0 992.9
1 0.58 1740.4 1084.5 1723.3 1086.0 1720.1 1048.5 1737.1 1047.0
1 0.58 1776.2 961.1 1791.2 962.4 1788.4 994.3 1773.4 993.0
1 0.59 1815.0 961.5 1830.3 962.8 1827.6 994.4 1812.2 993.1
1 0.49 1660.3 1085.6 1644.3 1087.0 1641.2 1052.2 1657.3 1050.8
1 0.29 1581.6 1044.0 1599.1 1044.3 1598.4 1088.1 1580.8 1087.8
1 0.38 1902.1 1090.4 1886.0 1091.2 1884.0 1053.7 1900.2 1052.8
1 0.63 1834.0 960.4 1849.8 961.7 1846.8 996.4 1831.0 995.1
1 0.37 1807.7 1091.5 1790.8 1093.0 1787.6 1055.9 1804.4 1054.4
1 0.46 1907.0 956.3 1920.4 957.2 1918.3 987.6 1904.9 986.7
1 0.46 1702.5 955.6 1718.8 957.0 1715.8 991.2 1699.6 989.8
1 0.44 1532.5 1081.7 1515.7 1082.6 1513.7 1044.6 1530.5 1043.7
1 0.43 1661.5 1046.4 1678.2 1046.7 1677.5 1086.5 1660.8 1086.2
1 0.37 1865.7 986.8 1852.7 987.7 1850.8 960.5 1863.8 959.6
1 0.3 1715.1 1087.7 1697.6 1088.6 1695.6 1050.5 1713.1 1049.6
1 0.37 1578.1 1084.0 1561.9 1084.8 1559.9 1046.2 1576.0 1045.4
1 0.61 1757.7 959.7 1773.0 961.0 1770.0 995.3 1754.7 994.0
1 0.36 1536.8 1045.8 1554.6 1046.1 1553.9 1087.7 1536.0 1087.4
1 0.36 1844.1 1088.4 1828.2 1089.8 1825.2 1055.4 1841.1 1054.0
1 0.35 1828.2 1091.9 1811.8 1093.9 1807.1 1055.7 1823.5 1053.7
1 0.33 1619.5 1087.0 1603.9 1088.3 1601.0 1054.5 1616.5 1053.1
1 0.59 1682.3 956.1 1699.9 957.0 1698.1 991.9 1680.5 991.0
1 0.58 1602.2 252.1 1587.4 253.1 1585.2 220.9 1599.9 219.8
1 0.6 1800.8 237.2 1784.1 239.9 1778.9 207.4 1795.7 204.7
