1 0.49 1786.3 679.5 1786.0 692.9 1752.4 692.3 1752.6 678.9
1 0.61 1765.8 661.6 1766.1 676.4 1730.8 677.1 1730.6 662.2
1 0.64 827.7 287.9 838.9 299.5 811.5 326.0 800.3 314.4
1 0.63 746.4 584.2 761.9 585.0 759.9 623.2 744.4 622.4
1 0.61 803.5 248.8 809.1 263.2 775.9 275.9 770.4 261.5
1 0.59 750.1 537.3 764.3 540.0 757.5 575.3 743.2 572.5
1 0.58 765.7 480.5 779.4 484.4 769.6 518.6 755.9 514.7
1 0.5 766.4 257.1 763.1 270.0 734.9 263.0 738.1 250.0
1 0.41 823.7 318.5 832.8 327.4 811.9 349.0 802.8 340.2
1 0.66 1324.2 205.2 1307.0 207.3 1302.2 168.3 1319.4 166.1
1 0.63 1314.4 150.6 1298.1 151.4 1296.2 115.0 1312.5 114.2
1 0.64 191.3 141.2 186.2 156.1 152.7 144.5 157.8 129.7
1 0.63 143.8 48.6 138.4 64.1 100.6 51.1 105.9 35.5
1 0.62 185.3 123.2 175.0 135.0 147.3 111.0 157.7 99.1
1 0.55 327.8 433.1 317.7 444.8 290.7 421.3 300.8 409.6
1 0.53 225.9 296.1 214.5 307.5 188.6 281.7 200.1 270.3
1 0.48 199.1 190.5 184.9 196.0 173.3 165.7 187.5 160.2
1 0.43 168.2 85.8 162.1 100.2 128.7 86.0 134.8 71.6
1 0.37 379.3 498.7 365.7 508.3 344.7 478.3 358.3 468.8
1 0.64 1809.1 665.0 1805.2 680.6 1769.4 671.6 1773.2 656.1
1 0.49 926.1 881.2 926.1 897.8 887.9 897.8 887.9 881.2
