1 0.39 785.7 733.0 782.1 745.6 754.1 737.6 757.7 725.0
1 0.61 1316.8 628.0 1333.2 628.6 1331.9 664.8 1315.5 664.3
1 0.6 823.0 727.1 827.4 741.3 794.7 751.3 790.3 737.1
1 0.47 839.9 796.3 848.0 805.6 826.6 824.3 818.5 814.9
1 0.6 845.2 765.0 855.3 777.0 826.0 801.6 815.9 789.6
1 0.64 12.4 144.7 29.9 147.5 24.2 183.2 6.7 180.5
1 0.64 176.8 487.6 170.7 502.9 134.4 488.2 140.5 473.0
1 0.61 27.8 262.0 34.5 276.2 -0.2 292.4 -6.8 278.1
1 0.59 45.9 278.7 52.4 293.3 18.6 308.4 12.0 293.8
1 0.59 215.1 563.8 204.2 575.4 178.6 551.5 189.5 539.9
1 0.56 219.2 582.4 213.6 596.3 182.4 583.7 188.0 569.8
1 0.49 82.2 408.1 68.4 411.5 61.3 383.1 75.1 379.7
1 0.49 200.1 526.9 192.6 542.3 160.2 526.5 167.7 511.1
1 0.44 228.4 74.6 242.1 83.9 220.6 115.8 206.8 106.5
1 0.38 224.2 630.0 209.8 633.6 202.1 602.6 216.5 599.0
1 0.64 1338.7 718.2 1321.4 719.1 1319.4 681.3 1336.8 680.4
1 0.3 444.9 951.9 453.4 968.6 406.8 992.4 398.3 975.6
1 0.36 345.3 878.5 334.8 890.1 309.1 866.8 319.5 855.3
1 0.55 756.0 1002.0 770.2 1005.0 762.7 1040.5 748.5 1037.5
1 0.5 750.2 1047.7 765.4 1049.0 762.1 1086.7 746.9 1085.3
1 0.49 774.3 947.3 788.2 952.1 776.6 986.0 762.6 981.2
1 0.36 389.9 942.7 376.0 951.0 359.1 923.0 373.1 914.6
1 0.63 224.8 738.3 241.2 739.7 238.2 774.8 221.8 773.3
