1 0.52 1337.0 618.0 1319.3 619.3 1316.6 580.8 1334.3 579.5
1 0.63 1315.2 528.1 1331.4 529.0 1329.5 565.1 1313.4 564.2
1 0.6 820.1 628.6 824.9 643.1 790.6 654.2 785.9 639.7
1 0.6 842.2 668.0 852.2 679.9 822.9 704.5 812.9 692.6
1 0.46 781.4 635.2 778.4 647.4 750.2 640.4 753.2 628.1
1 0.45 836.1 699.7 844.2 709.1 823.1 727.5 815.0 718.1
1 0.4 771.4 851.9 785.3 856.4 774.4 889.9 760.5 885.4
1 0.58 752.9 907.5 766.8 911.0 758.0 946.0 744.2 942.5
1 0.57 746.6 953.3 762.2 954.6 758.7 994.3 743.1 993.0
1 0.28 385.8 849.9 372.2 858.1 354.1 828.0 367.7 819.8
1 0.35 220.2 533.8 205.8 538.8 195.4 508.6 209.8 503.7
1 0.61 171.2 389.9 165.0 405.4 128.5 390.7 134.7 375.2
1 0.61 210.3 467.2 199.8 478.8 173.0 454.7 183.5 443.1
1 0.61 39.5 181.6 46.2 196.6 12.8 211.4 6.1 196.4
1 0.61 214.3 485.8 208.6 500.0 176.9 487.1 182.6 473.0
1 0.6 6.4 46.5 24.2 49.3 18.5 85.5 0.6 82.7
1 0.5 338.7 782.8 328.9 793.4 304.1 770.3 314.0 759.8
1 0.54 22.6 163.9 29.5 179.3 -6.7 195.5 -13.6 180.0
1 0.53 214.4 -7.7 227.7 3.0 202.4 34.2 189.1 23.5
1 0.44 76.9 310.7 63.4 314.3 56.0 286.6 69.5 283.0
1 0.44 194.1 429.4 186.5 445.0 155.1 429.7 162.7 414.1
1 0.64 241.1 665.7 224.8 669.8 216.3 636.1 232.7 632.0
