1 0.48 774.7 812.5 771.1 825.4 742.5 817.2 746.2 804.3
1 0.64 227.3 818.4 237.6 830.7 210.5 853.4 200.3 841.1
1 0.26 319.2 255.5 310.3 261.1 298.9 242.9 307.8 237.4
1 0.53 269.2 56.5 283.2 64.2 265.2 96.8 251.2 89.0
1 0.62 1328.5 799.6 1310.6 801.1 1307.3 763.1 1325.1 761.6
1 0.59 1306.3 710.2 1322.4 711.0 1320.5 747.0 1304.4 746.1
1 0.61 813.1 806.5 817.3 821.2 783.4 831.0 779.1 816.2
1 0.61 835.0 844.3 845.0 856.2 815.8 880.6 805.9 868.8
1 0.55 763.9 1026.3 777.7 1031.0 765.9 1065.3 752.1 1060.5
1 0.52 334.0 955.0 323.9 965.9 300.3 944.0 310.5 933.1
1 0.44 829.0 876.0 837.1 885.3 816.4 903.4 808.3 894.0
1 0.3 380.0 1019.6 366.3 1027.9 349.9 1000.4 363.6 992.2
1 0.29 586.3 428.5 579.4 444.8 536.1 426.5 543.1 410.1
1 0.42 213.7 708.9 199.9 712.3 192.3 681.8 206.1 678.4
1 0.45 72.1 487.6 58.4 491.0 51.6 463.4 65.2 460.0
1 0.48 17.3 340.6 24.7 355.8 -8.9 372.2 -16.3 357.0
1 0.63 205.7 643.0 195.2 655.0 168.4 631.6 178.8 619.6
1 0.61 34.6 358.7 41.1 373.2 7.7 388.1 1.2 373.5
1 0.58 167.1 566.9 161.0 582.2 124.7 567.5 130.8 552.3
1 0.57 209.1 661.4 203.6 675.5 172.2 663.5 177.6 649.3
1 0.51 190.0 606.6 183.0 620.8 151.0 605.2 158.0 590.9
1 0.6 2.2 224.0 20.2 227.8 12.4 264.2 -5.5 260.3
