1 0.3 587.2 429.4 580.0 445.6 537.6 426.7 544.8 410.5
1 0.62 813.5 807.2 817.9 821.4 785.0 831.5 780.6 817.3
1 0.59 1329.5 799.6 1312.3 801.1 1309.0 763.2 1326.2 761.7
1 0.61 836.1 844.5 846.2 856.4 816.9 880.9 806.9 869.0
1 0.36 776.1 812.4 772.3 825.9 743.5 817.7 747.4 804.1
1 0.61 1307.2 710.8 1323.3 711.6 1321.5 747.1 1305.3 746.3
1 0.53 765.6 1026.5 779.2 1030.9 767.9 1065.5 754.4 1061.1
1 0.43 73.3 488.4 58.9 492.0 52.1 464.7 66.5 461.2
1 0.26 436.5 1030.4 444.9 1046.9 398.1 1070.8 389.7 1054.3
1 0.51 335.5 955.9 325.4 966.8 301.6 944.7 311.8 933.8
1 0.47 830.4 876.3 838.5 885.7 817.6 903.8 809.5 894.5
1 0.35 379.9 1019.2 367.3 1027.0 351.4 1001.6 364.1 993.8
1 0.63 167.9 568.3 161.8 583.6 125.4 568.9 131.6 553.6
1 0.43 214.8 709.6 201.0 713.0 193.5 683.0 207.3 679.5
1 0.63 241.6 814.4 247.1 828.8 213.5 841.7 207.9 827.3
1 0.63 206.5 643.7 196.1 655.7 169.5 632.6 179.9 620.6
1 0.62 34.7 359.1 41.7 373.5 9.2 389.4 2.2 375.0
1 0.51 190.7 608.2 183.2 622.2 151.9 605.5 159.4 591.5
1 0.51 17.3 341.3 25.1 356.1 -8.3 373.9 -16.2 359.1
1 0.5 209.4 662.3 203.9 676.0 173.8 663.8 179.3 650.1
1 0.55 279.5 39.6 293.7 47.5 275.6 80.3 261.3 72.4
1 0.63 2.9 225.1 20.7 228.9 13.2 264.6 -4.7 260.8
