1 0.62 1302.3 772.6 1286.1 773.7 1283.6 738.5 1299.9 737.4
1 0.61 224.6 559.4 218.8 573.9 184.9 560.2 190.8 545.7
1 0.41 269.0 691.1 256.0 694.3 248.9 665.9 261.9 662.7
1 0.36 261.6 630.3 251.1 642.3 224.4 619.0 234.8 607.0
1 0.34 265.1 647.1 259.5 660.9 226.5 647.6 232.1 633.8
1 0.31 423.6 978.9 411.5 986.5 395.9 961.6 408.0 954.0
1 0.25 827.1 756.0 824.4 774.8 783.7 769.1 786.4 750.3
1 0.64 70.4 240.3 86.5 243.4 79.9 277.2 63.8 274.1
1 0.64 83.3 350.0 89.9 362.9 59.4 378.5 52.9 365.6
1 0.62 99.6 365.8 105.8 379.0 75.3 393.3 69.1 380.0
1 0.52 28.9 462.6 25.2 477.4 -9.5 468.8 -5.8 454.0
1 0.47 841.2 843.7 848.6 852.2 829.0 869.2 821.6 860.7
1 0.49 357.7 39.3 368.6 49.9 343.8 75.6 332.9 65.0
1 0.48 245.7 596.0 239.3 609.2 210.0 595.0 216.5 581.7
1 0.46 135.9 485.8 123.3 489.2 116.3 463.1 128.9 459.7
1 0.4 16.7 350.5 -0.9 353.6 -6.6 321.6 11.0 318.5
1 0.29 613.8 430.0 606.7 445.2 567.8 427.0 574.9 411.9
1 0.26 638.8 351.9 629.7 364.4 600.7 343.3 609.8 330.9
1 0.65 1296.1 723.8 1282.1 723.8 1282.1 691.0 1296.1 691.0
1 0.64 825.8 780.0 829.7 793.6 798.0 802.7 794.2 789.1
1 0.45 790.7 786.0 787.2 798.1 760.7 790.5 764.2 778.4
1 0.55 764.2 1033.9 777.5 1037.2 769.1 1070.8 755.8 1067.5
1 0.61 845.9 815.6 854.9 826.7 828.0 848.5 819.0 837.4
1 0.58 780.3 984.5 793.1 988.7 782.9 1020.1 770.1 1016.0
1 0.58 380.9 918.7 371.8 928.6 349.4 907.7 358.5 897.8
1 0.65 241.4 728.1 225.9 732.0 218.0 700.4 233.5 696.5
