1 0.53 276.6 617.0 270.8 631.1 237.2 617.5 242.9 603.4
1 0.59 407.6 96.5 419.0 106.7 395.1 133.2 383.8 123.0
1 0.51 187.2 543.8 175.0 547.0 167.8 520.0 180.0 516.7
1 0.46 298.2 652.8 291.4 666.7 262.6 652.7 269.4 638.8
1 0.27 324.7 747.0 310.6 751.6 301.4 723.3 315.5 718.7
1 0.66 1353.9 829.0 1337.6 830.4 1334.5 795.0 1350.8 793.6
1 0.63 1348.4 780.2 1333.0 780.7 1331.9 747.4 1347.3 746.9
1 0.61 833.3 1038.4 846.2 1042.6 836.0 1074.0 823.1 1069.8
1 0.57 898.8 870.1 908.2 881.3 880.6 904.4 871.3 893.3
1 0.54 878.8 835.9 882.7 849.3 851.2 858.4 847.3 844.9
1 0.36 843.4 842.7 839.5 854.6 812.9 846.0 816.8 834.1
1 0.28 894.8 898.9 902.2 907.4 883.0 924.1 875.6 915.6
1 0.67 318.4 704.2 313.8 717.4 282.8 706.7 287.3 693.5
1 0.6 313.4 688.1 303.5 698.9 279.1 676.1 289.0 665.4
1 0.57 434.3 974.9 425.2 984.7 403.5 964.5 412.6 954.7
1 0.6 80.3 519.7 76.6 534.5 42.7 526.0 46.4 511.3
1 0.67 220.7 618.1 209.1 627.8 188.1 602.7 199.6 593.0
1 0.57 66.9 408.7 51.7 411.1 46.7 379.8 61.9 377.4
1 0.65 134.5 406.8 141.3 420.2 109.9 436.1 103.1 422.8
1 0.63 31.6 403.2 19.5 413.0 -2.3 386.1 9.8 376.3
1 0.62 120.2 297.6 136.2 300.7 129.7 334.4 113.7 331.3
1 0.59 150.9 422.5 157.6 436.4 126.6 451.6 119.8 437.6
