1 0.38 931.7 941.8 939.7 950.9 920.4 967.7 912.4 958.6
1 0.29 1253.0 615.5 1241.6 616.1 1240.4 593.4 1251.8 592.8
1 0.34 33.8 449.2 19.4 451.5 15.0 423.5 29.4 421.2
1 0.33 337.0 696.1 329.8 710.7 300.5 696.4 307.6 681.8
1 0.61 1371.8 789.8 1386.6 790.9 1384.3 824.1 1369.5 823.1
1 0.57 1391.1 871.7 1374.5 872.9 1372.0 837.5 1388.6 836.4
1 0.54 447.4 139.5 458.0 150.5 432.1 175.4 421.5 164.4
1 0.48 186.7 465.6 193.2 478.4 163.7 493.4 157.2 480.7
1 0.64 356.9 746.7 352.3 760.0 321.1 749.3 325.7 736.0
1 0.62 351.8 730.6 341.7 741.4 317.5 718.8 327.5 708.0
1 0.61 314.4 659.4 308.7 673.7 275.8 660.4 281.6 646.1
1 0.51 472.3 1016.7 463.1 1026.6 441.6 1006.5 450.8 996.7
1 0.41 884.2 885.0 880.1 897.7 851.1 888.3 855.2 875.6
1 0.41 361.2 791.6 347.7 795.2 340.0 766.2 353.4 762.6
1 0.49 224.9 586.4 212.4 589.5 205.7 562.5 218.1 559.4
1 0.39 514.6 1073.8 502.5 1081.3 487.9 1057.8 499.9 1050.3
1 0.63 234.8 632.9 224.0 643.0 201.6 619.0 212.5 608.9
1 0.5 172.5 449.9 179.6 463.4 148.3 480.0 141.2 466.6
1 0.63 68.8 445.9 56.7 455.7 34.5 428.4 46.6 418.6
1 0.62 157.8 340.0 173.9 343.1 167.3 377.0 151.3 373.8
1 0.62 117.1 562.2 113.4 577.2 80.3 569.0 84.1 554.0
1 0.6 31.5 478.6 19.4 487.4 0.3 461.0 12.4 452.2
1 0.58 103.7 451.2 89.1 453.5 84.2 422.2 98.8 419.9
1 0.31 50.3 447.8 53.7 460.4 27.1 467.6 23.7 454.9
1 0.63 916.3 878.3 920.5 892.1 889.1 901.7 884.8 887.9
1 0.58 936.7 913.0 946.2 924.3 919.1 947.1 909.6 935.7
