1 0.62 1318.5 747.0 1303.8 747.0 1303.8 713.9 1318.5 713.9
1 0.63 284.6 654.3 275.0 665.3 249.9 643.5 259.5 632.4
1 0.58 405.1 942.5 396.1 952.3 374.0 931.7 383.1 922.0
1 0.56 288.4 671.5 284.0 684.4 253.4 673.9 257.9 660.9
1 0.49 159.0 510.2 146.5 513.5 139.4 487.0 151.9 483.7
1 0.43 269.6 620.2 262.9 633.9 233.2 619.4 240.0 605.7
1 0.36 637.0 454.3 630.1 468.9 591.1 450.7 597.9 436.1
1 0.32 294.5 714.9 281.5 719.1 272.2 690.6 285.2 686.4
1 0.3 448.0 1000.9 436.7 1008.5 420.2 984.1 431.5 976.5
1 0.62 849.5 803.4 853.4 816.8 822.0 825.8 818.2 812.4
1 0.59 869.2 838.8 878.2 849.9 851.3 871.7 842.3 860.6
1 0.51 814.4 809.3 810.9 821.5 784.2 813.9 787.7 801.6
1 0.56 379.9 62.9 390.8 73.4 366.0 99.1 355.1 88.6
1 0.63 1325.2 795.7 1308.5 797.2 1305.5 762.1 1322.1 760.6
1 0.58 803.8 1006.2 816.6 1010.3 806.4 1041.7 793.6 1037.5
1 0.38 864.7 866.8 872.1 875.4 852.7 892.3 845.2 883.7
1 0.33 787.0 1056.5 800.9 1059.2 794.7 1091.2 780.8 1088.5
1 0.59 51.7 486.6 48.0 501.1 14.5 492.7 18.1 478.2
1 0.63 247.6 583.4 241.7 597.9 208.1 584.3 214.0 569.8
1 0.65 213.2 616.0 200.8 624.3 182.1 596.7 194.5 588.3
1 0.26 692.3 486.4 683.8 503.8 642.6 483.7 651.1 466.3
1 0.65 92.6 264.6 108.6 267.7 102.0 301.4 86.0 298.2
1 0.64 106.1 373.2 113.1 386.9 81.4 403.0 74.4 389.3
1 0.59 122.2 389.4 128.7 403.3 97.9 417.7 91.4 403.8
1 0.56 39.5 375.1 24.9 377.9 18.9 346.9 33.5 344.1
1 0.25 850.7 779.8 847.3 799.0 805.9 791.7 809.3 772.5
