1 0.52 878.0 501.8 887.1 511.9 861.0 535.5 851.9 525.3
1 0.59 611.1 821.0 617.4 833.4 589.3 847.7 583.0 835.3
1 0.51 526.6 805.2 511.7 806.5 509.0 774.8 523.8 773.5
1 0.47 435.2 837.0 424.6 846.8 403.3 823.9 413.8 814.1
1 0.32 472.4 802.7 475.5 814.5 450.6 821.2 447.4 809.4
1 0.29 457.7 803.9 443.4 806.4 438.1 776.5 452.4 774.0
1 0.63 585.3 696.4 600.4 699.6 593.3 732.7 578.3 729.5
1 0.63 597.0 803.5 604.1 816.8 573.0 833.4 565.9 820.1
1 0.54 775.8 1079.6 765.8 1090.4 741.3 1067.5 751.3 1056.8
1 0.36 759.6 1044.5 752.9 1058.2 724.5 1044.4 731.2 1030.6
1 0.57 473.4 870.3 469.6 885.6 436.9 877.5 440.7 862.2
1 0.62 452.7 830.4 441.3 839.3 421.5 814.0 433.0 805.0
1 0.63 490.2 799.0 478.1 808.2 457.3 780.6 469.4 771.5
1 0.58 539.8 913.3 537.0 927.7 505.0 921.5 507.8 907.1
1 0.53 277.2 899.4 286.7 908.9 265.0 930.6 255.5 921.1
1 0.45 242.9 926.4 253.5 938.2 221.3 967.3 210.6 955.5
1 0.43 174.2 997.5 183.3 1007.9 159.9 1028.3 150.8 1017.9
1 0.57 738.1 1008.0 733.1 1022.6 700.8 1011.5 705.9 996.9
1 0.52 650.8 939.0 638.9 942.2 631.0 912.9 643.0 909.7
