1 0.47 528.0 545.0 531.9 558.4 498.9 567.8 495.1 554.4
1 0.58 1608.8 356.6 1612.6 368.1 1582.6 377.8 1578.9 366.3
1 0.49 1745.3 298.7 1750.9 311.1 1722.0 324.0 1716.4 311.5
1 0.61 1656.9 336.9 1661.8 350.4 1628.7 362.4 1623.8 349.0
1 0.57 590.0 528.9 594.3 542.2 563.5 552.2 559.2 539.0
1 0.63 398.1 584.0 402.2 597.5 369.3 607.6 365.2 594.1
1 0.65 351.6 600.0 356.5 613.3 325.6 624.6 320.7 611.2
1 0.66 489.5 554.7 493.1 568.2 460.4 577.0 456.8 563.5
1 0.51 1911.2 221.8 1917.9 235.4 1886.5 250.7 1879.9 237.1
1 0.64 1897.7 255.0 1903.0 268.0 1871.3 280.8 1866.0 267.8
1 0.5 43.9 736.1 50.1 750.2 12.8 766.8 6.5 752.7
1 0.55 279.9 627.1 284.7 638.9 256.8 650.2 252.0 638.4
1 0.56 236.5 643.6 243.0 657.0 204.8 675.6 198.3 662.2
1 0.59 148.0 687.6 152.8 700.1 121.2 712.2 116.4 699.7
