1 0.26 890.0 67.0 890.3 85.4 848.9 86.2 848.6 67.7
1 0.54 297.4 173.8 301.7 188.9 268.4 198.4 264.1 183.4
1 0.45 1324.6 -0.3 1329.2 11.7 1301.0 22.5 1296.4 10.6
1 0.67 925.9 969.7 940.3 973.0 932.9 1005.2 918.5 1001.9
1 0.65 829.9 1069.3 818.1 1078.5 797.7 1052.3 809.4 1043.2
1 0.55 865.3 1074.8 851.6 1076.0 848.9 1046.0 862.7 1044.8
1 0.53 797.8 1076.1 784.7 1078.2 779.8 1047.4 793.0 1045.3
1 0.57 1217.2 779.5 1226.1 790.1 1198.9 812.9 1190.1 802.3
1 0.65 106.6 231.5 110.8 246.1 76.0 256.1 71.8 241.5
1 0.64 196.3 202.5 199.4 216.7 166.1 223.8 163.1 209.6
1 0.63 59.5 248.6 64.4 262.6 33.0 273.4 28.2 259.4
1 0.47 234.7 191.9 238.7 206.9 204.8 215.9 200.8 201.0
