1 0.51 232.6 110.6 237.2 125.7 205.6 135.3 201.0 120.3
1 0.61 729.4 1040.6 718.4 1049.2 699.3 1024.7 710.3 1016.1
1 0.65 872.1 1014.3 879.2 1027.1 849.4 1043.6 842.3 1030.8
1 0.63 862.9 909.1 877.6 912.5 870.1 945.1 855.4 941.7
1 0.62 767.0 1009.7 755.8 1019.1 734.3 993.6 745.6 984.1
1 0.61 888.5 1031.1 894.5 1044.0 864.9 1057.8 858.9 1045.0
1 0.58 803.2 1016.0 789.2 1017.9 784.9 987.2 798.9 985.2
1 0.47 1154.8 718.1 1163.5 728.5 1136.0 751.5 1127.4 741.2
1 0.43 734.9 1016.6 721.3 1019.0 715.8 987.7 729.4 985.3
1 0.35 749.4 1014.5 752.5 1026.2 728.1 1032.7 725.0 1021.1
1 0.65 683.9 1053.3 676.2 1065.6 648.7 1048.4 656.4 1036.1
1 0.51 171.3 128.4 175.3 143.3 141.3 152.4 137.3 137.5
1 0.43 711.3 1047.5 700.7 1057.3 679.3 1034.4 689.8 1024.5
1 0.65 43.2 167.9 47.4 182.6 12.3 192.7 8.1 178.0
1 0.64 133.2 138.2 136.3 153.2 102.5 160.3 99.4 145.4
