1 0.6 1872.2 475.3 1860.0 480.7 1847.2 451.9 1859.4 446.5
1 0.61 1882.6 430.6 1868.2 437.3 1854.6 408.2 1869.0 401.5
1 0.56 1721.7 108.9 1709.8 114.7 1696.4 87.3 1708.3 81.5
1 0.55 1656.4 94.5 1645.7 100.6 1631.8 76.5 1642.5 70.3
1 0.49 1780.3 220.4 1768.1 226.0 1754.6 196.9 1766.7 191.2
1 0.42 1803.7 294.5 1782.5 304.8 1750.9 240.0 1772.1 229.6
1 0.36 1892.8 351.9 1873.2 361.4 1850.7 315.2 1870.2 305.7
1 0.27 1930.9 473.8 1914.8 481.7 1898.1 447.5 1914.2 439.6
1 0.65 1770.1 109.8 1756.6 115.3 1745.1 86.8 1758.6 81.3
1 0.62 1827.8 171.0 1815.9 177.9 1802.2 154.2 1814.2 147.3
1 0.59 1778.6 174.0 1766.4 179.9 1753.1 152.5 1765.3 146.6
1 0.6 295.0 316.3 296.3 331.4 263.8 334.2 262.5 319.2
1 0.58 377.1 415.4 379.7 428.8 346.4 435.3 343.8 421.9
1 0.57 300.7 425.3 302.6 440.8 268.7 445.0 266.8 429.4
1 0.5 418.8 411.4 421.3 424.2 388.9 430.4 386.4 417.7
1 0.62 1912.6 215.3 1899.8 221.8 1886.4 195.4 1899.2 188.9
1 0.52 342.9 302.5 347.2 315.8 316.3 325.9 311.9 312.5
1 0.36 367.9 82.3 369.4 96.0 333.8 99.7 332.4 86.0
1 0.32 313.5 87.2 316.7 99.3 284.1 108.0 280.9 95.9
1 0.31 348.5 165.9 349.9 175.3 325.6 178.7 324.3 169.3
1 0.29 322.7 439.0 325.6 453.8 283.0 462.1 280.1 447.3
1 0.53 983.5 396.4 969.3 401.1 959.3 370.2 973.5 365.6
1 0.56 1913.7 262.3 1899.9 270.0 1884.5 242.2 1898.3 234.5
1 0.62 188.1 250.0 172.8 250.8 171.1 219.1 186.4 218.3
1 0.31 228.1 491.8 215.2 493.8 211.2 469.0 224.2 467.0
1 0.34 154.0 539.7 137.2 541.2 134.3 508.0 151.1 506.5
1 0.37 190.6 370.7 176.5 373.4 170.9 344.6 185.0 341.8
1 0.45 209.9 495.7 194.4 497.1 191.7 466.2 207.2 464.8
1 0.52 184.2 335.6 167.2 336.5 165.3 300.7 182.3 299.8
1 0.52 103.0 107.1 104.7 119.6 72.3 124.2 70.5 111.7
1 0.53 247.6 493.8 233.4 496.5 227.8 467.7 242.0 465.0
1 0.56 149.6 118.1 151.1 132.3 116.9 135.9 115.4 121.7
1 0.59 185.4 284.6 170.8 285.4 169.3 256.7 183.9 256.0
