1 0.26 1719.9 707.7 1715.7 719.7 1689.1 710.6 1693.2 698.6
1 0.51 1856.9 451.0 1862.4 463.4 1833.3 476.4 1827.8 463.9
1 0.66 612.2 706.7 615.8 720.1 583.7 728.7 580.1 715.3
1 0.54 360.4 794.1 367.3 807.1 330.5 826.7 323.6 813.7
1 0.57 403.1 778.4 407.7 790.2 380.1 800.7 375.6 789.0
1 0.62 270.2 837.6 275.5 849.5 244.8 863.1 239.5 851.2
1 0.63 521.8 734.4 526.4 748.5 492.4 759.5 487.8 745.5
1 0.65 474.7 751.3 479.6 764.8 449.0 775.9 444.1 762.5
1 0.56 1722.0 508.8 1725.9 520.1 1696.3 530.3 1692.4 519.0
1 0.61 1770.1 489.6 1774.6 503.5 1741.0 514.4 1736.5 500.5
1 0.51 712.9 681.0 717.0 693.9 685.7 704.0 681.5 691.2
1 0.52 649.7 698.0 653.2 711.0 621.3 719.5 617.8 706.6
1 0.53 166.8 885.6 173.4 899.2 137.0 917.0 130.4 903.4
1 0.56 51.4 950.3 58.8 961.0 32.9 979.1 25.5 968.5
1 0.64 100.1 922.1 107.2 933.8 79.3 950.6 72.3 938.8
