1 0.25 1930.9 881.4 1915.4 886.8 1904.5 855.2 1920.0 849.9
1 0.42 1915.0 662.1 1892.6 670.7 1867.4 605.2 1889.9 596.6
1 0.53 345.5 771.0 349.7 785.4 313.9 795.6 309.8 781.3
1 0.54 311.7 829.0 313.0 844.1 273.9 847.5 272.5 832.4
1 0.55 416.5 913.8 418.3 928.3 382.5 932.7 380.7 918.1
1 0.56 415.9 772.2 417.5 787.1 380.1 791.0 378.5 776.1
1 0.56 171.8 835.1 155.5 836.0 153.8 803.1 170.1 802.2
1 0.57 369.3 914.0 372.2 928.5 336.0 935.6 333.2 921.0
1 0.58 290.7 781.7 292.3 797.0 257.8 800.7 256.2 785.4
1 0.58 164.8 956.0 182.3 956.9 180.4 993.9 162.9 993.0
1 0.59 167.8 647.3 184.9 648.8 181.7 685.6 164.6 684.1
1 0.26 336.1 500.6 338.3 514.4 303.0 520.0 300.8 506.2
1 0.56 979.9 561.6 965.1 564.2 959.4 531.6 974.1 529.0
1 0.61 285.5 917.9 287.1 933.6 249.8 937.6 248.2 921.8
1 0.42 542.1 462.7 542.7 477.6 506.8 478.8 506.3 463.9
1 0.42 312.3 940.6 312.9 956.8 265.5 958.4 264.9 942.3
1 0.31 365.6 600.6 366.6 611.5 340.4 613.8 339.4 602.9
1 0.29 393.9 499.3 394.4 513.2 355.7 514.6 355.2 500.6
1 0.41 732.7 358.8 735.1 374.0 699.8 379.6 697.4 364.4
1 0.53 153.7 748.6 173.0 750.3 169.3 792.9 150.0 791.2
1 0.52 222.2 993.4 206.0 994.9 203.1 961.6 219.2 960.1
1 0.58 1620.5 373.7 1616.1 387.2 1585.5 377.3 1589.9 363.8
1 0.55 907.4 51.6 891.4 54.4 885.8 22.6 901.8 19.8
1 0.63 1889.6 491.7 1874.7 496.5 1864.5 465.1 1879.4 460.3
1 0.26 1870.5 494.8 1854.5 500.3 1843.1 467.4 1859.2 461.9
1 0.64 1737.5 186.4 1722.0 191.4 1711.5 159.3 1727.0 154.2
1 0.64 1783.7 307.5 1769.7 311.8 1760.4 281.2 1774.3 276.9
1 0.62 1792.0 400.8 1776.4 406.2 1765.6 374.8 1781.2 369.5
1 0.55 1761.8 72.6 1749.0 77.8 1739.2 53.7 1752.1 48.5
1 0.52 66.2 498.0 66.2 512.7 30.2 512.7 30.2 498.0
1 0.54 1844.1 371.9 1827.6 377.3 1817.3 345.8 1833.8 340.4
1 0.34 1825.9 190.3 1813.8 195.2 1803.2 169.2 1815.4 164.3
1 0.6 163.6 692.6 179.7 694.8 175.0 728.3 158.9 726.0
1 0.52 202.9 993.2 187.1 994.0 185.4 960.5 201.1 959.7
1 0.31 81.5 1071.8 78.5 1084.0 51.3 1077.2 54.3 1065.0
1 0.48 98.2 998.6 117.6 999.6 115.5 1039.8 96.1 1038.8
1 0.49 155.1 519.2 155.6 534.1 118.1 535.4 117.6 520.5
1 0.58 1923.9 324.8 1909.8 330.4 1898.2 301.7 1912.2 296.0
1 0.29 1905.1 234.3 1893.3 241.6 1879.4 219.4 1891.2 212.0
1 0.64 1915.4 367.8 1901.1 373.6 1889.0 343.8 1903.3 338.0
