1 0.32 1811.0 294.8 1796.7 299.8 1786.4 270.0 1800.7 265.0
1 0.52 985.6 504.6 971.1 507.4 964.9 475.7 979.5 472.9
1 0.6 301.5 792.9 303.0 809.1 265.5 812.4 264.1 796.2
1 0.58 382.3 788.1 385.1 802.9 349.9 809.7 347.1 794.9
1 0.57 428.3 788.3 430.1 802.8 394.5 807.2 392.7 792.6
1 0.52 306.5 664.9 307.0 679.9 272.4 681.1 271.8 666.1
1 0.48 357.8 652.6 362.4 666.6 328.5 677.6 324.0 663.6
1 0.41 428.9 653.0 430.5 668.4 393.0 672.3 391.3 656.9
1 0.39 325.9 813.8 326.5 830.7 276.7 832.5 276.1 815.6
1 0.35 325.4 708.3 326.5 720.7 289.2 723.9 288.1 711.6
1 0.41 737.5 259.4 739.7 274.9 704.1 279.9 701.9 264.4
1 0.68 1557.6 259.8 1555.4 273.6 1523.3 268.5 1525.5 254.7
1 0.6 1826.0 277.3 1812.2 282.1 1802.2 252.9 1816.0 248.2
1 0.62 1887.9 561.8 1873.3 567.4 1860.6 534.2 1875.2 528.6
1 0.61 1912.6 515.1 1898.8 518.6 1891.5 489.2 1905.3 485.7
1 0.56 1871.7 676.0 1857.2 680.7 1847.2 650.1 1861.7 645.3
1 0.52 1927.8 360.5 1912.4 365.8 1901.8 335.0 1917.2 329.7
1 0.61 185.5 536.0 201.8 537.4 198.7 572.7 182.4 571.3
1 0.53 218.8 865.3 204.2 866.0 202.6 834.4 217.2 833.7
1 0.37 406.8 393.4 407.4 408.1 369.3 409.5 368.8 394.7
1 0.53 189.0 715.0 173.5 715.8 171.8 684.2 187.3 683.4
1 0.54 238.5 866.1 222.3 867.5 219.5 835.1 235.7 833.7
1 0.61 180.9 579.5 196.3 581.6 191.8 613.7 176.4 611.6
1 0.55 171.0 630.9 190.5 632.6 186.8 674.5 167.4 672.8
1 0.58 182.3 830.2 198.8 830.8 197.5 865.8 181.1 865.2
1 0.58 172.7 414.5 172.7 429.0 135.6 429.0 135.6 414.5
1 0.58 466.5 364.5 466.9 378.3 433.1 379.5 432.6 365.7
1 0.31 349.9 395.1 352.0 408.9 316.3 414.5 314.1 400.8
1 0.57 1788.5 101.4 1776.1 106.3 1766.5 82.5 1778.9 77.5
1 0.26 1848.2 206.2 1836.4 210.9 1826.1 185.4 1837.9 180.7
1 0.32 117.0 870.8 135.8 871.5 134.5 909.9 115.6 909.3
1 0.63 1734.1 199.9 1720.2 204.7 1710.0 175.1 1723.9 170.3
1 0.63 1733.3 123.3 1719.6 127.3 1711.2 98.0 1724.9 94.0
1 0.63 1783.5 168.4 1768.5 173.3 1758.8 143.5 1773.8 138.6
