1 0.26 1819.3 689.1 1805.6 694.7 1791.9 661.0 1805.7 655.4
1 0.64 1838.6 507.5 1823.2 512.5 1812.9 480.8 1828.3 475.8
1 0.58 356.3 1044.5 359.3 1059.7 321.7 1067.0 318.7 1051.8
1 0.58 275.9 907.2 277.5 922.6 241.8 926.4 240.2 910.9
1 0.59 136.2 630.3 136.7 645.6 98.6 646.9 98.0 631.6
1 0.59 270.4 1049.4 272.2 1065.8 233.7 1069.8 232.0 1053.5
1 0.59 156.8 596.1 157.8 610.8 121.1 613.4 120.1 598.7
1 0.26 322.8 611.4 325.0 625.7 288.8 631.4 286.5 617.2
1 0.65 1903.9 378.2 1888.9 384.2 1876.5 353.6 1891.5 347.6
1 0.65 1909.7 594.5 1893.7 600.0 1882.4 567.2 1898.4 561.7
1 0.64 1789.2 371.5 1773.6 376.6 1762.6 342.7 1778.2 337.6
1 0.64 1910.6 335.3 1897.0 340.8 1885.1 311.6 1898.8 306.1
1 0.61 1851.8 619.8 1835.5 625.0 1824.8 592.0 1841.1 586.7
1 0.58 1735.7 45.2 1723.2 50.2 1713.3 25.9 1725.8 20.8
1 0.52 1683.5 509.0 1675.3 521.2 1646.5 501.7 1654.7 489.6
1 0.48 1710.6 60.5 1696.3 65.4 1685.8 34.8 1700.0 29.9
1 0.43 1699.9 90.5 1686.7 94.8 1677.2 65.8 1690.5 61.5
1 0.41 1803.8 178.5 1792.7 182.5 1783.1 156.2 1794.2 152.1
1 0.39 1927.0 505.4 1913.2 510.1 1903.3 481.2 1917.1 476.5
1 0.52 612.3 565.8 613.0 579.1 579.4 580.8 578.7 567.5
1 0.41 382.8 608.7 384.1 624.5 342.7 628.1 341.3 612.3
1 0.58 149.8 764.7 167.9 766.3 164.6 804.9 146.4 803.3
1 0.6 296.8 956.4 297.9 972.5 257.8 975.3 256.7 959.2
1 0.55 145.1 812.0 161.8 814.3 156.9 849.4 140.2 847.1
1 0.45 728.1 463.3 730.6 478.8 694.2 484.6 691.7 469.0
1 0.51 854.1 109.6 839.5 111.9 834.1 77.6 848.7 75.3
1 0.48 906.3 140.5 889.9 143.1 884.9 111.1 901.3 108.5
1 0.61 331.2 895.6 335.8 910.0 299.1 921.9 294.4 907.6
1 0.55 404.2 1044.6 406.2 1060.1 369.1 1064.6 367.2 1049.1
1 0.39 351.5 716.7 353.1 727.7 326.1 731.5 324.5 720.5
1 0.45 154.5 962.4 137.4 963.3 135.5 928.0 152.7 927.1
1 0.45 135.5 870.5 154.4 871.8 151.3 916.4 132.4 915.1
1 0.52 403.7 895.9 405.6 911.4 367.7 916.1 365.8 900.6
1 0.36 1929.6 711.3 1914.5 715.9 1903.7 680.7 1918.8 676.0
