1 0.54 1826.1 282.0 1842.1 282.5 1841.0 315.4 1825.0 314.9
1 0.47 1395.3 1051.0 1387.4 1062.7 1358.0 1042.8 1365.9 1031.2
1 0.63 1854.3 603.2 1837.8 604.1 1835.9 568.7 1852.5 567.9
1 0.52 1301.5 1001.5 1296.5 1014.0 1267.2 1002.1 1272.2 989.7
1 0.59 5.5 65.8 22.1 66.3 20.8 101.3 4.3 100.8
1 0.39 1843.0 851.4 1828.7 852.8 1825.7 823.6 1839.9 822.1
1 0.47 1904.5 631.8 1885.6 632.5 1884.0 588.5 1902.9 587.9
1 0.56 1876.1 561.1 1858.4 562.1 1856.5 525.1 1874.2 524.2
1 0.59 1874.7 831.4 1858.2 832.3 1856.2 794.8 1872.7 794.0
1 0.59 1887.5 960.3 1869.8 961.2 1867.9 925.6 1885.6 924.6
1 0.64 1879.4 687.5 1861.6 688.1 1860.2 649.4 1878.1 648.7
1 0.59 958.2 729.9 940.7 731.4 936.9 688.0 954.4 686.4
1 0.58 1854.5 299.0 1872.7 299.6 1871.3 337.6 1853.2 336.9
1 0.58 1888.0 147.5 1870.1 148.2 1868.8 110.7 1886.7 110.1
1 0.46 1876.6 365.3 1897.9 366.1 1896.5 405.6 1875.3 404.9
1 0.26 1928.2 209.7 1907.6 211.5 1903.7 166.7 1924.3 164.9
1 0.42 1858.2 215.2 1842.3 216.6 1839.8 187.7 1855.7 186.3
