1 0.29 941.8 589.4 921.8 590.8 917.0 522.0 937.0 520.6
1 0.56 949.8 798.5 932.5 800.0 928.8 756.9 946.0 755.4
1 0.46 38.7 227.9 52.5 229.1 50.1 257.2 36.2 256.0
1 0.56 78.4 222.2 93.2 223.5 90.7 251.8 75.9 250.5
1 0.6 56.7 221.7 72.0 223.9 67.5 255.3 52.3 253.2
1 0.64 97.5 213.3 112.1 214.3 110.1 243.2 95.5 242.2
1 0.64 44.8 159.0 44.1 172.8 11.1 171.1 11.8 157.2
1 0.36 1796.2 169.7 1784.1 172.7 1777.2 145.1 1789.3 142.1
1 0.46 1770.9 395.2 1755.7 397.9 1749.4 362.2 1764.7 359.5
1 0.54 1663.2 80.2 1649.9 83.6 1642.7 54.6 1656.0 51.2
1 0.56 1778.4 278.9 1761.1 282.8 1752.4 245.0 1769.6 241.0
1 0.57 1705.6 178.0 1691.2 181.5 1683.8 152.0 1698.2 148.4
1 0.58 1723.0 159.2 1708.3 162.9 1700.5 131.7 1715.2 128.1
1 0.6 1840.0 170.7 1825.8 174.3 1818.8 146.3 1833.0 142.8
1 0.62 1732.3 106.1 1714.3 109.2 1708.3 75.1 1726.2 71.9
1 0.65 1750.9 275.7 1734.7 278.8 1728.1 244.9 1744.4 241.8
1 0.66 1813.5 505.8 1797.4 508.9 1790.7 474.5 1806.8 471.3
1 0.67 1707.7 35.1 1692.3 37.8 1686.9 7.0 1702.2 4.3
1 0.38 1846.3 839.8 1830.6 842.9 1823.7 807.4 1839.4 804.3
1 0.57 1889.3 930.6 1873.4 934.6 1865.2 901.7 1881.1 897.8
1 0.61 1925.9 958.3 1908.2 962.8 1898.9 925.6 1916.7 921.2
1 0.43 118.5 211.8 131.4 214.7 125.2 241.4 112.4 238.4
1 0.25 968.9 1055.3 948.8 1056.7 945.8 1014.1 965.9 1012.7
1 0.5 1859.1 404.0 1846.1 407.3 1838.6 377.5 1851.7 374.3
1 0.41 1869.9 228.0 1857.2 232.1 1849.5 208.5 1862.2 204.3
