1 0.39 1826.5 809.6 1843.5 810.5 1841.7 845.9 1824.6 845.0
1 0.4 1799.3 852.7 1816.7 854.2 1813.8 887.1 1796.5 885.6
1 0.49 753.6 234.6 738.6 235.4 736.8 200.4 751.7 199.6
1 0.45 826.1 55.3 840.5 56.0 838.7 90.2 824.3 89.5
1 0.39 864.8 21.2 849.5 22.0 847.7 -12.7 863.0 -13.5
1 0.6 778.9 232.5 761.9 234.0 758.6 196.1 775.6 194.6
1 0.56 840.2 175.9 824.0 177.0 821.6 141.9 837.8 140.8
1 0.51 825.5 100.1 840.9 100.9 839.1 136.4 823.7 135.6
1 0.62 1860.6 386.2 1877.5 387.7 1874.3 424.0 1857.5 422.5
1 0.61 1812.1 722.8 1829.0 723.3 1827.8 757.8 1810.9 757.3
1 0.51 1878.0 709.0 1897.7 710.7 1894.4 748.5 1874.7 746.7
1 0.48 1896.7 485.0 1913.3 486.4 1910.6 518.3 1893.9 516.9
1 0.58 820.9 622.7 835.6 623.5 833.8 658.4 819.0 657.6
1 0.55 589.5 206.3 589.5 219.9 560.6 219.9 560.6 206.3
1 0.66 596.3 125.0 596.3 139.5 564.1 139.5 564.1 125.0
1 0.65 595.6 146.5 595.3 160.2 562.7 159.6 562.9 145.9
1 0.65 591.1 185.7 591.1 202.0 554.4 202.0 554.4 185.7
1 0.64 590.9 79.0 590.7 93.0 560.3 92.4 560.6 78.5
1 0.61 592.8 60.4 592.3 73.6 560.5 72.5 561.0 59.3
1 0.59 595.6 167.3 594.8 181.6 561.7 179.8 562.5 165.5
1 0.66 596.3 102.9 595.8 117.2 563.1 116.1 563.6 101.7
1 0.62 1837.2 16.7 1854.5 18.3 1851.2 55.8 1833.9 54.2
1 0.46 1889.1 119.2 1906.0 121.5 1900.5 160.5 1883.7 158.2
1 0.39 1867.8 26.5 1885.6 28.1 1882.0 68.8 1864.2 67.3
1 0.26 169.6 245.7 173.2 255.1 152.9 262.9 149.3 253.5
1 0.57 1868.2 927.5 1884.1 928.9 1881.3 960.5 1865.5 959.1
1 0.53 1907.6 883.5 1925.0 884.1 1923.7 919.8 1906.3 919.2
1 0.41 1846.9 866.0 1865.9 867.7 1862.3 909.6 1843.2 907.9
