1 0.52 823.5 750.2 838.2 750.9 836.4 784.6 821.8 783.8
1 0.29 1878.5 423.8 1895.2 426.8 1888.3 465.7 1871.6 462.7
1 0.64 595.1 317.9 595.1 333.6 558.8 333.6 558.8 317.9
1 0.63 842.3 309.2 826.6 310.0 824.8 275.9 840.5 275.1
1 0.63 599.7 236.6 598.9 251.1 566.4 249.4 567.1 234.9
1 0.61 866.3 154.5 851.6 155.3 849.8 121.0 864.5 120.3
1 0.6 857.2 58.9 872.5 59.4 871.2 96.2 855.9 95.7
1 0.6 595.8 193.6 595.1 206.8 563.8 205.2 564.5 192.0
1 0.59 594.6 212.5 594.4 226.9 563.1 226.3 563.3 212.0
1 0.59 828.4 234.3 843.5 235.6 840.6 269.4 825.5 268.1
1 0.58 599.1 300.5 598.4 314.8 564.5 313.0 565.3 298.7
1 0.58 828.0 188.6 842.3 189.1 841.1 222.8 826.8 222.3
1 0.55 599.5 257.7 599.5 272.2 567.8 272.2 567.8 257.7
1 0.54 757.3 365.7 741.7 367.1 738.7 331.9 754.2 330.6
1 0.51 593.9 338.5 593.9 352.4 563.6 352.4 563.6 338.5
1 0.65 782.1 365.4 764.1 367.0 760.8 329.0 778.8 327.4
1 0.66 599.3 279.3 599.0 293.2 566.7 292.6 566.9 278.7
1 0.41 1830.1 303.1 1846.9 304.6 1843.6 342.3 1826.8 340.8
1 0.62 1806.5 977.9 1823.3 978.4 1822.1 1012.4 1805.3 1011.8
1 0.62 1848.1 682.2 1864.9 683.6 1861.8 719.7 1844.9 718.3
1 0.59 1866.4 962.7 1887.2 964.6 1884.0 1001.3 1863.2 999.5
1 0.48 1887.5 722.6 1903.9 724.0 1901.2 754.6 1884.8 753.2
1 0.34 1839.4 -14.7 1857.4 -13.5 1854.6 26.4 1836.6 25.1
