1 0.5 1099.4 370.5 1115.0 380.7 1095.7 410.5 1080.0 400.3
1 0.58 899.3 525.8 915.9 527.3 912.8 563.4 896.2 561.9
1 0.56 1138.6 524.4 1121.4 525.3 1119.4 487.0 1136.6 486.1
1 0.65 1109.1 437.9 1116.8 452.4 1084.0 469.9 1076.3 455.3
1 0.47 949.6 701.5 935.7 702.2 934.1 670.4 947.9 669.7
1 0.5 1025.1 977.6 1011.9 977.6 1011.9 946.5 1025.1 946.5
1 0.51 1025.2 1077.5 1011.7 1078.2 1010.0 1044.8 1023.4 1044.1
1 0.58 937.9 794.1 923.1 794.8 921.3 759.3 936.1 758.6
1 0.34 1890.1 1006.6 1914.2 1008.3 1911.0 1054.2 1886.9 1052.6
1 0.42 1834.4 729.1 1860.2 730.9 1855.0 805.2 1829.2 803.4
1 0.48 1878.2 821.4 1894.7 822.8 1891.8 855.4 1875.3 853.9
1 0.54 1853.1 476.3 1871.3 479.8 1863.9 517.7 1845.8 514.2
1 0.6 1892.7 904.7 1908.7 906.1 1905.7 940.6 1889.6 939.2
1 0.62 1885.5 608.4 1904.3 610.1 1900.8 650.0 1882.0 648.4
1 0.63 1868.1 975.1 1886.0 976.6 1882.8 1013.9 1864.8 1012.4
1 0.48 1905.2 288.3 1923.8 290.0 1920.5 328.0 1901.9 326.4
