1 0.52 1872.9 307.9 1891.3 309.5 1888.1 346.2 1869.7 344.6
1 0.49 1002.6 435.3 1018.4 436.2 1016.5 471.9 1000.8 471.0
1 0.57 927.3 276.9 910.9 277.8 909.0 241.4 925.4 240.5
1 0.62 1901.7 570.0 1918.2 571.5 1915.3 605.2 1898.7 603.7
1 0.52 1016.2 575.8 1001.7 576.6 999.8 540.5 1014.3 539.7
1 0.58 905.0 808.5 918.2 809.0 917.0 843.0 903.9 842.5
1 0.57 889.6 978.5 904.6 979.1 903.4 1014.0 888.4 1013.5
1 0.57 1824.2 1041.1 1841.3 1042.5 1838.1 1078.8 1821.0 1077.3
1 0.57 941.1 182.4 924.8 183.9 921.7 147.9 938.0 146.5
1 0.3 887.8 -3.0 904.8 -1.5 901.5 36.4 884.5 35.0
