1 0.47 1006.6 567.8 1020.2 568.8 1017.9 600.8 1004.4 599.9
1 0.6 1892.8 820.3 1909.0 821.7 1906.1 854.9 1889.9 853.5
1 0.53 944.8 315.0 928.5 316.4 925.3 280.5 941.7 279.1
1 0.57 930.3 407.5 914.4 408.4 912.6 372.3 928.4 371.5
1 0.58 1134.2 132.5 1116.0 133.4 1113.9 93.6 1132.1 92.6
1 0.64 1089.7 52.7 1095.9 68.7 1059.6 82.6 1053.5 66.7
1 0.51 1019.0 703.5 1004.4 704.3 1002.6 668.9 1017.1 668.2
1 0.61 1860.6 598.9 1877.4 600.4 1874.3 635.5 1857.5 634.0
1 0.43 1861.1 158.4 1891.0 161.6 1881.7 250.1 1851.8 247.0
1 0.65 1898.9 143.4 1918.3 145.1 1914.7 186.1 1895.3 184.4
1 0.35 891.0 132.3 908.4 133.8 905.2 170.5 887.7 169.0
1 0.34 1025.0 75.1 1044.2 80.6 1033.5 118.0 1014.3 112.5
1 0.59 909.5 933.3 922.7 934.2 920.4 968.0 907.1 967.0
