1 0.38 1151.6 533.6 1170.9 541.5 1157.2 575.6 1137.8 567.7
1 0.47 1896.6 381.3 1914.3 383.8 1909.1 421.0 1891.3 418.5
1 0.58 1140.5 778.7 1123.1 779.6 1121.1 740.5 1138.4 739.6
1 0.66 1111.2 693.2 1119.2 708.2 1086.9 725.3 1079.0 710.3
1 0.5 1830.7 827.3 1848.3 829.8 1843.5 864.5 1825.8 862.0
1 0.54 1905.8 569.0 1923.5 570.6 1920.5 604.8 1902.8 603.3
1 0.6 1889.6 729.9 1906.0 731.3 1902.9 766.9 1886.5 765.5
1 0.55 953.3 952.0 939.9 952.7 938.3 921.5 951.7 920.8
1 0.57 904.2 779.6 919.8 781.0 916.8 816.1 901.1 814.7
1 0.59 927.4 1007.5 941.6 1008.0 940.4 1042.4 926.2 1041.9
1 0.62 1901.2 1031.7 1917.9 1033.2 1914.9 1067.6 1898.1 1066.1
