1 0.33 1908.4 110.2 1927.7 113.9 1919.8 154.6 1900.5 150.8
1 0.41 1140.6 654.5 1122.6 655.8 1119.6 613.8 1137.7 612.5
1 0.56 1897.6 510.3 1914.6 511.8 1911.3 548.8 1894.3 547.3
1 0.57 1842.5 656.1 1859.6 659.4 1852.5 696.0 1835.4 692.7
1 0.59 1874.3 841.8 1892.9 843.4 1889.5 882.4 1870.9 880.8
1 0.66 1110.5 566.4 1118.3 581.0 1085.3 598.5 1077.5 583.9
1 0.56 951.0 827.5 937.8 828.2 936.1 796.5 949.3 795.8
1 0.59 902.0 654.0 917.6 655.4 914.5 690.9 898.9 689.5
1 0.39 1129.7 456.3 1145.5 466.9 1126.5 495.1 1110.8 484.4
1 0.59 939.8 918.4 925.2 919.2 923.3 884.4 938.0 883.6
1 0.35 1904.4 927.3 1923.1 930.0 1918.1 965.7 1899.4 963.1
1 0.27 1911.1 774.9 1927.1 776.3 1924.1 811.2 1908.0 809.8
