1 0.3 997.2 354.4 1015.2 355.9 1011.9 393.9 993.9 392.3
1 0.49 978.4 390.9 962.1 391.8 960.3 356.9 976.5 356.0
1 0.61 963.7 559.3 979.4 560.1 977.5 596.6 961.8 595.8
1 0.56 1011.9 346.2 995.4 347.1 993.6 312.2 1010.0 311.3
1 0.53 1064.9 625.2 1045.9 626.9 1042.4 587.5 1061.5 585.8
1 0.52 1009.4 588.9 993.1 589.8 991.1 552.2 1007.5 551.3
1 0.44 1006.2 406.3 1020.6 418.4 992.2 452.2 977.8 440.2
1 0.56 956.1 648.5 940.0 649.3 938.3 616.3 954.4 615.5
1 0.55 1008.5 732.6 992.0 733.5 990.0 695.8 1006.5 695.0
1 0.39 997.5 907.3 1011.2 908.5 1008.4 941.4 994.6 940.2
1 0.6 823.0 249.1 839.5 249.6 838.2 286.7 821.7 286.1
1 0.58 931.5 3.4 931.5 19.7 895.8 19.7 895.8 3.4
1 0.55 846.5 240.4 863.7 241.0 862.3 278.8 845.2 278.2
1 0.54 921.8 166.4 919.6 181.8 884.0 176.7 886.2 161.4
