1 0.31 1022.4 367.7 1039.5 371.9 1030.3 408.7 1013.3 404.4
1 0.64 1878.4 791.0 1895.2 795.9 1884.8 832.3 1868.0 827.4
1 0.48 987.5 360.1 1004.9 363.5 997.8 399.9 980.4 396.5
1 0.46 1023.5 418.5 1034.0 432.9 997.1 459.7 986.6 445.3
1 0.63 974.3 556.8 990.6 560.3 982.5 598.7 966.1 595.2
1 0.57 1025.6 517.4 1014.4 528.6 986.2 500.4 997.4 489.2
1 0.61 1848.5 988.8 1864.8 993.4 1854.6 1029.0 1838.3 1024.3
1 0.63 941.6 697.7 957.6 701.1 949.8 737.8 933.7 734.4
1 0.62 945.7 557.2 961.0 561.6 950.4 598.4 935.1 594.1
1 0.55 909.3 607.9 923.6 611.4 915.5 643.8 901.2 640.3
1 0.54 1029.9 325.1 1046.1 328.5 1038.8 362.7 1022.6 359.3
1 0.64 1035.4 9.4 1031.6 24.9 997.8 16.5 1001.6 0.9
1 0.61 876.9 224.6 892.5 228.5 883.4 265.0 867.8 261.1
1 0.59 900.9 222.1 917.6 226.2 908.4 263.1 891.7 259.0
1 0.57 990.4 166.2 984.5 181.0 950.9 167.4 956.9 152.6
