1 0.61 1907.3 457.5 1891.6 460.3 1885.7 426.6 1901.4 423.9
1 0.55 289.3 111.4 289.0 123.8 259.2 123.3 259.4 110.8
1 0.27 996.0 831.7 1015.3 832.7 1013.1 873.0 993.9 872.0
1 0.58 1010.7 823.1 994.3 824.0 992.5 789.5 1008.9 788.6
1 0.57 824.2 726.7 840.0 728.0 836.8 764.1 821.0 762.7
1 0.54 846.7 718.1 863.6 719.0 861.6 756.0 844.8 755.1
1 0.54 922.0 647.3 919.9 662.2 885.1 657.3 887.2 642.4
1 0.53 931.2 497.2 931.2 512.0 898.2 512.0 898.2 497.2
1 0.51 891.1 320.5 892.1 335.4 857.5 337.8 856.4 322.9
1 0.44 978.9 870.7 961.6 871.6 959.6 834.5 976.9 833.6
1 0.62 288.7 126.0 288.5 139.8 257.3 139.3 257.5 125.5
1 0.62 297.2 69.4 297.0 83.6 265.4 83.0 265.6 68.9
1 0.59 284.7 142.2 284.7 155.3 255.9 155.3 255.9 142.2
1 0.59 484.7 -0.6 498.0 1.3 493.9 30.1 480.7 28.3
1 0.57 272.4 204.2 272.2 217.5 243.2 217.0 243.4 203.7
1 0.54 298.0 51.8 298.6 64.4 268.4 66.0 267.7 53.4
1 0.47 211.5 113.9 209.6 129.4 174.8 125.1 176.7 109.6
1 0.52 280.0 171.0 281.0 182.7 253.0 185.2 251.9 173.4
1 0.52 267.5 244.5 267.5 258.6 234.2 258.6 234.2 244.5
1 0.51 290.0 96.3 290.5 108.4 260.0 109.5 259.6 97.4
1 0.5 270.0 227.8 270.0 241.9 234.8 241.9 234.8 227.8
1 0.46 305.1 23.1 305.1 36.6 275.0 36.6 275.0 23.1
1 0.4 259.5 281.5 259.3 294.4 229.1 293.9 229.3 280.9
1 0.3 277.2 188.3 277.2 200.4 249.6 200.4 249.6 188.3
1 0.3 282.9 156.7 282.9 169.6 255.5 169.6 255.5 156.7
1 0.64 252.2 330.4 252.0 344.4 219.8 343.9 220.1 329.8
1 0.46 254.5 312.6 254.5 326.2 223.6 326.2 223.6 312.6
1 0.48 200.0 204.1 198.9 219.5 161.5 216.9 162.6 201.4
1 0.47 178.6 281.6 178.0 297.2 143.9 296.0 144.4 280.5
1 0.41 963.2 1048.3 979.4 1049.1 977.4 1087.9 961.2 1087.0
1 0.46 1006.7 885.8 1021.4 898.1 992.3 932.7 977.7 920.4
1 0.47 1011.4 1083.1 994.6 1084.3 991.6 1040.3 1008.4 1039.1
1 0.53 245.5 385.2 245.5 400.7 210.1 400.7 210.1 385.2
1 0.47 229.8 427.3 230.3 441.1 198.3 442.2 197.8 428.4
1 0.44 185.6 250.9 184.0 265.7 148.9 262.0 150.5 247.2
1 0.43 184.1 267.0 182.5 282.4 147.2 278.7 148.8 263.3
1 0.39 249.9 348.9 249.7 361.9 220.4 361.4 220.6 348.3
1 0.34 266.9 266.0 266.9 280.5 231.7 280.5 231.7 266.0
1 0.64 1902.9 327.1 1886.9 330.2 1880.6 297.7 1896.5 294.6
1 0.46 201.4 188.7 200.3 204.0 164.1 201.4 165.1 186.1
1 0.63 1868.9 242.0 1852.4 244.6 1847.3 212.0 1863.7 209.4
1 0.37 1895.5 108.7 1880.3 111.4 1874.9 80.8 1890.1 78.1
1 0.34 1919.2 121.6 1902.5 124.5 1896.5 90.7 1913.2 87.8
1 0.53 191.0 219.6 190.2 233.6 156.1 231.8 156.8 217.8
1 0.45 213.4 97.7 211.8 112.3 178.1 108.7 179.6 94.2
1 0.51 226.9 8.5 226.9 21.1 197.7 21.1 197.7 8.5
1 0.37 203.3 143.4 202.2 155.9 169.8 153.1 170.9 140.5
1 0.37 219.9 82.9 219.4 98.8 182.2 97.5 182.7 81.6
1 0.32 227.6 38.0 226.8 51.9 194.9 50.2 195.6 36.4
1 0.5 223.1 68.4 222.5 84.2 187.4 83.0 188.0 67.2
1 0.59 225.1 22.9 225.1 36.4 195.0 36.4 195.0 22.9
1 0.62 203.5 156.2 202.8 170.1 169.3 168.3 170.0 154.4
1 0.6 187.9 235.5 187.1 249.1 153.6 247.4 154.3 233.7
1 0.52 202.0 172.8 200.4 187.9 165.1 184.2 166.7 169.1
1 0.57 221.5 52.1 220.8 65.9 187.0 64.2 187.8 50.3
