1 0.45 1180.7 579.6 1181.2 594.7 1143.4 596.0 1142.9 580.9
1 0.45 745.6 570.4 745.6 585.5 710.6 585.5 710.6 570.4
1 0.43 1127.5 578.1 1127.5 592.3 1094.9 592.3 1094.9 578.1
1 0.55 1631.8 474.9 1614.5 476.4 1611.3 439.4 1628.6 437.9
1 0.55 1434.0 516.4 1417.8 517.3 1416.0 483.5 1432.3 482.6
1 0.53 1263.8 467.9 1278.7 470.0 1274.0 503.5 1259.1 501.4
1 0.51 205.2 670.7 212.4 684.3 180.4 701.3 173.2 687.7
1 0.6 884.2 542.8 883.7 557.7 846.4 556.4 846.9 541.5
1 0.6 827.0 518.5 826.8 531.8 794.4 531.2 794.6 517.9
1 0.59 890.6 572.1 890.6 587.4 853.4 587.4 853.4 572.1
1 0.47 1034.8 587.2 1022.7 601.0 991.0 573.5 1003.0 559.6
1 0.47 1085.7 542.5 1085.7 557.4 1050.5 557.4 1050.5 542.5
1 0.45 1084.6 577.3 1084.6 592.5 1048.7 592.5 1048.7 577.3
1 0.6 1203.6 429.7 1203.0 445.9 1163.9 444.5 1164.4 428.4
1 0.6 1194.3 406.8 1193.8 421.6 1157.9 420.3 1158.4 405.5
