1 0.52 1434.8 513.7 1418.8 514.5 1417.0 480.5 1433.0 479.7
1 0.47 1181.8 577.9 1182.4 592.8 1145.1 594.1 1144.6 579.2
1 0.5 746.3 569.3 746.3 585.0 709.6 585.0 709.6 569.3
1 0.46 888.1 570.4 888.7 585.9 853.9 587.1 853.3 571.6
1 0.57 1632.0 471.1 1615.5 472.6 1612.4 436.2 1628.9 434.8
1 0.54 1265.0 466.1 1279.8 468.1 1275.1 501.5 1260.3 499.4
1 0.62 828.4 517.7 828.2 530.9 795.9 530.3 796.1 517.1
1 0.61 885.3 541.6 884.8 557.1 847.4 555.8 848.0 540.3
1 0.6 1131.5 575.7 1131.5 590.3 1096.5 590.3 1096.5 575.7
1 0.49 1084.6 577.2 1084.3 591.5 1050.4 590.9 1050.6 576.6
1 0.42 1086.5 541.1 1086.5 557.3 1051.7 557.3 1051.7 541.1
1 0.39 1034.9 585.0 1022.6 599.1 991.3 571.9 1003.6 557.8
1 0.61 1194.7 406.0 1194.0 420.5 1159.0 418.6 1159.7 404.1
1 0.61 1203.8 427.8 1203.2 444.7 1164.6 443.3 1165.2 426.4
