1 0.42 1180.8 577.7 1181.3 593.3 1143.2 594.6 1142.7 579.0
1 0.44 1084.7 576.0 1084.7 591.6 1048.7 591.6 1048.7 576.0
1 0.62 1202.9 427.6 1202.3 444.8 1163.6 443.4 1164.2 426.3
1 0.62 826.9 516.8 826.7 530.2 794.2 529.6 794.4 516.3
1 0.61 883.4 541.2 882.8 556.6 845.9 555.3 846.4 539.9
1 0.6 1194.0 405.3 1193.5 420.1 1157.7 418.8 1158.2 404.1
1 0.56 1129.9 576.0 1129.6 590.3 1095.2 589.7 1095.5 575.4
1 0.56 890.3 570.2 890.6 585.5 853.1 586.2 852.8 570.9
1 0.55 1263.4 466.1 1278.4 468.2 1273.5 502.8 1258.5 500.6
1 0.51 1085.3 541.2 1085.3 556.4 1049.8 556.4 1049.8 541.2
1 0.42 1034.3 585.4 1022.2 599.4 989.7 571.2 1001.9 557.2
1 0.4 745.0 567.6 745.0 582.3 710.4 582.3 710.4 567.6
1 0.55 1631.3 473.6 1614.5 475.1 1611.2 438.2 1628.1 436.7
1 0.53 1417.2 481.2 1433.3 481.8 1432.1 516.2 1416.0 515.6
1 0.59 172.6 686.0 179.7 699.4 147.1 716.8 139.9 703.3
