1 0.44 1129.8 575.7 1129.8 590.1 1095.9 590.1 1095.9 575.7
1 0.54 1084.3 577.3 1084.1 591.7 1050.2 591.1 1050.4 576.7
1 0.49 1086.3 541.4 1086.3 556.5 1050.6 556.5 1050.6 541.4
1 0.44 1181.3 578.7 1181.9 593.4 1144.3 594.7 1143.8 580.0
1 0.27 1185.9 318.0 1187.0 330.0 1162.0 332.1 1160.9 320.2
1 0.62 827.4 517.6 827.2 531.0 794.8 530.4 795.0 517.0
1 0.55 882.2 541.9 881.7 557.1 846.7 555.9 847.2 540.6
1 0.55 745.3 569.2 745.3 584.8 708.8 584.8 708.8 569.2
1 0.47 888.4 570.5 888.7 586.4 853.1 587.0 852.8 571.1
1 0.48 1035.8 586.5 1023.7 600.5 990.7 571.8 1002.8 557.8
1 0.58 1434.3 514.7 1418.0 515.6 1416.2 481.1 1432.5 480.2
1 0.56 1264.6 466.0 1279.5 468.1 1274.7 502.0 1259.8 499.9
1 0.45 1632.0 473.2 1614.2 474.8 1610.8 435.8 1628.6 434.2
1 0.6 1194.6 405.7 1194.1 420.5 1158.3 419.3 1158.8 404.4
1 0.61 1204.4 428.3 1203.8 444.9 1164.2 443.5 1164.8 426.9
