1 0.38 1084.1 489.2 1084.1 506.4 1047.7 506.4 1047.7 489.2
1 0.57 880.8 483.6 880.3 499.2 843.6 497.9 844.2 482.4
1 0.59 1196.6 356.1 1195.5 371.6 1159.0 369.0 1160.1 353.5
1 0.57 888.3 513.6 888.3 529.0 850.3 529.0 850.3 513.6
1 0.54 1264.2 418.2 1279.5 421.2 1272.7 456.3 1257.4 453.3
1 0.51 826.1 458.6 825.4 472.2 792.8 470.5 793.5 456.8
1 0.48 1034.9 533.1 1021.8 548.2 988.4 519.1 1001.5 504.1
1 0.48 742.5 508.3 742.3 522.6 708.6 522.0 708.9 507.7
1 0.43 1084.5 524.6 1083.6 542.0 1044.8 540.0 1045.7 522.6
1 0.51 176.3 326.4 166.9 340.3 137.5 320.5 146.9 306.5
1 0.59 1126.8 525.1 1126.6 540.2 1092.2 539.6 1092.5 524.5
1 0.46 1632.6 435.4 1615.6 436.3 1613.6 398.4 1630.6 397.5
1 0.46 1417.6 437.0 1434.0 437.8 1432.2 472.6 1415.8 471.7
1 0.59 1204.3 378.7 1203.4 395.9 1164.3 393.8 1165.2 376.6
1 0.52 73.1 655.8 75.6 671.1 39.0 676.9 36.6 661.6
