1 0.45 1181.4 578.2 1181.9 593.2 1144.0 594.5 1143.4 579.5
1 0.53 1264.1 466.2 1279.2 468.3 1274.5 502.2 1259.4 500.0
1 0.52 1632.5 470.5 1615.7 472.5 1611.1 435.5 1628.0 433.5
1 0.61 1194.3 405.7 1193.8 420.6 1158.2 419.3 1158.7 404.5
1 0.6 1203.1 428.3 1202.5 445.1 1164.4 443.8 1165.0 427.0
1 0.57 1130.9 575.7 1130.9 590.6 1095.5 590.6 1095.5 575.7
1 0.55 1083.9 577.1 1083.9 591.6 1049.8 591.6 1049.8 577.1
1 0.54 1085.7 542.0 1085.7 556.6 1051.3 556.6 1051.3 542.0
1 0.52 1434.2 514.1 1417.9 514.9 1416.1 480.6 1432.4 479.8
1 0.49 1035.3 586.4 1023.1 600.5 991.1 572.6 1003.3 558.6
1 0.26 1185.1 317.2 1186.8 329.4 1162.0 332.9 1160.2 320.7
1 0.37 530.6 615.7 530.6 630.3 494.8 630.3 494.8 615.7
1 0.61 827.5 518.0 827.3 531.4 794.6 530.9 794.8 517.4
1 0.6 884.5 542.4 884.0 557.5 846.6 556.2 847.1 541.1
1 0.58 890.6 571.0 890.6 586.9 853.5 586.9 853.5 571.0
1 0.47 953.4 447.7 969.4 449.1 966.3 484.4 950.3 483.0
1 0.55 745.7 569.8 745.4 585.6 708.6 584.9 708.9 569.1
