1 0.49 749.8 626.4 749.8 640.4 716.5 640.4 716.5 626.4
1 0.51 886.0 543.8 885.1 559.7 846.2 557.7 847.0 541.8
1 0.63 827.6 519.4 827.4 532.7 794.8 532.2 795.0 518.9
1 0.61 745.1 571.1 745.1 586.6 709.3 586.6 709.3 571.1
1 0.52 888.1 571.8 888.6 587.9 852.9 589.2 852.4 573.1
1 0.66 1885.4 5.7 1885.4 21.5 1847.8 21.5 1847.8 5.7
1 0.57 1632.7 471.4 1616.6 474.0 1611.0 438.9 1627.2 436.3
1 0.55 1434.2 515.5 1418.3 516.3 1416.5 482.7 1432.5 481.8
1 0.52 1264.5 467.8 1279.5 469.9 1274.8 503.5 1259.7 501.4
1 0.51 1084.5 578.9 1084.2 593.5 1049.9 592.9 1050.1 578.3
1 0.5 1086.5 543.0 1086.5 558.0 1051.1 558.0 1051.1 543.0
1 0.46 1128.0 578.5 1128.0 593.0 1095.3 593.0 1095.3 578.5
1 0.41 1035.0 587.9 1022.5 601.8 990.6 573.1 1003.1 559.2
1 0.61 1195.0 407.2 1194.5 422.1 1158.3 420.8 1158.8 405.9
1 0.61 1204.2 430.2 1203.6 446.4 1164.1 445.0 1164.6 428.8
1 0.48 1180.8 579.7 1181.9 594.6 1144.4 597.2 1143.4 582.3
1 0.32 1184.4 319.1 1186.2 330.8 1161.9 334.7 1160.0 323.0
1 0.46 957.1 298.8 972.2 300.1 969.2 334.7 954.1 333.4
