1 0.51 1263.9 467.3 1279.1 469.5 1274.3 503.2 1259.2 501.0
1 0.52 1086.0 542.6 1086.0 557.5 1050.7 557.5 1050.7 542.6
1 0.48 1034.5 587.1 1022.5 600.9 990.1 572.7 1002.1 559.0
1 0.47 1084.9 577.8 1084.9 592.9 1048.9 592.9 1048.9 577.8
1 0.32 1184.4 318.5 1186.3 330.4 1161.6 334.3 1159.7 322.4
1 0.62 827.4 519.1 827.2 532.4 794.7 531.8 794.9 518.5
1 0.61 890.4 572.2 890.6 587.9 853.4 588.5 853.1 572.8
1 0.6 1194.1 406.9 1193.6 421.7 1157.8 420.4 1158.3 405.6
1 0.6 1202.5 429.6 1201.9 446.0 1164.1 444.7 1164.7 428.2
1 0.6 884.2 543.4 883.7 558.3 846.6 557.0 847.1 542.1
1 0.53 1131.0 577.7 1131.0 592.6 1095.6 592.6 1095.6 577.7
1 0.52 954.0 377.8 969.8 378.4 968.5 414.7 952.7 414.2
1 0.49 1181.0 578.4 1182.1 593.8 1144.0 596.5 1143.0 581.0
1 0.45 744.9 571.2 744.9 586.0 709.5 586.0 709.5 571.2
1 0.54 1433.8 514.9 1417.9 515.7 1416.1 481.8 1432.0 481.0
1 0.41 622.1 621.1 622.1 636.2 585.5 636.2 585.5 621.1
1 0.66 1588.8 -1.0 1588.5 13.5 1553.6 12.9 1553.9 -1.6
1 0.58 1631.7 471.1 1615.4 473.1 1611.1 437.6 1627.4 435.6
