1 0.25 1183.5 318.7 1185.7 330.3 1161.6 335.0 1159.4 323.4
1 0.59 1433.8 515.3 1418.0 516.2 1416.2 482.8 1432.1 482.0
1 0.51 1086.4 543.0 1086.4 558.0 1050.9 558.0 1050.9 543.0
1 0.49 1180.7 579.5 1181.8 594.6 1144.2 597.2 1143.2 582.2
1 0.48 1034.9 587.9 1022.9 601.7 990.1 573.1 1002.0 559.3
1 0.46 957.3 215.6 973.8 216.5 971.9 253.1 955.4 252.2
1 0.57 1632.0 471.7 1615.6 473.7 1611.3 438.3 1627.6 436.3
1 0.55 1129.9 578.3 1129.9 593.2 1095.6 593.2 1095.6 578.3
1 0.54 1263.0 468.2 1278.4 469.5 1275.4 503.4 1260.1 502.0
1 0.53 1084.2 578.8 1084.2 593.1 1049.7 593.1 1049.7 578.8
1 0.62 827.7 519.3 827.5 532.7 794.8 532.1 795.1 518.7
1 0.61 745.1 570.8 745.1 586.6 708.8 586.6 708.8 570.8
1 0.52 887.5 572.0 888.1 587.9 852.9 589.1 852.3 573.2
1 0.52 884.9 543.5 884.4 559.1 846.2 557.7 846.8 542.2
1 0.5 818.9 628.3 818.4 644.4 782.7 643.2 783.3 627.0
1 0.61 1202.5 430.1 1201.9 446.5 1164.3 445.2 1164.9 428.8
1 0.6 1194.5 407.2 1194.0 422.0 1158.1 420.8 1158.6 406.0
