1 0.53 1438.1 585.6 1421.5 586.5 1419.7 552.4 1436.3 551.5
1 0.61 1208.5 499.9 1207.9 516.9 1167.8 515.5 1168.4 498.5
1 0.61 1134.4 648.1 1134.1 662.6 1099.6 662.0 1099.9 647.5
1 0.6 1198.7 477.6 1198.2 492.6 1161.8 491.4 1162.4 476.3
1 0.6 1268.4 538.3 1283.5 540.4 1278.8 573.9 1263.7 571.8
1 0.52 1090.4 613.8 1090.2 628.2 1056.1 627.6 1056.3 613.2
1 0.52 973.3 292.5 988.4 293.0 987.2 328.1 972.0 327.5
1 0.43 1087.9 647.7 1087.9 662.5 1053.5 662.5 1053.5 647.7
1 0.38 1184.9 649.3 1185.4 664.8 1148.3 666.1 1147.8 650.6
1 0.29 1039.0 657.2 1026.9 671.1 995.7 643.9 1007.7 630.0
1 0.64 1636.1 542.0 1620.3 543.9 1615.9 508.5 1631.8 506.6
1 0.65 832.3 589.5 832.1 602.7 800.4 602.2 800.6 589.0
1 0.62 889.4 613.4 888.9 629.3 851.2 628.0 851.7 612.1
1 0.61 895.6 642.1 895.8 657.8 857.9 658.5 857.6 642.7
1 0.55 970.1 413.3 954.5 414.6 951.4 378.7 967.0 377.4
1 0.51 750.8 639.7 750.8 655.1 713.0 655.1 713.0 639.7
1 0.26 1184.5 376.5 1185.5 387.8 1162.6 389.8 1161.6 378.5
