1 0.54 1438.0 585.9 1421.5 586.7 1419.7 552.8 1436.2 551.9
1 0.47 1088.0 648.2 1087.8 662.7 1053.7 662.1 1053.9 647.6
1 0.62 1636.2 542.8 1620.1 544.8 1615.7 508.8 1631.7 506.8
1 0.6 1268.3 538.5 1283.3 540.6 1278.6 574.0 1263.6 571.9
1 0.25 1525.0 576.1 1524.8 590.8 1493.7 590.3 1493.9 575.6
1 0.62 1208.1 500.0 1207.5 516.9 1167.8 515.5 1168.4 498.6
1 0.61 1134.6 647.2 1134.6 662.6 1099.1 662.6 1099.1 647.2
1 0.61 1198.4 477.7 1197.9 492.7 1161.7 491.4 1162.3 476.5
1 0.56 1089.8 613.9 1089.6 628.3 1055.3 627.7 1055.5 613.3
1 0.47 1038.3 658.0 1026.3 671.4 995.2 643.4 1007.3 630.0
1 0.4 1184.7 649.5 1185.2 664.8 1148.2 666.1 1147.7 650.8
1 0.63 832.0 589.2 831.7 602.6 799.9 602.0 800.2 588.7
1 0.62 889.4 613.1 888.9 629.2 850.9 627.8 851.4 611.7
1 0.6 895.6 642.1 895.9 657.7 857.9 658.4 857.6 642.7
1 0.52 749.9 639.6 749.9 654.8 712.8 654.8 712.8 639.6
1 0.5 952.2 454.4 968.4 455.8 965.2 492.0 949.1 490.5
1 0.51 974.2 207.0 989.0 207.5 987.8 241.9 973.0 241.4
