1 0.54 1438.2 791.4 1421.4 792.2 1419.6 757.9 1436.4 757.0
1 0.61 1754.0 62.8 1738.1 63.6 1736.2 28.1 1752.2 27.3
1 0.55 896.5 849.3 896.5 864.9 858.8 864.9 858.8 849.3
1 0.52 1004.6 889.5 993.7 902.1 967.6 879.4 978.6 866.8
1 0.49 1090.5 820.5 1090.5 835.4 1054.5 835.4 1054.5 820.5
1 0.38 1037.5 862.4 1026.1 875.5 994.8 848.3 1006.2 835.2
1 0.33 1131.8 853.5 1131.8 868.7 1100.2 868.7 1100.2 853.5
1 0.55 1554.1 19.2 1571.1 19.8 1569.8 57.5 1552.8 56.9
1 0.47 1524.9 47.2 1508.6 48.0 1506.9 15.3 1523.2 14.4
1 0.44 1015.9 124.4 1029.3 131.9 1011.5 164.1 998.0 156.6
1 0.64 1674.4 24.7 1690.4 25.5 1688.6 60.6 1672.5 59.8
1 0.64 1734.8 61.3 1718.4 62.4 1716.0 29.1 1732.4 28.0
1 0.62 1637.6 26.5 1653.8 27.0 1652.6 60.2 1636.5 59.7
1 0.59 1782.1 64.3 1767.2 64.3 1767.2 33.3 1782.1 33.3
1 0.61 1268.4 745.0 1283.6 747.1 1278.9 780.5 1263.7 778.4
1 0.59 1618.0 23.1 1634.8 24.0 1632.9 59.6 1616.2 58.8
1 0.58 1822.8 70.1 1807.9 71.4 1805.1 39.2 1820.0 37.9
1 0.49 1787.7 36.9 1802.4 38.2 1799.7 69.5 1785.0 68.3
1 0.43 1694.4 31.5 1708.9 32.6 1706.7 63.5 1692.3 62.5
1 0.41 1613.2 59.9 1596.5 60.5 1595.4 28.8 1612.1 28.2
1 0.38 1840.4 69.3 1826.1 70.5 1823.4 39.3 1837.6 38.1
1 0.33 1657.6 25.3 1672.2 26.3 1670.0 57.9 1655.4 56.9
1 0.64 1208.1 706.8 1207.5 723.8 1168.1 722.4 1168.7 705.5
1 0.62 889.9 820.1 889.4 836.2 851.6 834.9 852.2 818.8
1 0.55 833.6 796.6 833.4 809.9 800.6 809.3 800.9 796.0
1 0.63 751.7 846.5 751.7 862.2 714.4 862.2 714.4 846.5
1 0.64 1635.8 747.0 1620.3 748.9 1616.1 714.3 1631.6 712.4
1 0.61 1199.0 684.6 1198.5 699.8 1161.9 698.6 1162.4 683.3
1 0.26 1087.8 854.7 1087.8 868.9 1054.5 868.9 1054.5 854.7
1 0.63 1843.4 37.7 1858.1 38.7 1855.9 70.0 1841.2 69.0
1 0.62 1861.6 37.4 1878.1 38.0 1876.9 71.0 1860.4 70.4
1 0.61 1915.4 70.1 1899.3 70.9 1897.5 35.4 1913.5 34.5
1 0.56 1882.1 36.1 1896.8 36.6 1895.6 70.4 1880.9 69.8
