1 0.37 1184.6 650.6 1184.6 666.0 1147.8 666.0 1147.8 650.6
1 0.43 1131.4 648.3 1131.2 662.7 1098.9 662.1 1099.2 647.7
1 0.59 1268.2 538.7 1283.0 540.8 1278.3 574.1 1263.5 572.1
1 0.54 1437.7 586.1 1421.3 587.0 1419.5 553.0 1435.9 552.2
1 0.63 831.7 589.3 831.5 602.7 799.4 602.1 799.6 588.7
1 0.54 886.9 612.8 886.4 629.0 849.7 627.7 850.3 611.5
1 0.6 1635.9 543.1 1619.9 545.0 1615.5 509.0 1631.5 507.0
1 0.62 1207.7 500.3 1207.1 517.1 1167.6 515.7 1168.1 498.9
1 0.62 1198.0 477.9 1197.5 492.8 1161.6 491.5 1162.1 476.6
1 0.57 1089.3 614.0 1089.1 628.3 1054.9 627.7 1055.2 613.5
1 0.5 1040.4 660.0 1028.3 673.4 994.3 642.9 1006.5 629.4
1 0.46 1087.6 647.6 1087.6 662.8 1053.1 662.8 1053.1 647.6
1 0.62 749.7 639.8 749.7 655.2 712.8 655.2 712.8 639.8
1 0.41 889.6 642.4 889.9 657.3 857.5 657.8 857.2 642.9
1 0.55 947.3 536.9 963.0 538.2 959.9 573.8 944.2 572.5
1 0.53 975.5 121.4 990.6 122.2 988.7 156.9 973.7 156.1
