1 0.6 1336.1 772.8 1318.7 774.0 1316.0 736.5 1333.5 735.3
1 0.61 1314.6 683.8 1330.5 684.3 1329.2 719.7 1313.3 719.2
1 0.33 783.0 786.9 779.7 798.6 751.9 790.6 755.3 778.9
1 0.6 843.0 818.8 852.9 830.7 824.3 854.7 814.4 842.8
1 0.58 772.5 1001.1 786.1 1005.8 774.5 1039.4 760.9 1034.8
1 0.5 821.3 779.7 825.4 794.1 792.1 803.7 788.0 789.2
1 0.41 754.1 1055.2 768.3 1058.2 761.2 1091.2 747.1 1088.2
1 0.33 837.8 849.8 845.4 858.5 824.9 876.3 817.3 867.6
1 0.61 43.9 332.4 50.4 347.7 16.6 362.0 10.1 346.7
1 0.61 175.3 540.3 169.1 555.8 133.2 541.3 139.5 525.9
1 0.6 213.8 617.2 202.9 628.9 177.2 604.9 188.1 593.2
1 0.6 26.8 314.8 33.9 329.3 -0.6 346.1 -7.6 331.6
1 0.6 11.5 198.2 28.8 201.0 23.1 237.0 5.8 234.3
1 0.52 233.2 114.0 247.8 122.8 228.0 155.9 213.3 147.1
1 0.51 198.6 580.0 191.2 595.1 159.5 579.6 166.8 564.5
1 0.33 222.7 683.4 208.4 686.9 200.6 655.7 214.9 652.2
1 0.61 217.6 635.5 212.6 649.1 181.4 637.8 186.4 624.2
1 0.58 224.7 797.0 239.9 803.1 226.3 836.9 211.1 830.8
1 0.42 80.5 460.6 67.4 463.9 60.5 436.5 73.7 433.2
1 0.31 388.3 993.9 374.4 1002.2 357.6 974.2 371.5 965.9
1 0.27 1172.8 466.6 1183.6 466.9 1182.8 489.7 1172.0 489.3
1 0.57 342.1 929.4 332.0 940.2 308.4 918.2 318.5 907.4
