1 0.35 834.5 870.7 842.4 879.8 821.5 898.0 813.6 888.9
1 0.33 385.1 1014.9 371.5 1023.0 354.6 994.9 368.2 986.8
1 0.59 818.1 801.3 822.2 815.6 788.5 825.3 784.4 811.0
1 0.58 839.8 839.5 849.8 851.4 820.8 875.8 810.8 863.9
1 0.57 768.6 1022.3 782.5 1027.0 770.8 1060.8 757.0 1056.0
1 0.52 338.8 950.1 329.0 960.6 305.1 938.3 314.9 927.8
1 0.5 779.5 808.3 775.4 821.0 747.4 811.9 751.5 799.2
1 0.62 1310.7 705.8 1326.9 706.3 1325.6 741.5 1309.5 741.0
1 0.6 1332.9 795.1 1315.3 796.0 1313.3 758.1 1330.9 757.1
1 0.32 219.0 705.0 204.9 708.5 196.9 676.7 211.0 673.2
1 0.46 194.6 601.6 187.5 616.2 156.2 600.9 163.3 586.3
1 0.48 77.0 481.6 63.4 485.0 56.5 457.4 70.1 454.0
1 0.49 211.0 637.4 200.2 649.4 173.5 625.3 184.2 613.4
1 0.61 171.6 561.8 165.4 577.1 129.5 562.6 135.7 547.3
1 0.62 214.2 657.2 208.9 670.4 177.9 657.9 183.2 644.7
1 0.63 221.4 822.3 234.4 831.8 213.6 860.5 200.6 851.0
1 0.51 23.9 335.8 30.3 350.1 -4.7 365.7 -11.1 351.4
1 0.56 236.8 120.4 251.5 128.2 233.3 162.3 218.7 154.5
1 0.61 8.1 218.5 25.0 221.8 18.1 257.5 1.1 254.3
1 0.61 40.1 352.6 46.6 367.2 13.0 382.1 6.6 367.6
1 0.28 72.2 282.2 78.1 297.6 41.7 311.6 35.8 296.1
