1 0.28 585.3 428.4 578.3 444.3 535.4 425.2 542.5 409.3
1 0.52 773.5 812.4 769.6 824.4 741.8 815.3 745.7 803.3
1 0.55 1305.5 709.0 1321.1 709.5 1319.9 745.2 1304.2 744.6
1 0.45 828.2 875.2 836.1 884.4 815.7 902.1 807.7 893.0
1 0.63 1327.3 799.1 1309.6 800.4 1306.9 761.9 1324.6 760.6
1 0.62 812.2 806.7 815.9 820.8 782.6 829.7 778.8 815.6
1 0.62 833.8 843.6 843.7 855.5 814.9 879.7 804.9 867.8
1 0.58 763.4 1025.8 776.9 1030.7 764.7 1064.0 751.3 1059.1
1 0.62 204.4 641.9 194.1 653.8 167.5 630.7 177.8 618.8
1 0.64 225.6 817.6 236.2 829.4 210.0 852.9 199.4 841.2
1 0.62 208.0 661.1 202.6 674.5 171.8 662.0 177.2 648.7
1 0.6 165.8 565.5 160.0 580.6 124.0 566.8 129.8 551.7
1 0.54 333.1 954.1 323.0 964.9 299.4 942.8 309.5 932.1
1 0.5 188.8 605.6 181.8 619.9 150.3 604.5 157.2 590.2
1 0.43 212.7 708.1 198.9 711.6 191.2 681.0 205.1 677.5
1 0.41 377.8 1017.3 365.4 1025.1 349.2 999.2 361.6 991.4
1 0.38 71.3 486.7 57.8 490.1 50.9 462.4 64.4 459.0
1 0.26 431.3 1030.4 439.6 1046.7 395.3 1069.2 387.0 1053.0
1 0.53 267.8 56.2 282.1 64.1 263.7 97.2 249.5 89.3
1 0.61 34.2 358.1 40.4 372.6 6.9 386.8 0.8 372.4
1 0.57 1.2 223.6 18.9 227.4 11.3 262.9 -6.4 259.2
1 0.45 16.8 339.7 24.1 354.7 -9.1 370.9 -16.5 355.9
