1 0.54 1320.2 743.7 1303.9 744.2 1302.7 709.4 1318.9 708.8
1 0.61 208.0 659.7 202.2 674.0 170.5 661.2 176.3 646.9
1 0.63 1326.1 798.2 1308.6 799.4 1305.9 761.5 1323.5 760.2
1 0.64 811.8 804.4 816.0 819.2 781.9 829.0 777.7 814.2
1 0.62 832.6 842.3 843.0 854.7 813.8 879.1 803.4 866.7
1 0.6 761.7 1025.1 775.6 1029.6 764.6 1063.4 750.7 1058.9
1 0.53 332.2 952.9 322.0 963.8 298.1 941.5 308.2 930.6
1 0.49 772.7 810.9 769.1 823.3 741.0 815.3 744.6 802.9
1 0.45 827.6 874.1 835.6 883.3 814.7 901.5 806.7 892.3
1 0.38 377.5 1017.3 364.5 1025.0 348.2 997.9 361.2 990.1
1 0.28 812.8 778.8 810.0 798.7 766.2 792.6 769.0 772.6
1 0.63 218.4 820.9 230.8 830.8 208.4 858.5 196.1 848.5
1 0.39 203.2 642.7 191.9 654.0 167.2 629.3 178.5 618.0
1 0.43 16.4 338.8 23.5 353.5 -9.5 369.6 -16.6 354.9
1 0.46 70.1 484.8 57.4 488.2 50.1 461.1 62.9 457.7
1 0.49 260.6 67.2 274.1 75.0 255.7 106.9 242.2 99.1
1 0.61 164.6 564.6 158.6 579.6 123.2 565.3 129.2 550.3
1 0.6 32.8 356.5 39.4 371.3 6.4 385.9 -0.1 371.2
1 0.53 0.3 222.1 18.0 225.5 11.1 261.3 -6.6 257.8
1 0.52 186.9 605.7 179.4 619.2 149.7 602.7 157.2 589.2
1 0.43 212.0 707.2 198.2 710.7 190.7 680.5 204.5 677.1
