1 0.31 246.6 206.5 248.9 221.0 211.6 226.9 209.3 212.4
1 0.63 1294.4 699.0 1309.9 699.6 1308.8 733.3 1293.3 732.8
1 0.61 232.4 635.5 222.2 647.3 196.1 624.6 206.4 612.8
1 0.6 194.6 562.4 188.5 577.4 153.9 563.4 159.9 548.4
1 0.58 66.1 360.9 72.3 375.0 40.0 389.4 33.7 375.3
1 0.46 35.3 230.4 51.8 233.6 44.8 269.7 28.2 266.5
1 0.42 241.5 700.1 228.2 703.9 219.5 673.8 232.9 670.0
1 0.4 217.2 600.9 210.2 615.3 179.6 600.3 186.6 585.9
1 0.39 102.8 485.5 90.3 488.9 83.1 461.9 95.5 458.6
1 0.6 1316.4 784.2 1299.4 785.7 1296.2 749.1 1313.2 747.6
1 0.4 835.5 859.4 843.2 868.3 823.5 885.4 815.8 876.5
1 0.6 819.8 793.2 823.4 806.7 791.3 815.3 787.7 801.8
1 0.6 841.1 828.5 850.8 840.0 822.6 863.6 812.9 852.1
1 0.56 772.5 1004.6 785.3 1008.8 775.0 1040.7 762.1 1036.6
1 0.61 236.2 653.3 231.7 666.3 201.0 655.7 205.5 642.7
1 0.65 233.4 792.1 219.4 799.9 202.9 770.1 216.9 762.4
1 0.66 48.9 344.7 55.6 358.4 23.2 374.2 16.5 360.5
1 0.54 357.5 936.5 347.5 947.1 324.6 925.7 334.5 915.1
1 0.28 402.0 997.9 389.1 1006.0 373.1 980.5 386.0 972.4
1 0.28 782.7 799.1 779.0 811.2 751.7 802.8 755.4 790.7
1 0.4 754.8 1056.2 768.9 1059.0 762.5 1091.6 748.5 1088.9
1 0.5 332.5 21.9 343.3 32.3 318.1 58.4 307.3 48.0
