1 0.35 258.6 628.5 247.7 639.4 224.4 616.1 235.3 605.1
1 0.6 1292.7 720.6 1278.1 720.6 1278.1 687.8 1292.7 687.8
1 0.65 821.7 777.5 825.8 790.9 795.6 800.1 791.5 786.7
1 0.6 843.2 813.2 851.7 824.2 824.7 845.3 816.1 834.4
1 0.58 1298.8 770.2 1282.6 771.0 1280.8 735.9 1297.0 735.1
1 0.5 787.7 783.4 784.3 795.4 757.2 787.6 760.7 775.6
1 0.46 838.9 841.3 846.0 849.5 826.4 866.6 819.3 858.4
1 0.45 266.2 688.9 253.9 692.2 246.3 663.6 258.6 660.3
1 0.31 263.0 644.2 258.2 658.1 225.2 646.8 230.0 632.8
1 0.27 825.3 753.1 822.7 772.0 781.5 766.2 784.1 747.3
1 0.37 14.2 348.6 -1.7 350.5 -5.6 319.0 10.3 317.1
1 0.44 25.7 458.6 22.8 473.7 -13.7 466.6 -10.8 451.5
1 0.61 777.7 981.3 790.1 985.4 780.1 1016.3 767.6 1012.3
1 0.58 378.7 916.3 370.1 926.2 347.0 906.1 355.6 896.2
1 0.56 761.2 1032.0 774.0 1034.9 766.6 1067.3 753.7 1064.3
1 0.26 422.1 977.3 409.4 985.3 392.9 958.8 405.6 950.9
1 0.62 81.4 347.7 88.0 360.6 57.1 376.4 50.6 363.4
1 0.61 97.0 363.8 103.1 376.9 73.3 390.8 67.2 377.8
1 0.6 221.8 556.3 216.0 570.7 182.4 557.1 188.2 542.8
1 0.57 67.3 238.7 83.4 241.0 78.7 275.0 62.5 272.8
1 0.52 354.6 36.8 365.4 47.2 340.7 72.7 329.9 62.3
1 0.48 133.4 482.9 121.2 486.2 114.2 460.2 126.5 456.9
1 0.45 242.9 593.9 236.7 606.7 207.8 592.6 214.0 579.8
1 0.63 218.7 658.6 204.7 663.4 194.1 632.8 208.1 627.9
