1 0.6 1293.7 721.5 1279.5 721.5 1279.5 689.0 1293.7 689.0
1 0.63 1300.7 771.0 1284.1 772.1 1281.6 736.6 1298.2 735.4
1 0.59 98.6 364.5 104.8 377.9 74.6 392.0 68.4 378.6
1 0.56 356.6 37.4 367.2 47.6 341.9 73.8 331.4 63.6
1 0.5 244.2 594.8 237.8 607.9 208.7 593.7 215.1 580.6
1 0.47 134.5 483.6 122.6 486.8 115.8 461.6 127.7 458.4
1 0.46 15.7 349.2 -0.6 351.8 -5.6 320.2 10.7 317.6
1 0.43 28.0 460.4 24.4 474.7 -9.9 466.1 -6.3 451.9
1 0.6 823.8 778.2 827.8 791.2 796.7 800.7 792.8 787.7
1 0.6 844.0 813.0 853.3 824.0 826.4 846.6 817.1 835.6
1 0.5 788.9 784.1 785.5 795.8 758.9 788.2 762.2 776.4
1 0.45 840.0 841.8 847.4 850.2 827.3 867.7 820.0 859.2
1 0.66 231.4 694.6 217.0 698.5 208.4 666.6 222.8 662.8
1 0.66 259.6 627.9 250.1 638.8 225.1 617.1 234.6 606.1
1 0.63 82.7 348.6 89.2 361.4 58.6 377.0 52.0 364.2
1 0.62 68.8 239.6 84.6 242.1 79.3 275.4 63.6 273.0
1 0.62 263.9 645.0 259.4 658.0 228.9 647.5 233.4 634.5
1 0.59 223.1 557.3 217.3 571.7 183.6 558.0 189.4 543.7
1 0.55 379.9 917.2 370.7 927.0 348.5 906.4 357.7 896.5
1 0.48 268.3 689.2 255.6 692.8 247.6 664.7 260.2 661.1
1 0.6 778.6 982.0 791.2 986.1 781.1 1016.9 768.6 1012.8
1 0.55 762.3 1032.8 775.0 1035.7 767.6 1067.9 754.9 1065.0
1 0.26 825.5 753.4 823.5 772.0 783.1 767.8 785.1 749.2
