1 0.59 1328.6 796.1 1310.7 797.3 1308.1 759.8 1326.0 758.5
1 0.37 205.2 641.8 194.5 653.3 170.0 630.4 180.7 618.9
1 0.62 35.5 357.9 41.7 372.5 7.9 386.8 1.8 372.3
1 0.61 168.0 565.9 161.8 581.1 125.7 566.5 131.8 551.2
1 0.52 190.7 606.5 183.3 620.6 151.7 603.8 159.2 589.8
1 0.52 305.8 10.5 317.7 21.2 292.7 48.9 280.9 38.3
1 0.51 17.7 340.1 24.8 354.8 -8.1 370.9 -15.3 356.2
1 0.45 72.7 486.8 59.2 490.2 52.2 462.2 65.7 458.8
1 0.63 1306.5 707.2 1322.4 707.7 1321.2 743.1 1305.3 742.6
1 0.52 813.6 803.5 817.6 818.3 784.5 827.2 780.5 812.4
1 0.62 835.6 842.1 845.6 854.0 817.2 877.8 807.2 865.9
1 0.57 765.7 1023.6 779.2 1028.0 768.1 1062.1 754.6 1057.7
1 0.46 831.1 873.2 838.6 881.9 817.9 899.9 810.4 891.2
1 0.44 775.7 809.9 772.0 822.9 744.1 814.9 747.9 802.0
1 0.62 2.2 223.6 19.7 227.0 12.7 263.0 -4.8 259.6
1 0.38 379.7 1015.7 366.9 1023.1 352.4 998.1 365.3 990.7
1 0.43 215.1 707.9 201.9 711.2 194.3 680.8 207.5 677.5
1 0.57 336.2 952.6 326.9 963.3 302.5 942.1 311.7 931.4
1 0.61 210.0 659.8 205.2 673.7 173.9 662.9 178.6 649.0
1 0.63 230.9 815.7 227.0 831.5 192.9 823.0 196.8 807.2
