1 0.27 634.9 451.7 628.0 466.4 589.1 448.3 596.0 433.5
1 0.59 866.8 835.5 876.1 846.6 849.0 869.4 839.6 858.2
1 0.27 444.1 998.3 432.3 1005.7 417.1 981.4 429.0 974.0
1 0.59 1316.7 743.7 1302.0 744.2 1300.9 711.1 1315.5 710.6
1 0.51 1322.6 792.6 1306.4 794.1 1303.3 758.5 1319.4 757.0
1 0.53 376.7 60.1 387.9 70.2 364.1 96.6 352.9 86.5
1 0.64 845.9 800.6 850.0 814.0 819.7 823.3 815.6 809.9
1 0.61 801.4 1004.1 814.1 1008.2 804.0 1039.4 791.3 1035.2
1 0.44 811.3 805.9 808.4 817.6 782.3 811.1 785.2 799.4
1 0.42 785.4 1053.6 799.2 1057.0 791.0 1090.1 777.2 1086.6
1 0.43 862.3 864.8 869.5 873.1 850.2 889.9 842.9 881.6
1 0.36 291.9 712.5 278.0 716.8 269.3 688.1 283.1 683.8
1 0.27 1181.9 533.6 1171.1 534.1 1170.0 512.0 1180.7 511.5
1 0.64 286.2 668.3 281.8 681.1 251.2 670.5 255.6 657.8
1 0.64 282.2 651.3 272.8 662.2 247.5 640.2 257.0 629.4
1 0.5 402.5 939.4 393.3 949.3 371.6 929.1 380.8 919.2
1 0.51 155.8 506.9 143.9 510.0 137.0 484.1 148.8 480.9
1 0.34 267.9 617.6 260.9 631.9 230.6 617.1 237.6 602.8
1 0.65 211.8 615.6 199.0 623.7 181.4 595.6 194.2 587.5
1 0.6 244.9 580.1 239.2 594.5 205.9 581.0 211.7 566.7
1 0.59 49.0 483.3 45.4 498.0 11.6 489.6 15.2 474.9
1 0.56 89.7 261.5 105.8 264.6 99.3 297.7 83.3 294.6
1 0.57 36.8 371.9 21.4 374.6 15.9 343.4 31.3 340.7
1 0.6 119.9 387.3 126.1 400.6 96.0 414.7 89.8 401.4
1 0.64 103.8 371.0 110.6 384.5 79.3 400.5 72.4 387.0
