1 0.51 667.4 342.4 676.9 352.3 651.0 377.3 641.5 367.4
1 0.57 531.4 856.0 526.4 870.5 493.6 859.2 498.6 844.7
1 0.67 350.5 745.9 344.2 758.9 314.5 744.4 320.8 731.4
1 0.55 319.0 649.3 303.9 651.7 299.0 620.3 314.0 617.9
1 0.35 263.8 646.9 266.9 658.7 241.3 665.6 238.1 653.8
1 0.37 577.8 985.4 564.8 989.6 555.8 961.8 568.8 957.5
1 0.49 553.3 893.5 546.3 906.8 518.0 891.7 525.0 878.5
1 0.5 227.4 683.1 216.2 692.5 196.4 668.9 207.6 659.5
1 0.53 442.2 785.3 430.0 788.4 422.9 759.9 435.1 756.8
1 0.53 72.1 745.5 81.9 755.3 59.6 777.6 49.8 767.8
1 0.55 388.6 648.1 395.6 661.2 364.3 677.9 357.3 664.7
1 0.56 568.3 926.6 559.0 937.3 534.2 915.8 543.6 905.1
1 0.65 572.8 942.8 568.3 955.8 538.0 945.4 542.5 932.4
1 0.57 404.4 664.3 411.1 676.9 381.2 692.8 374.5 680.2
1 0.57 36.7 772.6 48.0 784.8 15.5 815.1 4.2 802.9
1 0.57 331.7 761.1 328.3 774.9 296.2 766.9 299.6 753.1
1 0.62 281.8 644.0 269.9 653.3 248.9 626.4 260.8 617.1
1 0.63 244.8 675.5 233.2 684.5 213.7 659.5 225.3 650.5
1 0.63 374.7 540.0 390.2 543.1 383.8 576.4 368.2 573.4
1 0.6 1581.8 987.3 1596.3 988.3 1594.0 1020.7 1579.5 1019.7
1 0.59 1599.7 1066.6 1584.0 1067.7 1581.6 1033.8 1597.3 1032.7
1 0.29 249.0 648.5 234.6 651.1 229.6 622.4 243.9 619.9
