1 0.45 288.8 254.0 292.4 267.3 260.3 275.9 256.8 262.6
1 0.29 1324.3 246.2 1322.3 258.9 1296.3 254.8 1298.3 242.1
1 0.65 114.7 310.0 119.2 323.7 87.5 334.0 83.1 320.3
1 0.67 251.6 263.8 254.6 277.9 221.1 285.0 218.1 270.9
1 0.41 1519.3 3.9 1525.8 16.7 1497.1 31.3 1490.6 18.5
1 0.48 1378.7 62.2 1383.1 73.5 1354.8 84.4 1350.4 73.0
1 0.58 1428.9 42.3 1433.9 56.0 1401.5 67.8 1396.5 54.1
1 0.55 1269.3 839.0 1277.7 849.5 1251.5 870.7 1243.1 860.2
1 0.64 979.6 1027.2 994.1 1030.3 987.1 1063.0 972.6 1059.9
1 0.49 351.7 236.1 356.0 250.1 324.1 259.8 319.8 245.9
1 0.63 161.3 293.1 165.4 307.3 131.1 317.1 127.1 302.9
1 0.5 43.4 337.5 48.2 350.0 19.9 360.9 15.1 348.3
