1 0.32 643.3 691.8 646.8 704.8 616.2 713.0 612.7 700.0
1 0.57 398.3 772.7 402.8 784.5 375.0 795.2 370.5 783.4
1 0.55 706.8 675.4 710.8 688.4 680.6 697.6 676.6 684.6
1 0.6 354.5 788.2 361.5 801.3 324.7 820.9 317.7 807.7
1 0.61 516.0 729.7 519.9 742.7 487.4 752.7 483.4 739.7
1 0.62 607.9 700.1 611.4 713.4 579.0 722.0 575.5 708.8
1 0.66 470.3 745.4 475.0 758.5 444.4 769.6 439.7 756.5
1 0.5 266.0 831.3 271.2 843.5 237.9 857.6 232.8 845.4
1 0.32 1715.3 701.9 1711.1 713.4 1684.4 703.7 1688.6 692.2
1 0.48 1851.9 445.2 1857.9 458.1 1829.2 471.5 1823.2 458.5
1 0.49 1717.7 503.5 1721.2 514.8 1691.6 523.8 1688.1 512.6
1 0.54 1764.8 483.4 1769.3 497.2 1736.3 507.9 1731.8 494.1
1 0.5 162.1 879.9 168.2 893.5 130.5 910.3 124.4 896.7
1 0.55 45.9 943.9 53.5 954.7 27.4 973.0 19.8 962.2
1 0.67 94.9 916.3 102.0 928.2 74.3 944.8 67.2 933.0
