1 0.38 1246.0 754.6 1202.5 806.4 1055.5 683.0 1099.0 631.2
1 0.41 1680.8 712.7 1680.8 774.4 1524.4 774.4 1524.4 712.7
1 0.41 1481.3 557.2 1481.3 617.3 1320.7 617.3 1320.7 557.2
1 0.47 1055.2 354.1 1108.2 367.3 1073.3 507.2 1020.3 494.0
1 0.41 889.4 538.3 951.5 550.4 919.8 713.6 857.7 701.5
1 0.4 620.6 698.9 621.5 756.0 453.1 758.9 452.1 701.9
1 0.34 1474.8 714.7 1473.7 775.1 1322.0 772.5 1323.0 712.0
1 0.51 589.7 570.9 586.4 632.8 413.7 623.7 416.9 561.8
1 0.34 1924.9 717.3 1929.3 779.7 1750.7 792.2 1746.4 729.8
1 0.43 342.7 461.6 341.7 516.2 176.7 513.3 177.6 458.7
