1 0.33 1465.1 468.2 1464.1 527.9 1314.0 525.3 1315.0 465.6
1 0.38 1475.1 311.1 1475.1 371.6 1308.0 371.6 1308.0 311.1
1 0.42 1674.7 467.0 1674.7 527.8 1511.1 527.8 1511.1 467.0
1 0.44 610.1 449.5 610.1 507.5 440.4 507.5 440.4 449.5
1 0.48 576.9 322.9 572.7 382.1 408.3 370.6 412.5 311.4
1 0.53 883.6 333.3 946.6 352.6 896.5 516.6 833.5 497.3
1 0.41 331.3 210.6 329.5 263.9 168.2 258.3 170.1 204.9
1 0.28 1905.9 471.8 1911.3 532.7 1739.4 547.7 1734.1 486.8
1 0.45 1244.3 514.1 1201.2 565.4 1046.0 435.1 1089.0 383.8
1 0.44 1047.5 104.5 1100.3 117.6 1065.1 258.5 1012.3 245.4
