1 0.41 337.3 461.8 336.4 517.1 181.0 514.4 182.0 459.1
1 0.47 584.7 573.2 581.5 632.7 412.4 623.9 415.5 564.3
1 0.36 1472.2 715.9 1471.1 775.7 1320.1 773.1 1321.2 713.2
1 0.42 1677.9 714.4 1677.9 774.6 1523.2 774.6 1523.2 714.4
1 0.42 1478.7 557.9 1478.7 616.8 1319.1 616.8 1319.1 557.9
1 0.34 1918.7 716.2 1923.1 780.1 1746.6 792.4 1742.2 728.6
1 0.31 1242.4 754.3 1198.6 806.4 1052.3 683.6 1096.0 631.5
1 0.51 617.5 699.3 618.5 757.1 446.6 760.1 445.6 702.3
1 0.41 1053.7 355.6 1105.9 368.6 1071.1 508.2 1018.9 495.2
1 0.44 884.9 268.7 946.2 272.0 937.7 433.3 876.5 430.1
