1 0.43 1478.1 563.2 1478.1 624.4 1316.4 624.4 1316.4 563.2
1 0.37 584.6 574.1 583.5 634.6 412.3 631.6 413.4 571.1
1 0.41 1680.0 720.2 1680.0 780.8 1517.0 780.8 1517.0 720.2
1 0.33 1471.8 719.2 1470.8 780.3 1319.2 777.6 1320.3 716.6
1 0.45 615.7 703.5 616.7 760.7 445.6 763.7 444.6 706.5
1 0.41 881.0 306.7 941.1 318.3 909.8 478.9 849.8 467.2
1 0.46 1050.5 360.3 1102.3 371.3 1072.3 512.2 1020.6 501.2
1 0.34 1916.4 727.0 1919.6 789.0 1745.2 798.1 1742.0 736.2
1 0.37 335.7 465.2 334.7 521.5 179.4 518.8 180.4 462.5
1 0.35 1237.6 758.3 1194.8 809.2 1049.2 687.0 1092.0 636.1
