1 0.38 340.8 466.5 339.8 522.0 174.5 519.1 175.5 463.6
1 0.46 584.2 573.9 583.2 634.2 413.4 631.2 414.4 571.0
1 0.46 1051.3 360.9 1103.7 372.0 1073.5 513.7 1021.2 502.6
1 0.33 1249.8 764.4 1207.0 817.2 1048.5 688.8 1091.2 636.0
1 0.34 1469.6 722.8 1468.5 781.5 1318.4 778.9 1319.4 720.1
1 0.42 1477.4 563.9 1477.4 622.7 1317.5 622.7 1317.5 563.9
1 0.49 616.8 704.1 617.8 762.2 446.6 765.2 445.6 707.1
1 0.28 1788.9 489.4 1788.9 509.4 1737.3 509.4 1737.3 489.4
1 0.41 1677.4 720.5 1677.4 780.9 1522.6 780.9 1522.6 720.5
1 0.34 1915.6 727.9 1919.8 788.9 1746.9 801.0 1742.7 740.0
