1 0.28 1166.9 364.4 1175.6 374.5 1153.9 393.3 1145.2 383.3
1 0.46 275.3 119.4 261.8 127.5 243.9 97.6 257.4 89.5
1 0.33 564.0 623.6 550.5 631.8 529.9 597.5 543.4 589.4
1 0.62 353.4 292.7 340.5 300.5 322.4 270.3 335.3 262.6
1 0.59 612.8 677.4 602.1 687.4 579.2 662.8 589.9 652.8
1 0.58 376.6 333.2 363.5 341.4 345.1 312.1 358.3 303.9
1 0.57 412.7 395.5 401.5 404.2 380.6 377.5 391.8 368.7
1 0.53 440.7 436.8 428.8 446.4 404.6 416.6 416.5 406.9
1 0.5 651.8 722.3 643.1 732.3 618.5 710.9 627.2 700.9
1 0.35 495.1 521.3 482.1 530.3 462.6 502.4 475.5 493.3
1 0.64 895.1 945.8 885.6 957.6 858.6 935.8 868.2 923.9
1 0.62 939.2 567.1 949.5 576.7 925.5 602.4 915.3 592.8
1 0.61 985.9 524.9 995.7 534.0 975.5 555.6 965.7 546.5
1 0.57 989.8 1020.0 981.9 1030.8 954.4 1010.8 962.3 1000.0
1 0.57 1048.5 1062.0 1043.6 1073.7 1014.4 1061.3 1019.3 1049.6
1 0.56 989.6 1051.0 981.4 1062.3 950.8 1040.1 959.0 1028.8
1 0.56 927.5 974.7 919.8 985.3 892.9 965.8 900.6 955.2
1 0.53 1056.8 463.7 1064.5 473.2 1042.4 491.0 1034.8 481.5
1 0.53 862.0 920.2 853.7 929.8 830.5 909.7 838.8 900.1
1 0.54 292.6 218.4 280.4 224.6 265.4 195.0 277.5 188.8
1 0.53 834.4 896.2 824.6 907.2 798.5 883.7 808.3 872.7
1 0.58 295.9 176.8 282.5 183.0 268.6 153.2 282.0 147.0
1 0.55 310.3 210.4 297.4 216.7 283.2 187.6 296.1 181.3
1 0.36 211.2 16.5 196.6 23.6 181.6 -7.1 196.2 -14.2
1 0.54 1772.1 143.7 1762.8 156.1 1733.3 133.9 1742.7 121.5
1 0.63 1119.2 405.5 1128.6 415.3 1105.8 437.4 1096.3 427.6
