1 0.45 986.6 1024.4 983.1 1038.6 949.2 1030.2 952.8 1016.0
1 0.33 1038.8 388.6 1050.5 394.5 1037.5 420.0 1025.8 414.1
1 0.6 1010.1 445.6 1023.2 450.7 1011.7 480.7 998.6 475.6
1 0.58 912.4 668.9 926.7 673.5 915.4 708.1 901.2 703.5
1 0.55 937.4 611.1 950.2 615.2 940.8 644.2 927.9 640.0
1 0.5 976.2 526.6 987.6 531.7 976.4 556.9 965.0 551.9
1 0.65 253.5 659.4 244.3 671.6 215.7 650.0 224.9 637.9
1 0.55 1071.0 1047.8 1068.1 1062.5 1033.9 1055.9 1036.7 1041.1
1 0.63 177.8 601.5 167.5 612.5 143.0 589.6 153.3 578.7
1 0.59 150.2 575.8 140.6 586.1 116.4 563.5 126.0 553.2
1 0.56 292.3 687.3 283.5 700.4 254.2 680.6 263.0 667.5
1 0.48 353.6 730.8 346.4 744.2 315.8 727.9 322.9 714.5
1 0.48 395.7 757.6 388.7 770.9 354.9 752.9 361.9 739.7
1 0.47 106.8 529.0 97.9 542.3 67.5 521.8 76.4 508.6
1 0.44 479.4 812.7 471.5 825.3 443.7 807.9 451.6 795.3
1 0.4 587.8 878.7 579.7 890.7 547.3 868.9 555.4 856.9
1 0.59 657.1 907.2 651.2 921.9 618.9 908.8 624.8 894.1
1 0.48 710.6 932.2 707.0 944.9 676.4 936.1 680.1 923.5
1 0.65 1028.3 1035.2 1024.6 1050.0 991.4 1041.8 995.1 1026.9
1 0.55 1145.0 1062.5 1142.8 1076.5 1109.7 1071.3 1111.9 1057.3
1 0.61 952.0 1015.1 947.7 1029.8 914.3 1020.2 918.5 1005.5
1 0.54 925.5 1032.5 920.8 1046.1 886.4 1034.3 891.1 1020.6
