1 0.37 653.9 851.7 647.7 865.6 616.6 851.8 622.8 837.9
1 0.42 479.1 756.1 471.2 768.6 443.6 751.4 451.4 738.8
1 0.56 974.9 994.8 970.9 1008.8 935.7 998.7 939.7 984.7
1 0.56 936.2 559.2 948.9 562.8 940.5 592.3 927.8 588.6
1 0.51 976.2 475.8 987.5 481.0 975.7 506.3 964.4 501.0
1 0.51 708.1 876.4 704.4 889.2 674.7 880.6 678.3 867.9
1 0.51 1065.5 994.5 1062.7 1009.0 1029.2 1002.5 1032.0 987.9
1 0.42 585.8 822.0 577.7 834.1 546.1 812.8 554.2 800.8
1 0.62 910.8 616.8 924.9 621.3 913.9 655.3 899.8 650.7
1 0.6 1010.3 395.9 1023.4 401.2 1011.5 430.6 998.4 425.3
1 0.38 1038.8 339.5 1050.4 345.4 1037.7 370.2 1026.1 364.3
1 0.55 292.9 629.9 284.4 642.4 255.5 622.9 263.9 610.4
1 0.47 395.5 700.3 388.7 713.6 354.4 696.1 361.1 682.8
1 0.46 353.3 672.6 346.2 685.8 315.2 669.3 322.2 656.1
1 0.59 982.6 971.2 979.3 984.5 949.6 977.1 952.9 963.8
1 0.61 947.5 961.1 943.4 975.5 910.5 966.0 914.6 951.7
1 0.54 1139.6 1010.4 1136.8 1024.8 1103.9 1018.4 1106.7 1004.0
1 0.68 1024.0 982.5 1020.3 997.3 986.8 988.9 990.5 974.1
1 0.57 1211.0 1026.8 1211.0 1040.0 1177.8 1040.0 1177.8 1026.8
1 0.46 110.6 471.2 101.4 484.9 71.7 464.9 81.0 451.2
1 0.56 40.1 419.8 28.6 429.5 6.4 403.1 18.0 393.4
1 0.64 254.0 601.6 244.8 613.8 216.8 592.7 226.0 580.5
1 0.6 180.2 544.0 169.9 555.0 145.4 532.1 155.7 521.1
1 0.53 151.3 517.2 141.7 527.5 118.1 505.5 127.7 495.2
