1 0.35 986.8 449.5 997.9 455.7 984.0 480.9 972.8 474.7
1 0.44 1056.6 317.6 1067.7 323.8 1053.9 348.7 1042.8 342.5
1 0.59 1025.9 372.6 1038.4 379.0 1023.7 407.9 1011.1 401.5
1 0.62 164.7 445.8 155.0 456.3 130.5 433.5 140.3 423.0
1 0.61 260.3 535.7 250.3 547.3 224.0 524.4 234.0 512.9
1 0.61 190.5 472.8 180.3 483.8 156.3 461.3 166.5 450.4
1 0.58 642.7 807.2 636.1 819.6 607.2 804.2 613.7 791.9
1 0.57 296.1 565.9 287.0 577.5 260.2 556.6 269.3 545.0
1 0.55 92.2 392.6 81.3 401.8 59.6 375.9 70.5 366.7
1 0.5 26.6 322.2 14.8 335.3 -14.5 309.0 -2.6 295.9
1 0.47 396.1 641.4 388.6 654.3 354.0 634.4 361.5 621.4
1 0.44 355.0 612.3 347.6 624.1 318.8 606.1 326.2 594.3
1 0.42 124.0 399.3 113.9 410.6 88.3 387.6 98.5 376.3
1 0.4 477.9 701.7 469.2 714.5 439.7 694.6 448.3 681.7
1 0.38 577.4 773.3 568.1 784.8 538.5 760.8 547.8 749.3
1 0.41 697.7 835.2 692.9 847.7 662.1 835.9 666.9 823.4
1 0.59 913.1 586.0 927.3 591.4 914.1 625.7 900.0 620.3
1 0.59 943.5 531.7 955.1 537.1 942.5 564.1 930.9 558.7
1 0.62 1005.1 956.4 1000.9 970.9 968.2 961.5 972.3 947.0
1 0.57 1011.7 987.0 1007.0 1000.6 972.6 988.8 977.3 975.1
1 0.56 1120.8 992.2 1117.4 1005.9 1083.7 997.5 1087.2 983.8
1 0.52 1191.1 1011.2 1190.9 1023.8 1156.9 1023.2 1157.1 1010.6
1 0.51 1047.1 971.8 1043.7 985.4 1010.6 977.1 1014.0 963.6
1 0.6 931.0 932.2 925.7 946.0 893.9 933.8 899.1 920.0
1 0.56 965.1 945.0 960.8 957.3 932.0 947.4 936.3 935.1
