1 0.37 652.5 850.1 646.8 864.2 615.4 851.5 621.1 837.4
1 0.42 110.0 469.2 101.1 484.0 69.4 464.9 78.3 450.1
1 0.57 936.0 558.4 948.4 562.5 939.2 590.7 926.8 586.7
1 0.42 974.5 475.2 986.1 480.6 974.6 505.3 963.0 499.9
1 0.41 910.6 615.6 924.3 620.1 913.9 652.1 900.2 647.7
1 0.38 1037.2 338.1 1049.4 343.8 1037.4 369.4 1025.3 363.7
1 0.65 1010.3 395.3 1023.0 400.9 1010.2 429.7 997.5 424.0
1 0.42 584.7 821.5 576.3 833.4 545.2 811.6 553.6 799.7
1 0.71 1022.4 982.0 1018.9 996.0 986.0 987.8 989.5 973.8
1 0.56 1064.7 993.7 1061.9 1008.3 1028.5 1001.8 1031.3 987.2
1 0.56 1138.6 1009.8 1135.9 1023.6 1103.2 1017.2 1105.8 1003.4
1 0.52 1210.4 1025.5 1210.6 1038.3 1177.5 1038.8 1177.3 1026.1
1 0.37 981.9 970.0 978.4 984.1 946.2 976.1 949.7 961.9
1 0.64 253.1 600.7 243.9 612.8 216.1 591.9 225.3 579.8
1 0.6 179.5 542.6 169.2 553.6 144.6 530.6 154.8 519.6
1 0.57 150.8 516.5 141.1 526.9 117.5 504.9 127.3 494.5
1 0.54 39.3 419.0 27.9 428.6 5.7 402.2 17.1 392.6
1 0.53 292.2 629.3 283.8 641.8 255.0 622.3 263.4 609.8
1 0.47 707.6 874.9 704.4 887.9 673.4 880.2 676.6 867.1
1 0.51 352.4 671.9 345.5 684.9 314.2 668.3 321.2 655.3
1 0.48 393.9 699.6 386.8 713.0 353.1 695.1 360.2 681.7
1 0.45 476.3 755.0 468.4 766.7 442.9 749.5 450.8 737.8
1 0.63 946.4 960.8 942.5 974.5 909.6 965.0 913.5 951.4
1 0.57 973.7 993.9 969.8 1007.7 935.0 997.7 938.9 984.0
