1 0.47 924.9 1030.8 920.9 1044.6 885.8 1034.5 889.8 1020.7
1 0.62 176.8 600.7 166.8 611.5 142.4 588.7 152.4 578.0
1 0.58 656.4 906.3 650.5 920.9 618.1 907.8 624.0 893.2
1 0.49 352.6 729.4 346.1 742.9 314.7 727.5 321.2 714.1
1 0.48 394.5 756.8 387.6 769.8 353.9 751.9 360.8 738.9
1 0.46 709.9 930.8 706.7 943.7 675.4 935.9 678.6 923.0
1 0.45 477.6 811.6 469.6 823.5 443.1 805.6 451.1 793.8
1 0.32 586.4 877.3 578.4 889.1 546.7 867.8 554.8 855.9
1 0.65 252.1 658.3 243.1 670.3 215.1 649.2 224.1 637.2
1 0.62 149.5 574.8 139.8 585.2 115.6 562.6 125.3 552.2
1 0.58 290.2 686.3 281.7 698.9 253.3 679.7 261.8 667.1
1 0.52 975.4 525.5 986.9 530.9 975.0 556.4 963.5 551.0
1 0.5 105.8 528.6 96.6 541.7 66.8 520.8 76.0 507.7
1 0.35 1036.4 387.7 1048.7 393.4 1036.7 419.1 1024.4 413.4
1 0.47 936.2 610.5 949.1 614.7 939.0 645.8 926.1 641.6
1 0.62 1009.3 444.5 1022.6 449.6 1010.9 480.0 997.6 474.9
1 0.56 1144.0 1061.5 1141.8 1075.6 1107.6 1070.2 1109.8 1056.1
1 0.55 1069.7 1046.5 1067.4 1061.0 1033.1 1055.6 1035.4 1041.1
1 0.48 985.8 1023.7 982.3 1037.7 949.0 1029.3 952.5 1015.4
1 0.54 911.5 667.1 925.8 671.7 914.4 706.7 900.2 702.1
1 0.65 1027.1 1034.4 1023.5 1048.9 990.6 1040.7 994.3 1026.2
1 0.61 950.3 1014.9 946.2 1028.5 913.5 1018.6 917.7 1004.9
