1 0.61 1298.9 486.1 1288.2 496.8 1263.6 472.3 1274.4 461.5
1 0.64 196.7 934.7 183.3 940.1 170.8 909.3 184.2 903.9
1 0.49 122.7 749.5 108.0 756.7 93.0 726.0 107.7 718.8
1 0.47 143.6 812.2 127.6 817.7 116.8 786.1 132.8 780.6
1 0.47 123.1 823.9 109.1 828.4 98.4 795.5 112.4 791.0
1 0.43 279.6 1086.5 265.7 1094.8 247.0 1063.6 260.9 1055.2
1 0.33 254.0 1042.0 241.9 1049.5 225.6 1023.3 237.6 1015.8
1 0.67 1872.9 487.5 1877.9 500.4 1848.4 511.7 1843.5 498.9
1 0.62 1908.0 475.1 1912.3 486.8 1884.7 496.9 1880.5 485.1
1 0.57 1644.6 875.0 1635.0 885.9 1608.2 862.6 1617.7 851.7
1 0.42 1089.0 327.8 1080.4 337.7 1055.9 316.4 1064.5 306.5
1 0.27 1129.7 366.8 1119.0 378.7 1087.8 350.5 1098.4 338.6
1 0.63 850.2 5.8 847.7 21.8 811.7 16.1 814.2 0.1
1 0.63 219.7 974.6 206.4 982.3 190.6 954.8 203.8 947.2
1 0.67 155.9 846.8 142.2 852.4 130.0 822.2 143.8 816.7
1 0.67 24.7 524.5 8.3 528.9 -1.1 493.9 15.3 489.5
1 0.64 979.8 186.9 993.4 193.9 978.3 223.4 964.7 216.5
1 0.63 925.6 105.4 935.8 115.6 911.8 139.6 901.6 129.4
1 0.59 1039.4 44.6 1053.2 47.8 1046.1 78.5 1032.3 75.3
1 0.56 963.1 141.1 972.4 151.9 948.2 173.0 938.8 162.2
1 0.52 954.0 18.4 941.4 27.3 920.5 -2.6 933.1 -11.4
1 0.49 931.8 69.6 933.3 86.3 899.8 89.2 898.4 72.5
1 0.38 954.8 144.2 942.1 150.2 929.5 123.1 942.2 117.2
1 0.37 971.4 157.5 983.3 167.5 962.8 192.0 950.8 182.0
1 0.34 936.0 137.9 938.7 151.9 906.9 158.1 904.2 144.1
