1 0.41 1523.5 529.8 1532.7 543.4 1504.4 562.4 1495.3 548.9
1 0.6 1046.9 980.0 1060.6 982.0 1056.1 1014.4 1042.4 1012.5
1 0.63 1121.4 772.2 1136.1 776.4 1126.4 810.3 1111.7 806.1
1 0.45 1464.4 582.7 1474.4 591.1 1456.9 611.9 1446.9 603.5
1 0.42 1249.2 715.2 1253.3 727.8 1224.1 737.3 1220.0 724.6
1 0.29 1565.8 508.8 1551.3 518.6 1526.9 482.3 1541.4 472.5
1 0.65 1204.4 722.2 1218.5 725.5 1211.0 757.8 1197.0 754.5
1 0.63 1188.9 728.9 1200.2 737.7 1179.7 763.9 1168.4 755.1
1 0.52 1059.1 868.1 1063.2 879.8 1036.2 889.1 1032.1 877.4
1 0.66 1523.9 161.4 1521.2 175.3 1488.7 169.0 1491.4 155.1
1 0.61 1620.9 166.5 1621.2 181.4 1583.5 182.1 1583.2 167.2
1 0.59 1304.7 168.9 1290.2 175.1 1277.1 144.3 1291.6 138.1
1 0.56 1349.0 134.7 1338.5 146.4 1310.5 121.2 1321.1 109.5
1 0.3 963.5 1078.6 951.1 1084.3 939.2 1058.7 951.5 1053.0
1 0.42 1287.5 178.0 1300.7 180.5 1294.9 210.2 1281.7 207.7
1 0.4 1370.5 133.3 1361.8 142.6 1340.4 122.6 1349.1 113.3
1 0.45 940.8 1005.2 942.9 1019.9 910.2 1024.5 908.1 1009.8
1 0.4 1575.2 170.4 1573.5 184.1 1541.3 180.1 1543.0 166.4
1 0.62 858.1 943.5 857.3 958.5 823.1 956.7 823.9 941.7
1 0.57 961.4 955.7 949.1 964.4 928.5 935.0 940.9 926.3
1 0.56 936.5 1039.4 947.0 1050.2 921.9 1074.4 911.5 1063.6
1 0.47 975.4 939.5 962.3 947.7 943.8 918.1 957.0 909.9
