1 0.26 1622.4 561.0 1621.8 572.6 1596.8 571.3 1597.4 559.7
1 0.44 1378.9 495.0 1371.3 503.8 1348.9 484.3 1356.5 475.6
1 0.32 1296.9 540.8 1310.2 543.4 1304.8 571.2 1291.5 568.6
1 0.3 1530.3 886.8 1539.4 900.3 1512.7 918.3 1503.6 904.8
1 0.67 1532.4 522.8 1529.8 536.3 1497.5 530.0 1500.2 516.6
1 0.6 1313.8 531.1 1300.8 537.1 1287.0 507.6 1300.0 501.6
1 0.59 1629.5 528.0 1629.7 542.0 1592.7 542.7 1592.4 528.6
1 0.57 1357.6 497.7 1347.4 508.7 1320.7 483.8 1331.0 472.9
1 0.43 1585.9 532.3 1584.8 545.1 1551.5 542.2 1552.6 529.4
1 0.46 1574.3 866.6 1559.5 876.9 1532.8 838.7 1547.5 828.4
1 0.46 1472.2 937.1 1483.0 945.6 1465.0 968.6 1454.2 960.2
1 0.42 985.6 197.1 986.6 208.5 961.5 210.7 960.5 199.3
