1 0.59 845.6 349.6 843.7 365.3 807.9 360.9 809.8 345.3
1 0.29 1197.6 766.2 1188.7 776.4 1164.0 754.9 1172.9 744.7
1 0.37 1046.0 270.9 1050.7 283.1 1022.3 294.0 1017.6 281.8
1 0.66 1324.1 862.5 1312.7 872.0 1290.6 845.7 1302.1 836.2
1 0.7 1863.4 820.9 1868.3 833.5 1839.8 844.5 1834.9 831.9
1 0.67 1898.3 808.0 1902.3 820.4 1874.8 829.3 1870.8 817.0
1 0.66 1176.2 131.0 1188.0 140.0 1168.1 166.4 1156.3 157.5
1 0.64 975.0 529.2 988.3 535.4 974.5 564.8 961.3 558.6
1 0.64 1110.0 176.8 1124.6 181.0 1115.0 214.7 1100.3 210.5
1 0.62 1193.3 124.8 1207.4 128.6 1198.7 161.1 1184.6 157.3
1 0.61 1035.0 388.2 1047.8 390.0 1043.4 421.4 1030.6 419.6
1 0.44 1236.7 115.9 1242.3 128.0 1214.9 140.8 1209.3 128.7
1 0.33 1142.5 152.6 1161.0 159.0 1150.6 189.3 1132.1 182.9
1 0.64 921.8 448.9 931.6 459.1 907.6 482.4 897.7 472.2
1 0.61 959.0 484.0 968.1 494.5 944.3 515.3 935.1 504.7
1 0.55 1084.6 666.7 1076.4 677.3 1050.8 657.3 1059.1 646.8
1 0.46 966.5 500.8 978.8 511.1 958.8 535.0 946.5 524.7
1 0.39 1123.8 707.1 1112.9 719.2 1081.6 691.1 1092.5 679.0
1 0.39 930.7 481.6 933.5 494.6 903.2 501.0 900.5 488.0
1 0.39 949.8 486.0 937.9 491.6 926.3 466.6 938.2 461.1
1 0.66 62.3 985.5 46.7 990.3 36.4 956.5 52.0 951.7
1 0.41 84.8 1013.6 69.3 1016.3 63.2 981.2 78.6 978.5
1 0.34 125.4 1082.4 110.1 1088.6 97.7 1057.9 113.0 1051.7
1 0.64 948.1 361.0 935.9 369.5 915.5 340.3 927.6 331.8
1 0.57 964.3 344.9 951.5 353.8 930.0 323.1 942.8 314.1
1 0.53 928.7 411.7 930.5 428.9 895.8 432.5 894.0 415.3
