1 0.45 142.7 812.0 126.4 817.6 115.1 784.8 131.4 779.1
1 0.6 1038.5 43.7 1052.1 46.8 1045.0 77.4 1031.4 74.3
1 0.61 924.5 104.7 934.7 114.9 910.7 138.9 900.5 128.7
1 0.6 1298.0 485.3 1287.3 496.0 1262.9 471.6 1273.6 460.9
1 0.56 962.2 140.5 971.5 151.1 947.6 171.8 938.4 161.2
1 0.54 1130.3 366.2 1119.1 378.6 1086.9 349.6 1098.1 337.2
1 0.49 953.4 17.5 940.7 26.4 919.9 -3.3 932.6 -12.2
1 0.48 931.2 67.2 933.0 85.1 898.9 88.7 897.0 70.8
1 0.42 1087.8 326.8 1079.1 336.8 1054.8 315.6 1063.5 305.7
1 0.42 935.0 137.2 937.6 151.0 906.0 157.1 903.4 143.3
1 0.39 969.9 157.3 981.8 166.7 962.4 191.5 950.5 182.2
1 0.39 953.7 143.0 941.3 148.8 929.0 122.3 941.4 116.5
1 0.26 1329.6 584.6 1318.1 590.5 1304.8 564.4 1316.3 558.6
1 0.68 1872.0 486.6 1876.9 499.4 1847.4 510.8 1842.5 497.9
1 0.61 1906.6 474.2 1910.7 486.2 1883.5 495.6 1879.3 483.6
1 0.48 1642.4 873.6 1633.0 884.5 1606.8 861.7 1616.2 850.8
1 0.64 848.7 4.0 846.7 20.1 811.0 15.7 812.9 -0.4
1 0.65 978.4 186.0 992.2 192.4 978.2 222.3 964.4 215.9
1 0.68 24.3 523.1 8.1 528.1 -2.5 493.4 13.7 488.4
1 0.45 121.1 822.3 106.9 826.1 98.3 793.8 112.5 790.0
1 0.66 155.0 846.3 141.3 851.6 129.6 821.2 143.3 815.9
1 0.64 218.9 973.8 205.8 981.3 189.9 953.9 203.1 946.3
1 0.64 196.0 934.1 182.7 939.5 170.3 908.8 183.6 903.4
1 0.48 121.5 748.5 107.3 755.5 92.7 725.5 106.9 718.6
1 0.46 253.1 1040.3 240.9 1047.9 224.7 1021.8 236.9 1014.2
1 0.44 278.6 1086.0 265.0 1094.2 246.0 1062.6 259.6 1054.5
