1 0.49 1304.9 608.1 1293.7 618.5 1270.5 593.6 1281.6 583.1
1 0.61 1868.8 595.4 1873.4 607.9 1844.0 618.6 1839.5 606.1
1 0.59 1638.4 980.7 1630.5 990.8 1603.8 970.0 1611.8 959.9
1 0.66 196.8 1040.5 183.8 1046.5 170.0 1016.9 183.0 1010.8
1 0.65 36.7 682.8 20.7 687.9 9.7 654.1 25.7 648.9
1 0.61 154.7 954.9 140.9 959.7 130.4 929.0 144.1 924.2
1 0.51 221.1 1086.6 205.9 1093.7 190.6 1061.0 205.9 1053.9
1 0.48 143.2 918.7 128.9 924.5 116.9 894.9 131.3 889.1
1 0.44 122.1 857.7 107.8 864.4 93.7 834.3 108.1 827.6
1 0.44 105.8 885.1 90.6 889.1 81.7 855.7 96.8 851.6
1 0.64 976.1 297.6 989.5 303.9 975.6 333.8 962.1 327.6
1 0.59 1036.4 156.4 1049.6 159.0 1043.6 189.8 1030.4 187.3
1 0.53 1127.7 477.8 1116.7 490.0 1083.9 460.5 1094.9 448.2
1 0.53 1085.5 438.1 1077.0 447.9 1052.2 426.3 1060.7 416.6
1 0.51 1046.8 37.1 1051.8 50.2 1023.0 61.3 1018.0 48.2
1 0.65 1902.7 583.1 1906.8 595.0 1879.6 604.4 1875.5 592.4
1 0.64 922.3 216.7 932.4 226.7 908.5 250.5 898.5 240.5
1 0.61 845.6 116.7 843.6 132.4 808.6 128.1 810.5 112.4
1 0.58 965.5 113.3 952.7 122.3 931.3 91.9 944.2 82.9
1 0.55 959.5 252.0 968.7 262.6 944.8 283.4 935.6 272.8
1 0.45 929.0 179.6 930.9 197.1 897.2 200.7 895.3 183.1
1 0.42 931.2 249.2 934.0 262.4 903.4 268.9 900.6 255.7
1 0.38 951.0 254.4 938.7 260.1 926.7 234.2 938.9 228.5
1 0.32 966.9 268.6 979.4 278.4 960.0 303.2 947.5 293.4
1 0.64 949.0 128.7 936.8 137.3 916.4 108.2 928.6 99.6
