1 0.35 1293.1 419.8 1305.4 422.2 1300.1 449.7 1287.7 447.3
1 0.44 1468.8 818.8 1479.6 827.2 1461.9 849.9 1451.0 841.5
1 0.42 1570.5 746.5 1555.9 756.8 1530.1 719.8 1544.7 709.6
1 0.4 1525.8 766.6 1535.2 780.6 1508.5 798.7 1499.0 784.6
1 0.27 1374.6 372.0 1367.1 380.6 1346.0 362.3 1353.5 353.6
1 0.65 1127.0 1008.4 1141.7 1012.6 1132.0 1046.1 1117.4 1041.9
1 0.63 1209.5 957.5 1223.5 961.3 1215.0 993.0 1201.0 989.3
1 0.62 1192.5 964.0 1204.8 972.9 1185.6 999.3 1173.3 990.4
1 0.51 1353.6 376.2 1343.3 387.2 1316.5 362.3 1326.8 351.2
1 0.3 1254.2 950.7 1258.4 962.9 1230.8 972.5 1226.6 960.2
1 0.64 1528.5 401.9 1525.9 415.2 1493.5 408.9 1496.1 395.6
1 0.58 1309.9 408.7 1296.3 415.0 1282.6 385.7 1296.3 379.4
1 0.58 1625.5 406.5 1625.8 420.9 1589.0 421.5 1588.7 407.2
1 0.52 1580.6 411.0 1579.5 423.6 1547.5 420.9 1548.6 408.2
1 0.28 1632.2 439.6 1632.2 451.1 1607.1 451.1 1607.1 439.6
1 0.42 980.1 70.2 981.1 81.6 954.8 83.9 953.8 72.5
1 0.25 860.1 771.8 871.8 772.8 869.6 798.0 857.9 797.0
