1 0.56 851.9 705.9 850.3 721.1 815.5 717.4 817.1 702.3
1 0.43 1242.3 475.0 1246.7 487.2 1218.8 497.4 1214.4 485.2
1 0.46 1458.8 342.8 1468.4 350.8 1451.1 371.4 1441.6 363.4
1 0.43 1198.0 482.3 1212.3 485.4 1205.2 518.6 1191.0 515.6
1 0.37 1516.0 290.9 1525.1 303.8 1499.3 321.9 1490.2 309.0
1 0.65 1182.6 488.8 1194.1 497.7 1173.6 524.0 1162.2 515.0
1 0.59 1115.7 532.7 1130.1 536.9 1120.5 570.5 1106.1 566.4
1 0.45 934.4 767.6 936.6 783.0 903.2 787.7 901.0 772.3
1 0.66 982.3 881.5 995.7 888.4 980.8 917.6 967.4 910.8
1 0.41 937.5 837.2 940.1 849.3 910.8 855.5 908.3 843.4
1 0.43 974.5 854.1 985.7 864.6 964.5 887.3 953.3 876.8
1 0.44 1053.4 629.5 1057.4 641.1 1029.1 650.8 1025.1 639.2
1 0.63 954.1 716.9 941.8 725.5 922.1 697.3 934.4 688.7
1 0.63 929.6 802.9 939.5 813.8 914.3 836.4 904.5 825.5
1 0.62 965.8 837.4 975.0 848.1 950.9 869.1 941.6 858.4
1 0.61 1041.8 742.5 1054.8 745.0 1048.7 776.1 1035.7 773.6
1 0.53 970.1 700.7 957.1 709.8 936.5 680.4 949.5 671.2
1 0.31 954.9 839.6 942.9 844.5 933.2 820.5 945.2 815.6
1 0.59 1088.6 1017.0 1080.3 1027.6 1055.8 1008.4 1064.1 997.8
1 0.4 1130.0 1057.8 1118.8 1070.2 1086.2 1040.8 1097.3 1028.4
