1 0.65 1864.4 477.1 1848.3 479.9 1842.4 446.6 1858.5 443.8
1 0.67 1828.5 345.5 1839.2 355.5 1815.8 380.5 1805.2 370.6
1 0.54 951.9 167.2 965.0 175.1 946.3 206.2 933.2 198.3
1 0.6 994.8 201.8 1003.4 213.2 977.2 233.0 968.5 221.6
1 0.35 1617.0 190.9 1616.2 207.3 1584.4 205.6 1585.3 189.2
1 0.44 1748.3 285.9 1736.8 293.1 1722.7 270.5 1734.2 263.4
1 0.56 1809.5 336.2 1820.2 346.9 1795.8 371.3 1785.1 360.6
1 0.56 1594.2 177.4 1588.3 191.1 1558.2 178.4 1564.1 164.7
1 0.59 1652.7 218.3 1652.1 233.5 1615.9 232.2 1616.4 217.1
1 0.65 1581.4 150.0 1581.1 163.9 1548.4 163.3 1548.7 149.4
1 0.41 1035.0 199.6 1036.1 211.8 1008.6 214.2 1007.6 202.0
1 0.53 1906.0 376.3 1892.0 382.9 1878.6 354.2 1892.6 347.6
1 0.58 1862.7 237.7 1864.0 252.4 1830.6 255.3 1829.3 240.6
1 0.58 1904.1 248.7 1910.9 262.5 1878.8 278.1 1872.1 264.3
1 0.45 949.5 21.8 935.8 22.7 933.6 -9.1 947.3 -10.1
1 0.35 943.0 148.9 953.2 154.5 940.7 177.1 930.5 171.4
