1 0.35 949.5 551.8 960.6 557.0 948.9 582.2 937.8 577.0
1 0.64 1835.3 744.2 1846.4 754.6 1822.9 779.8 1811.8 769.5
1 0.65 1589.7 550.3 1589.4 564.5 1555.6 563.9 1555.8 549.7
1 0.63 1601.7 578.5 1596.0 591.9 1565.5 579.0 1571.2 565.5
1 0.62 1870.9 638.3 1871.3 652.2 1838.4 653.3 1838.0 639.5
1 0.61 1660.8 618.9 1660.3 634.3 1623.5 633.0 1624.0 617.6
1 0.57 1888.3 659.0 1893.5 673.2 1860.9 685.1 1855.7 670.9
1 0.54 1913.1 774.9 1898.9 781.8 1884.4 751.9 1898.6 745.0
1 0.52 1565.6 538.7 1555.1 546.9 1537.1 523.9 1547.6 515.7
1 0.51 1815.8 735.0 1827.0 745.9 1803.3 770.4 1792.1 759.5
1 0.49 1755.3 685.1 1744.4 692.5 1730.0 671.2 1740.9 663.8
1 0.41 1626.0 596.1 1623.8 610.1 1592.8 605.2 1595.0 591.2
1 0.67 1869.9 875.1 1853.7 878.2 1847.3 845.3 1863.5 842.1
1 0.28 1028.7 634.5 1032.5 652.1 993.0 660.5 989.3 642.8
1 0.54 1391.0 345.2 1385.8 357.4 1356.6 345.0 1361.8 332.8
1 0.36 1329.9 309.8 1319.6 322.5 1292.2 300.3 1302.5 287.6
1 0.61 1002.6 605.4 1011.2 616.4 985.4 636.6 976.8 625.6
1 0.55 958.5 572.0 970.9 579.4 952.9 609.3 940.5 601.8
1 0.43 1042.8 605.9 1043.2 618.0 1015.4 618.9 1015.0 606.8
1 0.62 54.0 519.2 58.2 532.8 26.0 542.6 21.8 529.0
1 0.49 32.7 510.5 36.0 523.1 4.1 531.7 0.7 519.1
1 0.36 19.5 534.3 20.6 546.9 -9.0 549.5 -10.1 536.9
1 0.64 957.0 423.5 943.6 424.4 941.4 391.8 954.7 390.9
1 0.27 944.3 616.0 942.0 628.9 918.9 624.8 921.2 611.9
1 0.62 945.5 326.5 930.9 330.4 921.6 295.4 936.1 291.5
1 0.57 955.2 369.0 941.5 371.2 936.3 338.4 950.1 336.2
