1 0.29 1007.7 731.2 1021.8 734.7 1013.1 769.7 999.0 766.1
1 0.51 1042.6 633.1 1054.6 637.0 1044.8 667.2 1032.8 663.2
1 0.32 1454.5 361.1 1452.3 376.3 1422.5 372.1 1424.7 356.9
1 0.26 1066.9 565.9 1078.4 571.3 1065.0 600.1 1053.5 594.7
1 0.64 1766.8 516.2 1773.9 528.5 1745.7 544.8 1738.6 532.4
1 0.62 1423.2 282.0 1422.5 297.0 1388.1 295.2 1388.9 280.2
1 0.59 1552.6 414.7 1545.8 427.6 1516.0 411.8 1522.9 398.9
1 0.55 1598.6 431.6 1594.5 444.1 1564.6 434.4 1568.7 421.9
1 0.55 1618.8 510.4 1629.1 521.8 1604.1 544.2 1593.9 532.8
1 0.54 1780.3 549.0 1788.4 560.9 1761.2 579.2 1753.2 567.3
1 0.43 1759.8 498.1 1765.6 509.4 1742.3 521.3 1736.6 510.0
1 0.64 1819.6 780.6 1826.4 792.7 1798.6 808.1 1791.8 796.0
1 0.57 1836.4 763.5 1824.3 770.4 1807.7 741.7 1819.8 734.7
1 0.33 1078.4 529.5 1089.6 533.8 1079.1 561.0 1068.0 556.7
1 0.62 1887.3 880.4 1878.9 891.1 1853.8 871.5 1862.2 860.8
1 0.48 1784.6 803.5 1789.8 813.6 1765.8 825.9 1760.6 815.8
1 0.4 1863.0 340.0 1870.1 354.5 1833.8 372.2 1826.7 357.7
