1 0.59 879.0 714.9 888.0 727.8 857.6 749.1 848.6 736.2
1 0.6 1364.9 497.1 1372.3 507.6 1344.5 527.0 1337.2 516.5
1 0.64 1715.2 373.7 1713.6 389.1 1678.3 385.4 1679.9 370.0
1 0.61 1620.0 429.7 1626.3 440.6 1598.4 456.7 1592.1 445.8
1 0.58 1285.1 551.4 1292.4 561.9 1267.0 579.7 1259.6 569.2
1 0.55 1758.0 346.6 1766.2 359.3 1737.6 377.9 1729.4 365.2
1 0.41 502.3 68.5 511.6 82.2 478.2 104.8 468.9 91.0
1 0.53 425.3 89.0 433.9 101.8 405.3 121.1 396.6 108.3
1 0.68 105.5 179.4 114.2 191.8 86.9 210.9 78.2 198.5
1 0.58 107.6 323.7 116.3 336.6 87.2 356.3 78.4 343.3
1 0.36 349.3 183.2 357.2 196.4 328.2 213.8 320.3 200.6
1 0.53 363.9 130.3 372.7 143.3 343.1 163.3 334.2 150.3
1 0.47 65.0 383.0 74.0 397.5 43.3 416.7 34.2 402.2
1 0.6 1027.5 863.6 1034.8 875.7 1006.1 892.9 998.9 880.8
1 0.54 1115.0 760.6 1122.6 771.5 1096.4 789.8 1088.9 779.0
1 0.64 1189.8 719.7 1198.0 730.1 1171.3 751.0 1163.1 740.5
1 0.59 402.8 72.7 412.1 86.6 381.3 107.4 371.9 93.5
1 0.63 479.1 122.1 488.1 135.5 457.9 155.9 448.8 142.5
1 0.62 292.5 137.8 301.0 150.0 274.0 168.9 265.5 156.7
1 0.47 200.1 165.2 207.6 176.3 184.4 192.0 176.9 180.8
1 0.51 167.4 354.1 176.6 367.7 146.9 387.7 137.8 374.1
1 0.63 85.3 308.4 94.4 321.8 65.3 341.5 56.2 328.0
1 0.6 187.8 271.2 196.3 283.8 167.3 303.3 158.8 290.7
1 0.53 18.0 332.1 26.5 347.4 -7.9 366.5 -16.4 351.1
1 0.61 192.8 148.1 200.4 159.0 176.0 176.1 168.3 165.2
1 0.56 248.2 198.4 257.6 210.8 229.1 232.3 219.7 219.9
1 0.61 66.7 67.8 81.1 68.8 78.8 101.8 64.4 100.8
1 0.62 231.6 86.3 240.3 98.7 211.7 118.7 203.0 106.3
