1 0.54 1105.0 250.5 1092.5 253.9 1084.8 224.8 1097.2 221.5
1 0.56 1134.3 693.9 1119.1 698.8 1108.2 665.0 1123.3 660.1
1 0.56 1249.9 481.2 1237.7 485.4 1227.6 456.3 1239.8 452.1
1 0.65 296.6 687.6 280.2 692.6 269.5 657.4 285.9 652.4
1 0.65 344.0 872.8 327.8 877.8 317.9 845.1 334.0 840.2
1 0.63 370.5 636.2 355.2 641.2 344.2 607.5 359.6 602.5
1 0.61 348.1 658.8 332.4 663.9 321.6 630.9 337.4 625.7
1 0.61 331.6 701.8 315.9 706.6 305.9 673.8 321.6 669.0
1 0.52 332.8 766.7 317.5 771.9 306.4 739.7 321.7 734.4
1 0.49 410.6 852.2 394.3 856.5 385.8 824.7 402.0 820.4
1 0.65 245.1 217.5 230.6 222.0 220.9 190.1 235.4 185.7
1 0.65 198.8 62.4 183.5 67.1 173.7 35.0 189.0 30.3
1 0.64 183.8 211.9 169.5 215.4 161.7 184.0 176.0 180.4
1 0.62 150.9 604.3 134.9 608.3 126.8 575.9 142.8 571.9
1 0.6 121.8 265.0 109.3 268.6 100.9 239.1 113.4 235.5
1 0.56 65.8 51.4 52.2 56.1 41.9 26.1 55.4 21.4
1 0.54 215.0 538.1 197.7 543.4 186.5 506.5 203.8 501.2
1 0.53 99.2 267.9 83.4 273.0 72.4 239.2 88.2 234.0
1 0.6 1319.1 600.6 1304.5 604.2 1296.5 572.2 1311.1 568.6
1 0.55 1238.2 396.1 1224.9 401.3 1213.2 370.7 1226.5 365.6
1 0.68 284.8 1001.6 268.8 1007.0 257.4 974.0 273.4 968.5
1 0.67 431.0 994.2 416.0 999.1 405.5 966.8 420.5 962.0
1 0.66 424.4 1058.5 408.1 1063.5 398.1 1030.8 414.4 1025.8
1 0.64 334.7 950.5 319.9 955.6 308.7 923.2 323.5 918.1
1 0.57 379.4 897.4 364.6 903.1 352.4 871.4 367.2 865.7
1 0.56 330.2 1069.5 315.8 1074.2 306.5 1045.4 320.8 1040.7
1 0.55 312.7 955.9 297.4 960.9 287.0 929.0 302.4 924.0
1 0.45 501.8 1033.2 486.0 1038.6 474.7 1005.8 490.5 1000.4
1 0.59 1080.4 157.7 1068.0 161.5 1058.3 129.7 1070.7 125.9
1 0.43 208.2 659.0 181.1 667.8 155.7 589.4 182.7 580.6
