1 0.48 934.0 654.0 924.9 663.1 902.5 640.7 911.6 631.6
1 0.56 865.7 586.7 856.7 597.1 830.7 574.5 839.7 564.1
1 0.53 1296.1 849.4 1285.7 859.1 1263.0 834.9 1273.5 825.1
1 0.53 741.8 348.6 732.8 357.5 710.6 335.2 719.5 326.3
1 0.54 1177.6 781.6 1168.7 791.2 1144.7 768.8 1153.6 759.2
1 0.64 1123.6 715.7 1114.3 725.7 1089.5 702.7 1098.8 692.6
1 0.63 1182.3 1023.0 1171.2 1034.1 1145.4 1008.3 1156.5 997.2
1 0.44 632.7 224.3 621.5 235.5 596.3 210.3 607.5 199.1
1 0.37 832.0 22.9 827.8 39.6 791.4 30.5 795.6 13.8
1 0.68 654.8 282.4 638.3 285.0 632.6 249.3 649.1 246.7
1 0.4 35.3 881.4 26.0 893.8 -0.8 873.6 8.6 861.2
