1 0.36 887.7 342.8 884.6 358.6 848.5 351.6 851.6 335.8
1 0.62 758.4 658.8 748.3 667.3 727.0 642.0 737.2 633.5
1 0.52 920.8 978.7 910.9 987.0 890.6 962.7 900.5 954.4
1 0.53 858.8 906.2 848.8 915.5 825.6 890.6 835.6 881.3
1 0.6 678.7 585.4 661.9 586.3 660.0 550.5 676.8 549.6
1 0.61 1102.7 1058.2 1092.3 1067.3 1070.3 1041.9 1080.7 1032.9
1 0.53 424.3 265.1 413.9 274.8 390.4 249.7 400.8 240.0
1 0.44 662.1 524.7 649.4 535.3 627.3 508.9 639.9 498.3
1 0.46 367.6 159.4 357.1 168.9 334.4 143.7 345.0 134.2
1 0.48 341.7 130.0 329.9 140.0 307.8 113.6 319.7 103.7
1 0.51 329.2 23.7 318.0 34.8 293.5 10.2 304.6 -0.9
1 0.55 390.7 220.4 380.9 228.6 362.2 206.2 371.9 198.0
1 0.64 318.1 99.1 307.6 108.9 285.1 84.9 295.7 75.1
1 0.6 1038.5 67.1 1028.8 76.2 1006.9 52.8 1016.7 43.7
1 0.59 890.6 76.0 905.8 77.3 902.7 112.0 887.6 110.6
