1 0.45 661.9 751.1 649.6 761.4 627.1 734.6 639.3 724.3
1 0.35 973.6 310.8 986.5 320.5 967.7 345.5 954.8 335.8
1 0.63 424.1 493.2 412.8 502.6 390.4 475.9 401.6 466.5
1 0.59 890.3 303.9 905.5 305.2 902.4 340.0 887.2 338.7
1 0.58 1037.9 294.7 1027.9 304.1 1005.5 280.0 1015.5 270.7
1 0.55 513.4 183.1 521.2 194.2 496.5 211.5 488.7 200.4
1 0.48 529.1 196.7 537.4 207.8 514.1 225.4 505.8 214.3
1 0.48 497.1 167.6 506.2 178.8 482.9 197.7 473.8 186.5
1 0.42 539.4 210.4 547.8 221.1 523.9 239.7 515.5 229.0
1 0.28 1105.6 637.7 1095.0 646.6 1073.7 621.2 1084.3 612.3
1 0.39 755.9 885.4 744.1 893.9 725.5 868.3 737.2 859.7
1 0.65 317.0 325.3 306.5 335.2 284.1 311.2 294.7 301.4
1 0.62 678.7 812.0 661.9 812.9 660.1 777.5 676.8 776.7
1 0.37 452.5 109.1 461.1 119.7 439.0 137.5 430.5 126.9
1 0.45 390.4 447.4 380.8 456.3 360.3 434.3 369.8 425.4
1 0.55 339.6 357.4 327.5 366.6 307.1 339.5 319.2 330.3
1 0.63 466.9 119.0 476.2 130.8 449.6 151.5 440.4 139.7
1 0.6 328.3 250.4 317.2 261.5 292.0 236.3 303.1 225.2
1 0.59 367.5 386.7 357.1 396.3 334.5 372.0 344.8 362.4
1 0.58 477.6 137.1 485.4 148.6 459.1 166.4 451.3 154.8
1 0.57 342.9 234.4 332.1 244.4 309.5 220.1 320.2 210.1
1 0.57 486.5 152.2 494.3 163.7 469.0 180.7 461.2 169.3
