1 0.5 390.8 333.0 381.5 341.4 362.0 319.8 371.3 311.4
1 0.51 367.8 272.9 357.4 282.6 334.6 258.1 344.9 248.4
1 0.51 529.9 82.7 537.8 94.0 513.8 110.8 505.9 99.5
1 0.53 514.1 68.8 522.1 80.2 497.4 97.5 489.4 86.1
1 0.55 890.7 189.1 905.9 190.4 902.8 225.0 887.7 223.7
1 0.57 1038.3 180.3 1028.4 189.6 1006.2 165.8 1016.2 156.6
1 0.66 758.7 771.7 748.5 780.3 727.1 754.8 737.3 746.2
1 0.43 539.9 95.6 548.5 106.6 524.1 125.7 515.5 114.7
1 0.47 340.5 242.9 328.7 252.5 307.0 225.7 318.8 216.1
1 0.54 343.9 121.2 332.5 131.5 309.1 105.5 320.5 95.2
1 0.57 328.8 136.2 317.7 147.3 292.9 122.5 304.0 111.3
1 0.57 487.0 38.1 495.0 50.0 469.5 67.2 461.5 55.3
1 0.58 477.7 22.9 485.8 34.4 459.7 52.6 451.7 41.2
1 0.6 423.9 379.1 413.0 388.2 390.9 361.8 401.8 352.7
1 0.6 497.1 54.0 506.2 65.2 483.8 83.4 474.6 72.2
1 0.65 317.7 211.4 307.2 221.3 284.8 197.4 295.4 187.5
1 0.65 467.6 5.5 476.6 17.4 450.0 37.4 441.0 25.5
1 0.25 883.8 456.5 881.2 470.1 852.4 464.5 855.0 450.9
1 0.43 662.7 637.2 650.8 647.9 628.2 622.7 640.1 612.0
1 0.56 859.0 1017.4 849.4 1027.0 825.6 1003.3 835.3 993.6
1 0.61 679.0 698.4 662.1 699.3 660.2 663.2 677.1 662.3
1 0.31 972.7 195.9 986.5 205.2 968.9 231.2 955.2 222.0
