1 0.4 947.4 345.8 957.3 351.3 944.1 375.1 934.2 369.5
1 0.57 1888.2 455.1 1893.7 469.2 1860.8 481.8 1855.4 467.7
1 0.58 1831.9 541.1 1843.0 551.1 1819.5 577.2 1808.4 567.2
1 0.56 1813.6 532.3 1824.2 543.6 1798.5 567.6 1788.0 556.2
1 0.49 1752.7 483.2 1741.9 490.4 1727.0 468.4 1737.8 461.1
1 0.59 998.5 400.3 1006.6 411.1 981.0 430.4 972.9 419.6
1 0.47 955.5 366.0 968.1 373.6 949.5 404.6 936.9 397.0
1 0.39 1038.7 399.4 1039.3 410.7 1012.3 412.2 1011.7 400.8
1 0.67 1867.2 673.8 1851.5 676.6 1845.7 643.6 1861.4 640.8
1 0.51 1909.2 572.8 1895.8 579.0 1882.5 550.5 1895.9 544.3
1 0.32 1867.5 433.9 1868.7 448.4 1835.5 451.3 1834.2 436.8
1 0.62 1598.0 373.9 1592.6 387.4 1562.0 375.0 1567.4 361.5
1 0.62 1655.9 414.4 1655.9 429.4 1620.8 429.4 1620.8 414.4
1 0.61 1585.6 346.7 1585.6 360.2 1552.5 360.2 1552.5 346.7
1 0.53 1386.7 139.6 1381.8 152.6 1352.8 141.5 1357.8 128.5
1 0.36 1621.0 388.5 1620.2 404.5 1588.2 402.8 1589.1 386.9
1 0.49 1562.1 335.7 1550.9 343.8 1533.4 319.8 1544.7 311.7
1 0.43 1325.5 104.8 1315.0 117.9 1288.7 96.6 1299.3 83.5
1 0.62 952.9 218.4 940.0 219.3 937.8 187.0 950.6 186.1
1 0.62 942.5 121.9 928.6 126.1 917.8 90.9 931.7 86.7
1 0.62 950.5 162.9 937.7 164.7 933.3 133.4 946.1 131.6
1 0.28 1259.9 59.5 1273.1 71.0 1242.5 106.1 1229.3 94.7
1 0.53 51.1 317.2 55.1 330.3 24.6 339.6 20.6 326.5
1 0.39 28.0 308.3 31.6 321.7 -1.9 330.7 -5.5 317.3
