1 0.25 1035.8 313.2 1036.9 325.2 1009.5 327.6 1008.4 315.6
1 0.55 1811.5 449.1 1821.8 459.5 1798.0 483.3 1787.6 473.0
1 0.34 1619.9 305.3 1617.5 321.8 1586.4 317.4 1588.7 301.0
1 0.62 939.7 36.6 925.9 40.6 915.9 5.9 929.8 1.9
1 0.62 951.2 133.8 937.8 134.8 935.5 102.3 948.9 101.4
1 0.61 948.7 78.5 935.9 80.1 932.1 48.9 944.9 47.4
1 0.6 997.2 315.6 1005.3 326.4 979.4 345.9 971.2 335.1
1 0.57 953.4 280.7 966.3 288.5 947.8 319.4 934.8 311.7
1 0.41 944.7 262.1 954.9 267.3 942.9 290.9 932.6 285.7
1 0.67 1583.7 263.0 1583.5 276.4 1551.4 275.8 1551.6 262.4
1 0.61 1596.0 290.4 1590.3 303.9 1560.6 291.3 1566.3 277.8
1 0.42 1384.4 56.5 1379.1 69.1 1350.6 57.1 1356.0 44.5
1 0.36 1561.0 251.7 1549.3 260.1 1531.6 235.8 1543.3 227.3
1 0.5 1750.8 398.4 1740.0 405.6 1725.3 383.8 1736.1 376.5
1 0.56 1907.3 488.6 1894.0 494.8 1881.0 466.8 1894.2 460.6
1 0.56 1865.5 350.9 1866.7 364.5 1833.7 367.4 1832.5 353.8
1 0.62 1655.0 331.0 1654.7 346.2 1618.1 345.5 1618.4 330.3
1 0.66 1831.4 457.9 1842.1 468.3 1817.7 493.6 1807.0 483.2
1 0.62 1865.6 589.5 1849.7 592.3 1843.9 559.6 1859.8 556.8
1 0.59 1890.6 369.3 1896.1 383.5 1862.8 396.3 1857.3 382.1
1 0.28 1022.8 344.3 1025.6 362.2 985.2 368.6 982.3 350.7
1 0.26 1324.0 20.1 1314.7 32.5 1288.9 13.0 1298.2 0.7
1 0.25 1340.7 588.2 1340.1 604.6 1295.8 603.0 1296.4 586.6
1 0.39 50.0 234.0 53.6 247.4 24.3 255.2 20.7 241.9
1 0.33 27.1 225.5 30.7 238.8 -4.4 248.2 -7.9 234.8
