1 0.37 1081.1 999.3 1092.2 1003.5 1082.4 1028.8 1071.4 1024.6
1 0.62 1426.2 750.2 1424.6 765.3 1390.8 761.8 1392.4 746.6
1 0.42 1619.7 975.7 1630.4 987.9 1606.2 1009.0 1595.5 996.7
1 0.46 1555.1 880.9 1548.2 893.9 1517.9 877.8 1524.8 864.8
1 0.46 1457.9 831.3 1455.3 844.9 1425.6 839.1 1428.2 825.6
1 0.52 1761.2 961.8 1767.3 973.7 1744.2 985.4 1738.2 973.5
1 0.58 1600.5 898.2 1596.1 910.2 1567.0 899.6 1571.4 887.6
1 0.58 1782.2 1012.1 1789.8 1024.6 1761.6 1041.6 1754.0 1029.0
1 0.64 1768.0 979.9 1774.8 993.2 1746.2 1007.8 1739.4 994.5
1 0.46 1069.3 1035.0 1081.2 1040.3 1067.7 1070.5 1055.8 1065.2
1 0.26 1866.2 801.5 1874.0 817.3 1837.3 835.1 1829.6 819.3
