1 0.57 1307.1 447.0 1296.1 456.9 1273.2 431.4 1284.2 421.6
1 0.54 875.6 182.3 867.0 191.5 842.1 168.3 850.8 159.1
1 0.62 1192.3 621.4 1181.8 632.7 1155.6 608.3 1166.1 597.0
1 0.6 1187.1 376.8 1178.5 386.8 1154.4 365.8 1163.1 355.9
1 0.64 1133.5 310.6 1124.9 320.5 1099.4 298.3 1108.0 288.4
1 0.26 943.6 248.1 934.6 258.4 909.8 236.9 918.8 226.5
1 0.5 273.6 825.2 264.6 837.1 237.7 816.9 246.7 805.0
1 0.4 379.0 862.5 368.6 874.1 344.8 852.6 355.2 841.1
1 0.26 300.2 883.9 288.4 895.6 263.3 870.5 275.1 858.8
1 0.61 141.8 617.2 131.0 628.8 105.0 604.6 115.8 593.0
1 0.59 334.2 991.4 324.7 1001.6 302.3 980.7 311.8 970.5
1 0.63 384.5 936.0 373.4 947.9 348.2 924.5 359.4 912.5
1 0.61 445.3 1018.7 433.5 1030.5 408.4 1005.3 420.2 993.5
1 0.61 392.1 909.3 381.3 920.1 357.1 895.9 367.9 885.1
1 0.49 472.0 909.8 463.3 921.9 437.1 902.8 445.8 890.8
1 0.48 476.8 990.7 466.5 1002.7 440.9 980.5 451.3 968.5
1 0.49 219.2 716.7 208.1 729.0 181.1 704.7 192.2 692.4
1 0.45 136.7 713.4 125.9 723.4 103.8 699.7 114.6 689.7
1 0.52 115.1 834.1 103.4 847.7 75.4 823.3 87.1 809.8
1 0.6 221.0 852.3 208.1 867.2 175.2 838.6 188.1 823.7
1 0.64 166.0 703.0 155.0 714.0 130.6 689.6 141.6 678.6
1 0.61 61.0 746.1 50.2 758.5 23.3 735.0 34.1 722.6
1 0.62 78.3 650.0 66.3 662.1 40.5 636.3 52.5 624.2
