1 0.38 971.8 188.0 985.0 196.2 968.7 222.2 955.5 214.0
1 0.5 857.8 1009.5 847.9 1018.7 825.0 994.1 834.9 985.0
1 0.64 757.6 762.9 747.5 771.4 726.4 746.2 736.5 737.7
1 0.37 919.0 1084.1 907.2 1092.4 888.1 1065.2 899.9 1056.9
1 0.31 662.8 628.6 649.9 640.2 626.3 613.9 639.1 602.3
1 0.45 539.4 87.6 547.6 98.4 522.9 117.0 514.8 106.2
1 0.46 528.7 73.8 537.1 85.3 512.9 102.9 504.6 91.4
1 0.54 496.4 45.7 505.2 56.5 482.4 75.0 473.6 64.1
1 0.54 512.8 60.2 520.7 71.6 495.8 89.0 487.9 77.6
1 0.55 889.4 180.8 904.4 182.2 901.4 215.6 886.5 214.3
1 0.56 1037.3 171.8 1027.5 180.9 1005.5 157.4 1015.3 148.2
1 0.62 678.0 690.0 661.3 690.9 659.4 655.1 676.1 654.2
1 0.61 422.8 370.3 412.1 379.3 390.2 353.2 400.9 344.2
1 0.49 339.4 234.2 327.6 243.8 306.3 217.6 318.2 207.9
1 0.53 342.4 111.9 331.3 121.9 308.0 96.0 319.0 86.0
1 0.55 389.5 324.1 380.1 332.8 360.0 311.3 369.4 302.6
1 0.56 366.6 263.4 356.4 272.9 333.6 248.4 343.7 238.9
1 0.59 477.0 14.7 484.8 26.3 458.5 44.1 450.7 32.5
1 0.59 327.4 127.1 317.0 137.6 292.4 113.0 302.8 102.5
1 0.62 486.2 30.1 493.9 41.6 468.5 58.7 460.7 47.2
1 0.63 467.3 -2.9 476.0 9.5 448.5 28.8 439.8 16.4
1 0.65 316.8 203.0 306.3 212.8 284.0 188.9 294.5 179.1
