1 0.39 969.5 532.8 982.7 541.8 965.4 567.4 952.2 558.5
1 0.61 494.4 391.2 503.0 402.2 480.8 419.5 472.2 408.5
1 0.6 364.8 608.1 354.6 617.7 332.4 593.9 342.7 584.4
1 0.57 484.4 375.5 491.7 386.3 466.0 403.7 458.7 392.8
1 0.56 474.6 359.6 482.4 370.7 456.6 388.8 448.8 377.6
1 0.55 510.5 404.6 518.5 416.1 492.9 434.0 484.8 422.5
1 0.54 340.3 456.2 329.2 466.1 306.5 441.0 317.6 431.0
1 0.52 337.2 579.1 325.3 588.8 303.8 562.3 315.7 552.6
1 0.5 387.9 670.0 377.8 678.4 358.7 655.6 368.8 647.2
1 0.46 525.1 418.5 533.5 429.2 510.9 446.9 502.4 436.1
1 0.4 449.8 331.4 458.2 341.9 436.3 359.7 427.8 349.2
1 0.31 537.0 433.3 544.9 444.7 521.2 461.3 513.2 450.0
1 0.62 314.9 547.5 304.0 557.6 281.3 533.2 292.2 523.1
1 0.61 325.8 471.9 314.5 483.3 288.7 457.5 300.0 446.1
1 0.61 421.6 714.7 410.6 723.9 388.7 697.9 399.7 688.7
1 0.6 676.0 1032.2 660.0 1033.0 658.2 997.7 674.1 996.8
1 0.58 1034.3 516.7 1024.3 526.1 1002.3 502.4 1012.3 493.1
1 0.6 887.3 526.1 902.0 527.4 899.0 561.1 884.3 559.8
1 0.34 659.3 972.3 646.9 982.7 623.8 955.2 636.2 944.8
1 0.65 463.4 341.7 472.6 353.5 446.8 373.7 437.6 361.9
