1 0.3 291.1 104.9 279.9 116.2 252.5 88.7 263.7 77.5
1 0.43 97.5 348.3 96.4 361.1 63.3 358.2 64.5 345.4
1 0.64 225.6 365.2 233.9 377.0 206.2 396.3 198.0 384.5
1 0.62 359.9 61.4 359.4 75.8 326.6 74.6 327.1 60.2
1 0.62 93.3 401.0 103.0 413.0 76.8 434.2 67.1 422.2
1 0.61 175.8 284.5 175.0 299.6 139.4 297.7 140.2 282.6
1 0.61 235.6 256.4 244.9 268.9 216.9 290.0 207.5 277.6
1 0.6 38.7 458.1 46.6 472.4 11.0 492.1 3.1 477.9
1 0.59 247.8 382.5 255.3 393.4 229.4 411.5 221.8 400.7
1 0.59 348.0 39.1 344.3 54.0 310.8 45.7 314.5 30.8
1 0.52 321.3 142.5 309.5 152.4 286.8 125.3 298.6 115.4
1 0.51 145.0 300.8 153.3 315.9 117.9 335.5 109.5 320.4
1 0.44 119.4 336.4 115.8 350.6 85.6 343.1 89.1 328.9
