1 0.36 527.9 1002.6 537.2 1014.0 513.6 1033.1 504.4 1021.6
1 0.39 511.1 988.2 520.0 1000.0 495.2 1018.7 486.3 1006.9
1 0.59 465.8 927.0 474.8 938.0 448.5 959.3 439.6 948.2
1 0.59 496.4 974.7 505.2 984.9 483.0 1004.2 474.2 994.1
1 0.57 329.4 1053.2 317.5 1065.1 292.4 1040.0 304.3 1028.1
1 0.55 476.4 943.5 484.6 954.8 458.7 973.6 450.5 962.3
1 0.53 343.7 1037.8 331.5 1048.8 308.3 1022.9 320.4 1011.9
1 0.5 538.6 1017.3 546.4 1027.2 523.3 1045.3 515.5 1035.3
1 0.28 451.2 915.4 460.4 925.9 438.5 945.0 429.3 934.5
1 0.61 485.8 959.2 494.2 970.0 469.2 989.6 460.7 978.8
