1 0.4 450.2 798.1 459.1 808.3 436.8 827.7 427.9 817.5
1 0.64 464.6 810.1 473.9 821.6 447.7 842.9 438.3 831.4
1 0.53 1031.3 981.6 1021.9 991.0 999.4 968.5 1008.7 959.1
1 0.63 886.2 991.7 900.3 993.0 897.3 1026.6 883.3 1025.4
1 0.39 538.3 901.3 545.9 911.4 522.2 929.3 514.6 919.2
1 0.4 965.2 995.7 979.8 1002.9 966.1 1031.1 951.4 1023.9
1 0.41 496.4 857.5 505.7 868.5 482.4 888.1 473.1 877.1
1 0.43 511.0 871.2 519.7 882.7 494.8 901.5 486.1 889.9
1 0.51 526.4 885.6 535.6 896.2 512.8 916.0 503.6 905.4
1 0.49 340.7 1042.3 329.2 1052.0 308.3 1027.1 319.9 1017.4
1 0.5 342.6 922.2 330.3 933.3 307.3 907.6 319.5 896.6
1 0.52 475.9 826.9 484.1 838.5 457.3 857.3 449.1 845.6
1 0.53 367.7 1071.4 357.7 1081.4 335.4 1059.2 345.5 1049.1
1 0.6 485.2 842.9 493.1 853.4 468.2 872.1 460.3 861.7
1 0.61 327.6 937.9 315.9 949.7 290.8 924.6 302.5 912.8
1 0.65 318.2 1011.9 307.1 1022.2 284.8 998.2 295.8 987.9
