1 0.44 1846.0 740.6 1839.1 751.6 1810.8 733.9 1817.6 722.9
1 0.5 1818.5 744.2 1808.8 754.6 1785.8 733.1 1795.5 722.7
1 0.61 1751.1 759.3 1742.5 772.1 1713.6 752.6 1722.2 739.8
1 0.6 1737.2 639.8 1739.5 654.6 1705.0 660.1 1702.7 645.2
1 0.6 1866.1 667.8 1868.9 682.0 1836.4 688.3 1833.7 674.1
1 0.59 1723.3 616.3 1725.1 629.3 1692.4 633.9 1690.6 620.9
1 0.58 1545.0 842.8 1529.8 846.3 1522.1 812.9 1537.3 809.4
1 0.56 1785.4 734.7 1786.0 750.7 1747.2 752.1 1746.7 736.1
1 0.65 413.7 759.3 402.3 769.5 379.4 744.1 390.8 733.8
1 0.42 471.9 709.3 460.4 717.0 443.6 692.0 455.0 684.3
1 0.62 1488.4 869.1 1481.2 882.1 1452.4 866.2 1459.6 853.1
1 0.63 1680.1 729.2 1683.0 744.1 1648.8 750.8 1645.9 735.9
1 0.39 1526.4 1068.4 1512.2 1073.3 1501.1 1041.3 1515.4 1036.4
1 0.4 1514.9 1027.4 1500.9 1031.9 1490.9 1001.1 1504.9 996.6
1 0.43 1597.9 1086.2 1582.6 1088.9 1576.5 1054.4 1591.8 1051.7
1 0.51 1565.6 971.9 1581.5 973.3 1578.5 1007.6 1562.6 1006.2
1 0.53 1557.5 933.3 1571.3 934.3 1569.3 963.3 1555.5 962.3
1 0.54 1504.0 935.1 1512.8 947.5 1486.4 966.0 1477.6 953.5
1 0.55 1559.0 891.0 1543.6 896.0 1532.1 860.5 1547.5 855.5
1 0.57 1488.8 902.9 1479.1 914.1 1453.3 891.6 1462.9 880.5
