1 0.4 447.2 613.8 433.4 619.4 421.9 591.0 435.7 585.4
1 0.64 1629.2 864.2 1629.2 878.7 1594.7 878.7 1594.7 864.2
1 0.5 1762.1 903.4 1750.9 911.5 1732.7 886.4 1743.9 878.3
1 0.5 1789.2 905.6 1780.6 914.8 1757.0 892.8 1765.6 883.6
1 0.56 1475.8 949.1 1460.5 949.9 1458.7 915.9 1474.0 915.1
1 0.57 1734.0 888.0 1732.3 903.8 1691.6 899.5 1693.3 883.7
1 0.57 1481.5 997.6 1465.7 1000.4 1459.4 964.2 1475.1 961.4
1 0.59 1692.6 761.0 1692.4 774.0 1660.1 773.4 1660.3 760.4
1 0.6 1823.3 838.8 1823.3 853.2 1790.0 853.2 1790.0 838.8
1 0.61 1694.5 906.0 1683.8 917.4 1658.2 893.5 1668.9 882.1
1 0.62 1419.8 1031.9 1426.0 1045.2 1396.5 1059.0 1390.3 1045.7
1 0.63 1415.3 964.5 1405.8 975.4 1381.1 953.9 1390.6 943.0
1 0.64 1410.1 996.7 1398.3 1006.0 1377.3 979.2 1389.2 969.9
1 0.67 1701.3 787.5 1701.1 801.6 1666.8 801.0 1667.1 786.9
1 0.64 379.5 651.4 366.2 659.0 349.2 629.5 362.4 621.8
1 0.55 1915.3 833.3 1913.3 849.3 1869.0 843.9 1871.0 827.8
1 0.3 1467.7 1056.1 1482.5 1060.3 1472.6 1094.7 1457.8 1090.4
