1 0.51 1544.6 856.5 1529.1 859.5 1522.5 825.6 1538.0 822.6
1 0.64 1489.3 915.2 1479.3 926.4 1453.9 903.5 1463.9 892.3
1 0.59 1785.9 747.1 1786.5 763.4 1747.0 764.7 1746.4 748.5
1 0.6 1487.8 882.3 1480.9 894.9 1452.5 879.2 1459.5 866.6
1 0.6 1865.7 680.2 1868.4 694.4 1835.5 700.8 1832.7 686.6
1 0.62 1736.3 652.4 1738.1 667.2 1704.2 671.4 1702.4 656.6
1 0.3 1515.2 1040.8 1501.0 1045.2 1491.3 1013.7 1505.6 1009.3
1 0.66 1750.3 771.8 1742.9 783.6 1713.8 765.5 1721.2 753.6
1 0.4 1846.0 753.5 1838.6 764.4 1810.5 745.4 1817.9 734.5
1 0.56 1722.8 628.5 1724.7 641.5 1692.1 646.0 1690.3 633.1
1 0.52 1504.3 948.2 1513.1 960.7 1486.9 979.1 1478.1 966.6
1 0.52 1571.9 958.3 1559.0 960.8 1553.1 930.6 1566.0 928.1
1 0.49 1566.2 984.7 1581.8 986.0 1578.8 1020.0 1563.3 1018.6
1 0.48 1679.8 741.8 1682.8 757.3 1647.4 764.2 1644.4 748.6
1 0.4 1816.7 755.7 1806.7 765.7 1785.6 744.6 1795.6 734.6
1 0.39 1559.7 904.5 1544.1 909.6 1532.1 872.7 1547.7 867.6
1 0.33 1526.8 1084.1 1511.9 1088.9 1500.6 1054.3 1515.5 1049.4
1 0.46 471.3 723.3 460.0 731.0 443.1 705.9 454.4 698.3
1 0.65 413.8 774.2 402.6 784.3 379.6 758.9 390.8 748.8
