1 0.41 1084.0 451.5 1097.2 452.7 1094.7 481.1 1081.5 480.0
1 0.35 552.0 -15.8 568.3 -13.5 563.3 22.2 546.9 19.9
1 0.53 1026.6 268.2 1024.1 282.2 991.9 276.5 994.4 262.5
1 0.46 1052.2 447.0 1065.7 448.2 1062.9 480.1 1049.4 478.9
1 0.46 1065.4 630.4 1080.7 631.7 1077.6 667.2 1062.3 665.8
1 0.46 1105.1 396.1 1090.4 396.9 1088.6 362.2 1103.3 361.4
1 0.43 1088.8 497.0 1100.8 508.5 1073.1 537.3 1061.1 525.7
1 0.38 48.1 415.2 34.3 421.6 20.3 391.6 34.1 385.2
1 0.39 359.4 -5.2 359.4 9.6 327.2 9.6 327.2 -5.2
1 0.62 1038.9 633.8 1053.9 635.9 1049.0 670.7 1034.0 668.6
1 0.59 951.7 330.1 967.8 331.5 964.6 367.5 948.5 366.1
1 0.61 1086.5 407.4 1101.0 409.4 1096.4 441.9 1081.9 439.9
1 0.6 1054.7 764.8 1070.0 766.2 1067.0 800.4 1051.7 799.1
1 0.6 931.7 337.1 946.2 339.1 941.5 372.4 927.0 370.3
1 0.6 1012.7 685.9 1025.1 687.0 1022.5 716.6 1010.1 715.5
1 0.57 1046.9 120.5 1046.4 135.2 1014.1 134.1 1014.6 119.4
