1 0.44 1095.7 450.1 1110.0 450.6 1108.7 485.9 1094.5 485.4
1 0.5 1093.1 589.5 1105.2 601.2 1077.3 630.2 1065.1 618.5
1 0.58 1069.0 723.7 1084.1 724.5 1082.2 760.8 1067.1 760.0
1 0.55 1014.9 781.2 1027.9 782.3 1025.3 812.7 1012.3 811.6
1 0.52 1055.2 538.6 1069.2 539.9 1066.3 572.4 1052.4 571.2
1 0.51 1087.5 542.3 1101.5 543.5 1098.8 574.3 1084.8 573.1
1 0.48 1058.2 861.9 1073.4 863.3 1070.4 897.8 1055.2 896.5
1 0.64 1028.9 355.6 1026.4 369.7 993.8 363.9 996.3 349.8
1 0.62 932.6 426.2 947.4 428.3 942.6 462.2 927.9 460.2
1 0.6 1091.1 497.5 1106.0 499.6 1101.3 533.2 1086.4 531.1
1 0.59 1042.1 728.5 1057.4 730.6 1052.3 766.7 1037.1 764.5
1 0.56 953.7 419.2 969.8 420.6 966.6 456.7 950.5 455.3
1 0.63 1167.3 9.3 1183.3 10.7 1180.3 45.9 1164.2 44.5
1 0.52 350.9 77.0 350.3 92.6 316.3 91.4 316.8 75.8
1 0.47 361.4 34.0 359.7 50.3 324.6 46.6 326.3 30.3
1 0.61 1050.9 204.9 1050.6 220.1 1017.1 219.5 1017.3 204.3
1 0.6 1022.6 12.9 1022.8 28.0 987.6 28.7 987.4 13.5
1 0.26 359.5 56.2 357.7 73.8 321.1 69.9 322.9 52.4
