1 0.34 1090.5 453.1 1104.7 453.6 1103.5 489.0 1089.2 488.5
1 0.59 1086.0 500.0 1100.4 502.0 1095.7 535.1 1081.3 533.1
1 0.59 1046.5 214.0 1046.3 228.7 1013.4 228.1 1013.7 213.4
1 0.59 1018.9 26.3 1018.9 40.7 984.6 40.7 984.6 26.3
1 0.58 1051.0 540.6 1064.6 541.6 1062.4 573.2 1048.7 572.3
1 0.49 1083.2 543.6 1096.6 544.7 1094.0 574.2 1080.6 573.0
1 0.47 1088.8 590.0 1100.7 601.5 1072.7 630.5 1060.8 619.0
1 0.63 1038.6 725.8 1053.7 728.2 1048.0 763.9 1033.0 761.5
1 0.63 1026.0 360.6 1023.8 374.5 991.3 369.4 993.5 355.4
1 0.61 1064.6 721.5 1079.4 722.3 1077.6 757.8 1062.7 757.0
1 0.58 1011.9 778.9 1024.6 780.0 1022.0 809.6 1009.3 808.5
1 0.41 1054.3 855.6 1069.8 856.9 1066.8 890.9 1051.3 889.5
1 0.59 951.2 423.4 967.4 424.8 964.2 460.7 948.1 459.3
1 0.46 930.6 430.0 944.8 432.0 940.2 465.2 925.9 463.2
1 0.53 363.7 88.3 362.9 103.9 327.8 102.1 328.6 86.4
1 0.36 375.1 6.7 374.4 20.6 344.8 19.0 345.6 5.2
1 0.27 369.4 67.8 368.5 84.4 332.3 82.5 333.1 65.9
1 0.59 371.4 46.2 369.8 61.5 334.9 57.8 336.5 42.5
