1 0.34 1119.2 481.7 1104.6 482.5 1102.7 446.2 1117.3 445.4
1 0.55 1019.9 790.0 1033.3 791.2 1030.5 822.7 1017.1 821.6
1 0.53 1101.4 590.0 1114.1 602.3 1084.2 633.3 1071.5 621.0
1 0.51 1095.8 540.9 1110.0 542.1 1107.3 573.8 1093.0 572.6
1 0.56 328.0 55.1 327.4 71.4 292.9 70.2 293.5 53.9
1 0.5 339.3 11.3 337.6 27.4 301.4 23.6 303.1 7.5
1 0.26 336.5 34.9 335.3 52.3 299.0 49.7 300.2 32.4
1 0.63 1076.1 730.0 1091.7 730.8 1089.8 768.0 1074.2 767.2
1 0.63 1065.4 873.9 1080.9 875.2 1077.7 911.3 1062.3 909.9
1 0.6 1048.3 734.5 1063.8 736.7 1058.6 774.0 1043.0 771.8
1 0.56 1098.6 494.7 1114.0 496.0 1110.9 531.3 1095.5 530.0
1 0.55 1061.4 536.6 1076.5 537.9 1073.5 572.2 1058.4 570.8
1 0.63 1057.4 189.2 1057.2 204.7 1022.8 204.1 1023.1 188.6
1 0.61 1035.4 345.9 1032.5 360.6 998.7 354.0 1001.6 339.4
1 0.6 934.3 419.5 949.2 421.6 944.3 456.8 929.4 454.7
1 0.59 956.9 412.3 974.0 414.7 968.7 452.8 951.6 450.4
1 0.64 1162.7 162.0 1179.0 163.4 1175.9 199.1 1159.6 197.7
