1 0.37 1052.1 626.0 1048.3 641.2 1015.5 633.0 1019.2 617.9
1 0.6 1056.6 744.4 1073.0 746.7 1067.5 785.8 1051.1 783.5
1 0.57 1087.4 739.9 1103.8 741.3 1100.4 780.8 1084.0 779.4
1 0.57 958.7 401.4 976.3 403.0 972.8 442.5 955.2 440.9
1 0.55 1042.8 330.3 1039.8 345.7 1004.2 338.8 1007.2 323.4
1 0.52 1070.7 534.0 1087.0 535.4 1083.8 572.0 1067.5 570.6
1 0.41 1114.0 589.5 1127.2 602.2 1094.6 636.0 1081.4 623.2
1 0.34 1107.6 537.3 1124.7 538.8 1121.8 572.7 1104.6 571.2
1 0.66 1155.7 407.4 1172.5 408.8 1169.2 446.6 1152.4 445.1
1 0.61 1109.8 488.4 1126.5 489.9 1123.2 527.0 1106.5 525.5
1 0.61 935.3 408.9 951.4 411.2 946.1 448.9 930.0 446.6
1 0.58 1026.8 804.1 1040.7 805.3 1037.8 837.6 1024.0 836.4
1 0.42 1116.2 436.2 1132.4 437.0 1130.4 475.9 1114.2 475.0
1 0.59 290.6 21.9 290.0 38.3 254.1 37.1 254.7 20.6
1 0.61 1066.5 163.7 1065.9 180.5 1029.7 179.2 1030.3 162.4
1 0.41 1178.0 154.4 1195.8 157.3 1189.1 199.5 1171.3 196.7
1 0.58 1074.5 892.7 1091.1 894.2 1087.8 932.7 1071.2 931.2
