1 0.4 1263.3 88.7 1259.3 101.2 1230.5 91.8 1234.5 79.4
1 0.64 1284.2 8.4 1281.3 23.1 1247.9 16.6 1250.7 1.9
1 0.6 339.6 555.5 339.1 570.1 304.4 568.9 305.0 554.3
1 0.6 167.2 425.5 156.7 437.6 130.5 414.8 141.0 402.7
1 0.25 24.5 376.7 13.7 391.7 -15.9 370.2 -5.0 355.3
1 0.63 356.4 576.7 357.6 590.9 325.0 593.8 323.8 579.6
1 0.61 275.2 791.9 287.1 801.9 264.4 828.9 252.6 818.9
1 0.57 265.0 515.4 280.1 519.8 270.8 552.1 255.8 547.8
1 0.54 335.1 662.1 325.1 674.4 297.0 651.6 307.0 639.3
1 0.51 296.7 629.1 288.5 642.2 257.3 622.7 265.5 609.6
1 0.66 45.5 1017.6 37.1 1030.1 9.5 1011.5 17.9 999.0
1 0.3 207.1 463.8 199.6 477.8 168.9 461.5 176.3 447.5
1 0.39 183.6 429.6 187.6 444.5 153.1 453.7 149.1 438.8
1 0.46 198.3 560.2 185.2 569.4 165.8 541.7 178.9 532.5
1 0.46 239.4 491.3 231.6 502.8 204.0 484.2 211.8 472.7
1 0.48 137.9 501.6 127.0 512.6 102.3 487.9 113.3 476.9
1 0.55 187.0 516.0 177.2 525.8 155.5 504.2 165.4 494.3
1 0.61 62.0 321.6 71.4 333.2 46.3 353.5 36.9 341.9
1 0.62 289.6 899.9 300.8 909.6 277.7 936.1 266.5 926.4
1 0.53 316.2 913.5 326.1 922.7 303.6 946.8 293.7 937.6
1 0.4 137.6 385.2 136.7 401.0 102.7 399.2 103.6 383.5
1 0.45 48.1 330.3 37.4 340.2 16.7 318.0 27.4 308.0
1 0.53 27.8 307.2 18.1 318.4 -5.9 297.5 3.8 286.4
1 0.53 81.8 440.1 70.9 452.2 41.9 426.1 52.9 414.0
1 0.54 77.9 461.5 69.0 471.7 44.2 450.1 53.1 439.9
1 0.53 179.1 895.1 177.1 909.3 146.3 904.9 148.3 890.8
1 0.53 159.6 910.1 160.7 923.0 128.0 925.8 126.9 913.0
1 0.62 223.0 832.6 224.6 847.6 189.2 851.4 187.7 836.3
1 0.62 127.5 1030.3 138.5 1042.6 103.9 1073.8 92.8 1061.5
1 0.55 197.0 853.4 208.1 865.3 178.2 893.3 167.0 881.4
1 0.61 37.9 1035.7 28.5 1049.1 -0.4 1028.8 9.0 1015.5
1 0.62 169.1 962.9 180.5 972.5 159.1 998.0 147.7 988.3
1 0.29 22.6 1054.3 13.5 1069.4 -17.1 1051.0 -8.0 1035.9
