1 0.3 1382.1 632.8 1359.4 636.4 1346.8 557.0 1369.5 553.4
1 0.42 1814.3 854.5 1804.2 864.6 1782.5 842.9 1792.6 832.9
1 0.49 1501.8 1045.8 1510.5 1058.3 1483.5 1077.2 1474.8 1064.7
1 0.54 1565.8 1042.3 1554.2 1046.3 1544.3 1017.5 1555.9 1013.4
1 0.56 1542.8 953.7 1527.1 957.4 1519.2 923.0 1534.9 919.4
1 0.59 1747.5 870.1 1739.7 881.8 1711.3 862.7 1719.2 851.0
1 0.59 1784.0 845.4 1784.6 861.1 1745.1 862.5 1744.6 846.7
1 0.62 1733.8 751.4 1735.8 765.5 1701.9 770.2 1699.9 756.2
1 0.62 1677.6 840.7 1680.0 855.9 1645.1 861.4 1642.7 846.2
1 0.64 1485.5 980.9 1478.3 993.4 1450.5 977.3 1457.6 964.8
1 0.67 1485.9 1014.8 1476.0 1025.4 1451.1 1002.2 1461.1 991.6
1 0.43 1720.5 727.0 1722.2 739.3 1689.9 743.9 1688.1 731.5
1 0.44 1842.3 851.2 1835.3 861.6 1808.0 843.2 1815.0 832.8
1 0.36 469.2 823.3 457.6 830.5 441.9 805.3 453.4 798.0
1 0.6 412.2 872.7 400.6 883.2 377.6 857.7 389.2 847.2
1 0.46 1555.9 1001.0 1540.4 1006.0 1529.0 971.1 1544.6 966.0
1 0.63 1863.0 778.4 1865.7 792.2 1834.1 798.4 1831.4 784.6
