1 0.56 1677.6 800.4 1676.9 813.4 1644.4 811.7 1645.0 798.7
1 0.65 1684.6 827.5 1683.9 841.3 1649.9 839.5 1650.6 825.7
1 0.58 1670.4 946.1 1659.9 955.8 1636.6 930.8 1647.1 921.1
1 0.62 1803.9 885.5 1803.7 899.4 1770.2 898.8 1770.4 884.9
1 0.62 1904.8 994.3 1889.5 995.1 1887.9 963.6 1903.1 962.8
1 0.62 1608.4 899.5 1608.2 914.2 1573.6 913.6 1573.8 898.9
1 0.65 1389.1 988.3 1379.6 998.5 1356.3 976.7 1365.8 966.5
1 0.65 1382.5 1020.0 1370.6 1028.7 1350.8 1001.4 1362.7 992.7
1 0.4 442.6 583.3 428.0 588.3 418.1 559.4 432.6 554.4
1 0.63 372.5 617.8 357.9 624.9 342.7 593.7 357.3 586.6
1 0.52 1766.4 950.0 1757.4 959.0 1734.3 935.8 1743.3 926.8
1 0.53 1738.7 947.4 1726.8 954.8 1710.5 928.8 1722.4 921.3
1 0.53 1711.2 929.2 1709.0 945.0 1669.1 939.4 1671.3 923.5
1 0.54 1435.9 942.1 1450.9 942.6 1449.7 976.4 1434.7 975.8
1 0.56 1453.2 1024.6 1437.7 1026.5 1433.2 990.1 1448.8 988.1
1 0.57 1390.3 1056.6 1395.4 1070.0 1365.3 1081.5 1360.1 1068.2
1 0.27 1357.4 544.4 1381.4 547.4 1371.5 627.6 1347.5 624.6
1 0.51 1925.2 991.2 1909.2 992.6 1906.3 959.3 1922.3 957.9
1 0.54 1898.0 886.2 1895.0 902.0 1849.5 893.1 1852.6 877.4
