1 0.33 87.1 600.2 79.3 611.7 51.3 592.8 59.1 581.3
1 0.33 101.3 3.2 108.1 15.0 85.6 27.9 78.8 16.1
1 0.52 1008.0 111.2 1024.7 114.7 1016.5 153.6 999.7 150.1
1 0.56 1070.4 330.7 1058.8 336.4 1045.1 308.2 1056.7 302.5
1 0.64 1090.4 258.5 1077.2 265.8 1059.9 234.7 1073.2 227.3
1 0.64 1068.8 277.7 1054.4 284.4 1039.5 252.3 1053.8 245.6
1 0.64 1152.9 377.7 1140.0 384.9 1123.0 354.4 1136.0 347.2
1 0.64 986.4 58.9 974.5 65.8 959.0 39.0 970.9 32.2
1 0.48 259.9 48.7 246.2 57.3 227.1 26.7 240.8 18.1
1 0.62 836.2 68.7 821.6 75.9 805.1 42.2 819.8 35.0
1 0.66 818.4 84.0 805.9 89.8 791.9 59.6 804.3 53.8
1 0.43 1006.6 97.1 994.2 103.2 980.1 74.4 992.6 68.3
1 0.52 978.4 112.5 965.0 119.0 949.7 87.5 963.1 81.0
1 0.52 132.2 79.2 139.4 91.5 112.7 106.9 105.6 94.6
1 0.55 121.3 36.7 128.4 50.1 96.7 66.9 89.6 53.5
