1 0.39 84.1 228.4 68.9 232.5 60.2 200.2 75.4 196.1
1 0.38 1121.9 323.1 1136.1 325.8 1129.3 360.7 1115.1 358.0
1 0.59 1030.0 718.3 1044.5 721.9 1036.0 755.9 1021.6 752.3
1 0.55 1102.4 412.0 1115.6 415.0 1108.7 444.8 1095.5 441.8
1 0.54 1101.1 457.6 1111.3 470.7 1079.5 495.5 1069.3 482.5
1 0.53 1071.6 402.3 1085.6 405.8 1077.4 438.3 1063.5 434.9
1 0.63 991.0 273.1 1006.6 277.6 996.5 313.1 980.9 308.6
1 0.62 968.7 277.5 982.1 281.3 972.9 313.3 959.5 309.5
1 0.62 1032.3 586.0 1046.8 590.1 1037.0 624.1 1022.6 619.9
1 0.6 1059.2 585.7 1073.8 588.6 1066.9 624.0 1052.3 621.1
1 0.59 1113.8 81.4 1111.0 95.7 1079.1 89.5 1081.9 75.2
1 0.57 1071.8 223.1 1067.4 236.5 1036.7 226.5 1041.0 213.1
1 0.4 1111.2 368.3 1126.7 372.1 1118.5 404.9 1103.1 401.0
1 0.6 998.8 633.8 1011.3 636.7 1004.4 666.3 991.9 663.4
