1 0.27 1877.2 37.1 1862.4 43.9 1848.0 12.9 1862.7 6.0
1 0.58 131.1 195.3 138.0 209.5 105.7 225.3 98.8 211.1
1 0.56 67.7 58.8 74.6 72.3 45.5 87.1 38.6 73.6
1 0.54 61.1 40.9 67.7 54.5 36.9 69.5 30.3 56.0
1 0.52 113.3 159.8 120.4 172.1 95.3 186.6 88.2 174.3
1 0.49 89.1 112.7 94.8 125.0 67.4 137.7 61.7 125.5
1 0.39 43.0 0.2 49.2 12.5 23.9 25.4 17.7 13.1
1 0.61 848.2 129.8 853.0 142.7 822.5 153.8 817.7 140.9
1 0.59 829.7 261.6 816.1 267.9 802.0 237.7 815.6 231.3
1 0.57 847.0 246.3 832.1 253.3 816.7 220.2 831.6 213.3
1 0.55 791.9 -7.5 798.9 6.3 769.6 21.2 762.6 7.4
1 0.65 1156.3 565.4 1142.8 572.0 1127.7 541.0 1141.2 534.5
1 0.63 1074.6 462.1 1060.5 468.7 1045.9 437.3 1060.0 430.8
1 0.62 1097.4 443.1 1083.7 450.7 1066.2 419.1 1079.9 411.5
1 0.56 1075.2 516.3 1063.3 521.8 1050.0 493.2 1061.8 487.6
1 0.47 1017.7 294.3 1034.4 297.9 1026.0 337.5 1009.3 333.9
1 0.45 1017.9 279.6 1004.5 286.1 989.9 256.2 1003.3 249.6
1 0.43 988.0 292.7 974.8 298.9 960.6 268.3 973.8 262.2
1 0.57 141.2 238.4 148.0 251.6 120.6 265.6 113.9 252.3
1 0.65 106.0 142.0 112.9 155.4 82.6 170.9 75.7 157.4
1 0.68 83.6 96.7 89.5 109.9 59.6 123.3 53.7 110.1
1 0.25 84.5 758.5 76.9 769.7 49.6 751.3 57.2 740.1
1 0.69 98.0 126.4 104.6 139.2 76.5 153.5 70.0 140.7
1 0.69 48.5 18.1 54.1 30.8 27.4 42.7 21.7 30.0
1 0.29 980.9 198.6 966.8 207.0 948.2 176.1 962.3 167.6
1 0.57 997.9 241.2 984.7 247.4 971.7 219.3 984.8 213.2
