1 0.34 1090.8 429.0 1104.7 430.2 1101.7 465.0 1087.8 463.8
1 0.54 1011.8 755.1 1024.2 756.2 1021.6 785.9 1009.2 784.8
1 0.36 1083.4 520.0 1095.8 521.1 1093.2 550.5 1080.8 549.4
1 0.65 1024.8 337.4 1022.2 351.0 990.1 344.7 992.7 331.1
1 0.6 1084.4 476.6 1098.9 477.9 1096.1 510.4 1081.5 509.1
1 0.59 950.7 399.9 966.5 401.2 963.4 437.0 947.6 435.6
1 0.58 1045.2 189.9 1045.0 204.6 1012.6 204.1 1012.8 189.4
1 0.56 1016.3 1.6 1017.0 15.7 983.7 17.5 983.0 3.3
1 0.55 930.3 407.2 944.0 409.2 939.4 442.4 925.6 440.5
1 0.52 1050.2 516.3 1063.9 517.3 1061.6 550.0 1047.9 549.0
1 0.42 1088.5 566.9 1099.9 578.8 1071.4 606.3 1060.0 594.4
1 0.63 1038.0 702.6 1052.9 705.0 1047.3 740.0 1032.5 737.6
1 0.62 1053.8 833.6 1068.8 834.9 1065.8 869.2 1050.8 867.8
1 0.6 1064.1 699.2 1078.9 700.0 1077.1 734.9 1062.3 734.1
1 0.53 1892.1 1045.7 1909.3 1047.2 1906.0 1085.5 1888.7 1084.0
1 0.6 369.4 22.4 368.7 36.9 334.8 35.1 335.5 20.6
1 0.58 358.1 65.1 357.8 80.0 325.9 79.5 326.1 64.6
