1 0.33 1089.0 452.3 1102.6 452.6 1102.0 487.7 1088.4 487.4
1 0.61 1063.6 720.6 1078.5 721.4 1076.6 757.0 1061.8 756.2
1 0.51 1082.0 542.6 1095.6 543.8 1093.0 573.3 1079.4 572.1
1 0.45 1010.4 777.5 1023.4 778.7 1020.8 808.3 1007.8 807.1
1 0.44 930.0 432.0 943.3 433.8 938.9 465.1 925.7 463.2
1 0.34 1086.9 588.1 1099.0 599.7 1071.7 628.0 1059.7 616.3
1 0.29 949.4 424.3 965.6 425.8 962.7 459.9 946.4 458.4
1 0.58 369.3 44.5 368.8 59.2 334.5 58.1 335.0 43.3
1 0.57 360.5 87.4 360.0 102.4 326.5 101.3 327.1 86.2
1 0.31 374.8 6.2 374.1 19.5 344.0 17.9 344.7 4.6
1 0.66 1024.9 360.3 1022.3 374.0 990.6 367.8 993.2 354.1
1 0.62 1085.2 499.3 1099.4 501.3 1094.9 533.7 1080.7 531.7
1 0.59 1050.0 539.5 1063.5 540.5 1061.2 572.5 1047.7 571.5
1 0.57 1045.5 213.1 1045.3 227.6 1012.7 227.0 1012.9 212.6
1 0.52 1018.0 25.8 1018.0 39.8 984.4 39.8 984.4 25.8
1 0.61 1037.6 724.9 1052.7 727.3 1047.1 762.9 1032.0 760.5
1 0.62 1052.9 855.7 1067.9 857.0 1064.9 891.6 1049.9 890.3
