1 0.25 822.5 429.4 810.1 431.8 805.0 405.4 817.4 403.0
1 0.25 1129.7 426.6 1144.3 426.8 1143.6 467.7 1129.0 467.4
1 0.26 804.9 431.6 793.0 432.5 791.3 407.6 803.1 406.8
1 0.28 833.2 430.9 822.8 431.6 821.2 408.6 831.6 407.9
1 0.62 1082.6 913.5 1100.4 915.1 1096.9 955.2 1079.1 953.6
1 0.59 1097.7 750.6 1114.7 752.1 1111.0 793.9 1094.0 792.4
1 0.58 1064.8 756.2 1082.0 758.9 1075.4 800.3 1058.3 797.6
1 0.52 1031.8 818.4 1047.0 819.8 1043.9 854.5 1028.8 853.2
1 0.48 1079.8 531.2 1095.9 532.6 1092.6 570.0 1076.5 568.6
1 0.31 1119.9 598.0 1132.9 610.1 1105.0 640.1 1092.0 627.9
1 0.64 1147.7 673.2 1165.5 674.7 1162.0 714.1 1144.2 712.5
1 0.63 1049.8 313.8 1046.5 330.5 1008.7 323.2 1012.0 306.4
1 0.57 961.6 389.1 980.6 391.8 974.6 434.7 955.6 432.0
1 0.51 1123.1 482.4 1140.1 484.8 1134.7 523.2 1117.7 520.8
1 0.49 1118.6 536.0 1134.6 537.4 1131.6 572.1 1115.6 570.7
1 0.45 1169.1 410.6 1186.7 412.2 1183.1 452.9 1165.6 451.4
1 0.46 1076.2 136.6 1075.5 154.2 1037.1 152.9 1037.7 135.3
1 0.61 935.8 397.9 952.6 400.3 947.0 440.4 930.2 438.0
