1 0.49 1120.9 590.3 1134.6 603.6 1102.1 637.2 1088.4 623.9
1 0.51 1029.6 811.9 1045.0 813.2 1042.0 847.8 1026.6 846.5
1 0.43 1140.3 470.0 1123.9 470.8 1121.8 431.0 1138.2 430.2
1 0.33 835.9 433.7 825.7 434.4 824.1 412.2 834.3 411.5
1 0.32 261.4 -1.7 261.4 12.8 227.0 12.8 227.0 -1.7
1 0.64 1047.5 319.2 1044.3 335.6 1007.2 328.3 1010.4 312.0
1 0.59 935.5 401.2 952.0 403.6 946.5 442.5 930.0 440.2
1 0.58 1072.5 145.6 1071.9 162.7 1034.3 161.4 1034.9 144.3
1 0.52 959.5 392.8 978.1 394.4 974.5 435.4 955.9 433.8
1 0.5 1076.3 530.9 1092.8 532.3 1089.4 570.7 1072.9 569.3
1 0.62 1061.7 751.4 1078.7 754.1 1072.3 794.3 1055.4 791.7
1 0.59 1079.8 905.4 1097.2 906.9 1093.8 946.3 1076.3 944.7
1 0.59 1092.7 745.7 1109.8 746.6 1107.7 787.8 1090.6 786.9
1 0.51 1114.3 536.6 1130.5 538.1 1127.6 571.9 1111.3 570.5
1 0.63 1153.0 577.4 1170.0 578.9 1166.6 617.5 1149.6 616.0
1 0.59 1118.5 484.0 1135.7 486.4 1130.3 524.6 1113.1 522.2
1 0.58 1170.4 319.0 1189.7 320.0 1187.5 362.3 1168.1 361.3
