1 0.36 409.3 24.4 428.0 25.4 425.6 72.1 406.9 71.1
1 0.61 1154.3 485.5 1171.0 487.0 1167.7 525.4 1150.9 524.0
1 0.46 1072.7 531.9 1088.4 533.3 1085.3 569.1 1069.6 567.7
1 0.61 935.4 405.2 951.5 407.8 945.5 445.5 929.4 442.9
1 0.59 1044.4 324.3 1041.9 340.1 1005.8 334.4 1008.3 318.6
1 0.59 1068.5 154.6 1067.9 171.1 1031.3 169.8 1031.9 153.3
1 0.57 958.6 397.1 976.4 398.7 972.9 439.3 955.0 437.8
1 0.31 1052.1 625.8 1048.4 640.7 1016.0 632.6 1019.7 617.7
1 0.27 837.9 436.9 827.1 437.9 825.2 415.3 835.9 414.4
1 0.63 1075.9 897.4 1093.3 898.9 1089.9 937.9 1072.5 936.4
1 0.56 1090.2 742.1 1106.4 743.5 1102.9 783.1 1086.7 781.7
1 0.58 1172.5 230.5 1191.3 231.5 1189.2 273.0 1170.3 272.1
1 0.52 1112.6 485.9 1129.3 487.3 1126.0 525.0 1109.3 523.5
1 0.51 1027.3 807.1 1042.1 808.4 1039.2 841.9 1024.4 840.6
1 0.49 1116.8 589.5 1130.3 603.0 1096.8 636.5 1083.3 623.1
1 0.49 1058.9 747.3 1075.7 750.0 1069.5 789.1 1052.7 786.4
1 0.47 1109.9 536.1 1125.3 537.5 1122.4 570.9 1107.0 569.5
1 0.52 277.2 10.4 276.6 26.3 241.3 25.0 241.9 9.1
1 0.4 1119.3 431.9 1134.9 432.8 1132.8 472.5 1117.3 471.7
