1 0.35 830.0 424.7 818.4 425.9 815.8 401.1 827.4 399.9
1 0.64 1055.8 302.0 1052.4 319.3 1013.4 311.8 1016.7 294.4
1 0.6 1090.3 930.4 1108.9 932.1 1105.1 975.5 1086.5 973.9
1 0.58 1162.7 597.5 1181.4 599.2 1177.5 643.2 1158.9 641.5
1 0.57 1132.0 479.0 1150.0 481.6 1144.3 522.2 1126.3 519.7
1 0.57 1135.2 592.8 1150.1 607.8 1113.1 644.8 1098.1 629.9
1 0.56 1037.5 831.0 1053.6 833.3 1048.5 869.6 1032.4 867.3
1 0.54 1105.8 759.4 1123.2 760.9 1119.3 805.0 1102.0 803.5
1 0.5 1087.1 529.7 1104.5 531.2 1101.0 570.9 1083.6 569.4
1 0.48 1127.7 535.5 1144.7 537.0 1141.5 573.1 1124.6 571.6
1 0.6 962.9 381.0 982.6 383.8 976.4 427.7 956.7 425.0
1 0.63 1070.6 765.4 1088.9 768.0 1082.7 811.7 1064.4 809.1
1 0.56 1082.2 115.4 1081.6 133.8 1041.7 132.4 1042.3 114.0
1 0.41 1155.6 463.6 1138.2 464.5 1135.9 421.5 1153.4 420.6
1 0.61 1135.3 878.2 1153.7 879.8 1150.0 921.5 1131.7 919.9
1 0.6 936.1 390.3 953.4 392.7 947.6 434.1 930.3 431.7
1 0.3 1064.4 632.9 1060.3 649.4 1025.2 640.6 1029.3 624.2
