1 0.25 207.7 137.4 219.3 141.2 210.6 168.0 199.0 164.2
1 0.53 245.2 279.5 254.6 285.0 241.8 307.1 232.4 301.7
1 0.54 187.0 248.7 196.6 253.6 185.7 275.1 176.0 270.2
1 0.33 455.7 96.6 466.0 97.5 463.9 120.4 453.7 119.5
1 0.33 483.7 95.4 494.5 96.6 491.9 121.4 481.1 120.2
1 0.34 480.9 16.2 480.7 28.4 454.7 27.9 454.9 15.8
1 0.36 475.4 55.0 475.2 67.6 449.6 67.2 449.9 54.6
1 0.36 401.9 88.1 413.1 89.8 409.1 114.8 397.9 113.0
1 0.37 415.2 91.5 426.4 92.5 424.3 116.7 413.1 115.7
1 0.38 222.5 268.4 232.2 273.3 221.2 294.9 211.5 290.0
1 0.38 442.9 94.7 453.4 95.7 451.4 119.0 440.9 118.1
1 0.38 468.3 95.4 479.7 96.4 477.4 122.4 466.0 121.4
1 0.39 266.6 295.4 276.5 300.9 264.6 322.3 254.7 316.8
1 0.39 243.5 207.6 253.5 211.8 243.8 234.5 233.9 230.3
1 0.39 429.2 92.3 439.8 93.1 438.1 116.9 427.5 116.1
1 0.4 265.3 217.8 275.0 221.5 266.5 243.9 256.7 240.2
1 0.4 255.6 286.2 265.6 291.9 253.0 313.6 243.1 307.9
1 0.41 253.8 213.9 264.2 217.9 256.1 239.2 245.7 235.2
1 0.42 278.3 222.7 288.4 226.9 279.4 248.1 269.3 243.8
1 0.42 477.4 40.7 477.2 52.2 452.2 51.8 452.4 40.2
1 0.44 580.9 31.3 582.6 42.9 557.2 46.5 555.5 34.8
1 0.44 484.1 1.9 483.5 13.9 457.7 12.6 458.3 0.6
1 0.45 231.7 200.0 242.8 204.7 232.2 229.7 221.1 225.0
1 0.46 232.9 272.7 242.7 278.1 230.2 300.6 220.5 295.2
1 0.48 583.3 44.6 585.0 56.1 559.6 59.6 558.0 48.2
1 0.48 173.0 242.4 183.8 247.4 172.0 272.7 161.2 267.7
1 0.49 208.0 190.8 218.7 194.7 210.2 218.1 199.5 214.2
1 0.5 199.1 254.5 208.8 259.4 198.2 280.2 188.5 275.3
1 0.5 579.1 19.0 580.6 30.2 555.9 33.7 554.3 22.5
1 0.51 291.7 228.4 302.1 233.7 290.6 256.3 280.1 250.9
1 0.51 194.1 186.1 204.1 190.2 194.5 213.8 184.5 209.7
1 0.55 210.9 258.8 220.8 263.4 209.5 287.8 199.6 283.2
