1 0.27 353.8 304.6 346.3 312.7 327.2 294.8 334.7 286.8
1 0.52 434.5 137.1 428.5 143.6 412.0 128.2 418.1 121.7
1 0.52 618.5 307.1 612.0 314.0 595.3 298.5 601.8 291.5
1 0.3 145.2 420.8 132.8 421.4 131.5 397.0 143.9 396.4
1 0.31 630.5 338.0 623.3 345.6 604.9 328.5 612.1 320.8
1 0.31 139.1 494.3 128.9 499.0 118.2 476.2 128.4 471.4
1 0.33 562.5 274.3 555.4 280.9 541.0 265.5 548.1 258.9
1 0.34 74.5 331.8 84.7 334.2 79.8 355.4 69.6 353.1
1 0.34 147.4 157.4 140.9 164.0 122.6 145.7 129.2 139.2
1 0.34 273.5 316.2 267.1 323.6 247.0 306.1 253.4 298.8
1 0.34 261.9 222.3 255.9 228.6 239.9 213.7 245.8 207.3
1 0.35 240.3 104.6 247.9 111.9 230.4 130.1 222.8 122.7
1 0.36 511.1 204.5 504.2 211.9 486.6 195.4 493.5 188.0
1 0.37 631.4 294.5 625.0 301.4 608.4 286.0 614.8 279.1
1 0.38 136.2 338.1 148.4 340.4 143.2 367.1 131.1 364.8
1 0.38 133.3 372.2 144.9 373.0 143.2 396.6 131.6 395.8
1 0.39 101.3 495.4 91.2 498.6 84.2 477.0 94.2 473.8
1 0.39 89.3 468.0 79.7 471.3 72.3 449.7 81.9 446.4
1 0.45 83.3 406.0 71.9 406.8 70.1 381.1 81.5 380.3
1 0.45 125.4 403.5 114.7 404.1 113.4 379.9 124.2 379.3
1 0.45 328.8 335.4 323.4 341.5 306.7 326.4 312.2 320.3
1 0.47 146.7 186.1 140.1 193.2 122.9 177.2 129.5 170.0
1 0.47 392.2 50.9 385.9 57.7 369.6 42.5 375.9 35.7
1 0.49 80.8 146.8 74.5 153.6 57.2 137.6 63.6 130.8
1 0.49 576.8 217.5 569.8 224.3 552.8 206.7 559.8 199.9
1 0.49 104.3 260.0 114.1 265.4 101.8 287.5 92.1 282.1
1 0.5 204.3 193.7 197.7 200.8 179.7 184.0 186.3 176.9
1 0.51 405.8 377.9 399.2 385.0 381.3 368.3 387.9 361.2
1 0.51 547.5 215.5 541.2 222.3 524.2 206.5 530.6 199.7
1 0.55 85.6 439.1 74.2 440.3 71.3 413.0 82.8 411.8
