1 0.26 289.3 133.1 297.6 139.7 282.5 159.1 274.1 152.5
1 0.43 174.6 372.1 185.2 375.6 176.8 401.3 166.2 397.9
1 0.43 374.4 304.7 371.5 313.7 348.6 306.2 351.5 297.2
1 0.31 185.6 347.5 195.1 351.1 186.5 373.4 177.1 369.7
1 0.32 431.7 301.5 429.0 310.3 405.1 303.0 407.8 294.2
1 0.32 131.9 246.4 129.2 255.1 107.1 248.4 109.8 239.6
1 0.37 309.1 318.6 306.8 326.5 286.2 320.6 288.5 312.6
1 0.39 608.9 411.3 606.1 421.1 583.4 414.5 586.2 404.8
1 0.41 393.5 345.0 390.6 354.0 368.7 346.8 371.6 337.9
1 0.41 459.2 -5.6 464.4 3.3 441.7 16.4 436.5 7.5
1 0.46 74.2 189.4 70.9 199.5 47.5 191.9 50.7 181.8
1 0.5 409.1 333.8 406.5 342.5 383.5 335.5 386.2 326.7
1 0.51 222.1 273.9 218.5 284.2 195.0 276.1 198.6 265.9
1 0.47 337.8 80.2 345.5 87.9 326.2 107.3 318.4 99.6
1 0.47 432.0 13.1 438.3 23.6 411.4 39.8 405.1 29.3
1 0.48 620.8 396.8 617.9 406.7 594.8 400.0 597.6 390.2
1 0.49 308.8 260.1 305.6 269.4 282.7 261.5 285.9 252.3
1 0.5 553.0 337.5 550.2 347.2 526.2 340.4 529.0 330.7
1 0.5 531.4 353.8 528.4 363.1 502.1 354.5 505.1 345.2
1 0.5 482.8 370.3 480.4 379.6 457.7 373.9 460.0 364.6
1 0.52 590.5 356.0 588.2 365.1 562.6 358.8 564.9 349.6
