1 0.25 320.6 180.2 328.8 187.1 313.3 205.6 305.1 198.7
1 0.26 261.1 194.9 258.9 203.9 235.6 198.1 237.8 189.0
1 0.26 201.5 264.7 213.5 268.6 205.6 292.9 193.6 289.0
1 0.3 230.0 213.0 241.5 220.2 228.5 241.1 216.9 233.9
1 0.31 367.0 54.7 375.5 63.1 358.3 80.3 349.9 71.9
1 0.31 306.9 208.1 315.5 213.9 303.0 232.5 294.4 226.7
1 0.38 245.4 345.6 255.8 349.0 247.7 374.0 237.3 370.6
1 0.41 191.5 290.4 203.2 293.5 196.6 318.2 184.9 315.1
1 0.42 165.4 390.4 175.7 392.1 171.8 417.1 161.4 415.4
1 0.47 190.6 383.2 200.2 385.1 195.8 407.7 186.2 405.8
1 0.5 157.6 455.5 168.5 456.2 166.6 482.9 155.7 482.2
1 0.54 183.1 320.5 193.5 323.3 186.8 348.6 176.3 345.8
