1 0.25 542.8 18.2 531.6 19.8 527.7 -8.2 538.9 -9.8
1 0.25 598.4 23.3 588.0 24.2 586.0 0.4 596.3 -0.5
1 0.31 579.4 74.9 569.9 76.3 566.7 53.1 576.2 51.8
1 0.33 615.2 257.8 605.9 258.6 604.0 236.0 613.2 235.2
1 0.39 572.8 448.8 563.5 449.8 561.2 428.1 570.5 427.1
1 0.4 559.0 299.8 550.2 300.5 548.3 279.2 557.2 278.4
1 0.41 583.2 330.5 575.0 331.2 573.1 310.2 581.4 309.4
1 0.43 564.6 98.4 555.5 99.3 553.1 75.8 562.1 74.8
1 0.47 606.2 121.6 596.2 122.5 594.1 98.5 604.1 97.6
1 0.49 636.7 136.9 627.6 137.7 625.6 114.9 634.7 114.1
1 0.5 527.6 52.7 517.9 53.7 515.4 29.4 525.1 28.4
1 0.51 629.0 395.4 619.0 396.2 616.9 372.0 626.9 371.2
1 0.54 626.1 194.3 616.7 195.4 613.8 171.3 623.2 170.1
1 0.59 618.5 67.8 608.5 68.6 606.3 43.6 616.3 42.8
