1 0.27 593.2 288.3 602.4 290.8 596.6 312.5 587.3 310.0
1 0.32 599.7 50.8 610.5 52.5 606.4 78.7 595.6 77.0
1 0.33 488.9 397.7 496.9 399.2 492.7 420.8 484.7 419.2
1 0.42 633.7 315.4 642.2 318.1 635.1 339.8 626.7 337.1
1 0.42 517.0 335.8 526.1 337.7 521.2 360.7 512.1 358.8
1 0.44 513.0 459.3 521.5 461.0 517.1 483.4 508.6 481.8
1 0.48 566.8 398.5 576.3 401.3 569.5 425.2 559.9 422.4
1 0.5 604.1 437.8 612.9 440.3 606.6 462.3 597.7 459.8
1 0.51 630.6 209.1 640.0 212.2 632.5 235.2 623.1 232.2
1 0.52 608.6 290.1 617.5 292.5 611.4 315.6 602.4 313.2
