1 0.26 619.8 284.4 629.5 285.3 627.3 310.0 617.7 309.1
1 0.35 563.7 227.1 573.2 227.9 571.2 250.6 561.7 249.8
1 0.36 544.4 319.5 554.8 320.8 551.9 344.2 541.5 342.9
1 0.37 564.2 288.5 573.3 289.6 570.5 311.8 561.4 310.7
1 0.39 567.3 403.7 575.5 405.0 572.0 426.6 563.9 425.3
1 0.41 579.3 302.0 588.4 303.2 585.5 326.6 576.4 325.5
1 0.42 584.9 55.9 594.7 56.8 592.8 79.4 582.9 78.6
1 0.46 625.7 31.0 634.8 31.8 632.8 54.1 623.8 53.3
1 0.46 589.6 399.6 598.4 400.4 596.5 422.8 587.7 422.0
1 0.51 604.8 50.0 614.5 51.2 611.8 73.3 602.1 72.2
