1 0.26 427.9 51.0 433.2 60.2 414.4 71.1 409.0 61.9
1 0.29 629.2 332.3 639.1 333.2 637.0 357.2 627.1 356.4
1 0.29 352.4 277.1 363.6 278.9 359.4 305.4 348.2 303.6
1 0.29 438.9 123.0 445.9 132.3 427.0 146.5 420.0 137.2
1 0.3 607.5 366.3 616.0 366.9 614.5 387.3 606.1 386.7
1 0.31 585.7 13.9 594.9 14.7 592.9 37.4 583.7 36.6
1 0.34 464.9 102.4 471.6 112.5 450.2 126.9 443.4 116.9
1 0.38 575.7 409.3 584.3 410.1 582.5 430.8 573.9 430.1
1 0.4 559.5 287.2 569.2 287.9 567.7 310.1 557.9 309.4
1 0.44 578.0 280.7 588.3 281.4 586.6 305.1 576.3 304.4
1 0.47 367.1 105.2 375.0 112.6 356.9 132.0 349.0 124.7
1 0.51 391.2 81.4 398.2 89.3 378.5 107.1 371.4 99.2
1 0.51 617.7 53.6 628.2 53.9 627.3 78.1 616.9 77.8
1 0.56 504.1 24.3 506.5 35.5 480.3 41.0 477.9 29.9
