1 0.25 560.9 62.9 551.8 68.0 540.3 47.3 549.4 42.2
1 0.51 408.8 207.5 399.3 213.9 383.2 190.0 392.7 183.6
1 0.5 569.2 38.6 560.4 44.1 547.5 23.5 556.3 18.0
1 0.49 599.1 161.9 591.3 166.8 579.1 147.2 586.9 142.3
1 0.47 424.0 276.4 416.3 281.5 403.6 262.7 411.3 257.5
1 0.46 306.7 101.2 298.5 106.1 285.8 85.1 294.1 80.2
1 0.44 600.3 192.0 592.1 197.2 578.7 175.7 586.9 170.6
1 0.39 560.1 499.8 551.5 505.2 538.4 484.3 547.0 478.9
1 0.52 612.3 150.2 603.9 155.4 591.0 134.8 599.3 129.5
1 0.34 556.5 86.3 548.6 91.2 537.8 73.9 545.7 69.0
1 0.34 337.0 113.0 328.7 117.9 316.8 97.3 325.2 92.5
1 0.32 368.3 186.0 360.2 191.1 346.4 169.1 354.5 164.0
1 0.29 638.0 400.7 641.9 410.8 618.0 420.0 614.1 409.8
1 0.27 535.7 88.2 526.9 93.7 514.2 73.5 523.1 67.9
1 0.41 498.2 473.4 490.4 478.7 477.0 458.8 484.8 453.6
1 0.53 617.6 119.3 608.3 125.1 593.3 101.0 602.6 95.2
0 0.32 321.8 453.0 310.9 459.8 292.0 429.6 302.9 422.8
0 0.38 309.3 458.6 298.7 467.8 276.0 441.7 286.6 432.5
