1 0.32 295.5 292.5 304.4 293.1 302.7 317.4 293.8 316.8
1 0.4 503.7 323.3 512.2 324.0 510.3 346.4 501.7 345.6
1 0.43 280.4 277.9 289.9 278.7 288.1 299.2 278.6 298.4
1 0.34 291.2 474.5 300.6 475.1 299.0 497.3 289.6 496.7
1 0.35 565.3 135.3 574.8 136.0 573.3 158.0 563.7 157.3
1 0.36 557.5 182.4 566.1 183.2 564.1 206.0 555.5 205.2
1 0.37 509.9 246.9 518.3 247.6 516.6 267.9 508.1 267.1
1 0.4 477.4 437.8 487.1 438.6 485.0 461.8 475.4 460.9
1 0.48 496.0 418.2 505.0 419.0 502.9 442.2 493.9 441.4
1 0.5 522.7 293.6 532.4 294.4 530.3 318.5 520.6 317.7
1 0.53 545.5 238.0 555.6 238.9 553.4 264.0 543.3 263.1
1 0.48 490.6 280.0 500.6 280.9 498.3 307.2 488.3 306.3
1 0.48 558.6 11.2 568.8 12.4 565.7 37.8 555.5 36.5
1 0.49 274.2 452.2 283.6 453.0 281.6 475.9 272.2 475.0
1 0.5 529.4 185.6 539.1 186.5 537.1 209.8 527.3 208.9
1 0.5 497.9 158.4 507.5 159.2 505.4 183.4 495.8 182.6
1 0.54 513.2 438.7 523.2 439.9 520.0 465.7 510.0 464.4
