1 0.32 490.3 488.7 500.0 490.6 495.8 512.5 486.1 510.7
1 0.5 515.0 449.1 524.7 451.0 519.9 475.3 510.3 473.4
1 0.52 523.0 316.0 532.7 317.9 528.0 342.1 518.3 340.2
1 0.35 306.9 234.2 316.7 235.7 313.2 257.9 303.4 256.3
1 0.36 255.9 416.3 264.8 418.0 260.8 438.6 251.9 436.9
1 0.37 332.5 44.2 342.2 45.8 338.0 72.0 328.3 70.5
1 0.39 235.4 407.9 244.4 409.3 240.9 431.3 231.9 429.9
1 0.39 471.3 391.4 480.9 393.2 476.3 417.3 466.6 415.4
1 0.39 502.4 330.9 511.2 332.8 506.9 352.9 498.2 351.0
1 0.42 332.8 174.1 343.3 176.1 338.5 200.8 328.0 198.7
1 0.42 548.1 172.8 558.0 174.8 553.4 198.5 543.5 196.6
1 0.44 299.2 24.1 308.9 26.0 304.3 49.1 294.7 47.2
1 0.44 526.0 86.0 535.5 87.9 530.8 111.9 521.3 110.1
1 0.45 478.7 469.0 487.9 471.1 482.3 495.4 473.1 493.3
1 0.46 544.8 363.8 553.7 366.2 547.7 388.4 538.9 386.1
1 0.47 530.0 403.7 538.5 405.4 534.1 428.0 525.6 426.3
1 0.49 504.8 216.5 514.7 218.4 509.7 243.9 499.9 242.0
1 0.55 489.5 403.6 498.3 405.3 493.9 428.4 485.0 426.7
