1 0.26 354.9 74.2 345.5 75.1 343.3 50.3 352.7 49.5
1 0.27 332.1 504.0 322.4 505.1 320.3 484.8 330.0 483.8
1 0.36 307.6 359.2 297.3 359.9 295.7 336.9 306.0 336.2
1 0.36 336.9 122.8 327.6 123.6 325.3 98.3 334.7 97.5
1 0.38 367.4 456.3 357.1 456.8 355.8 431.8 366.1 431.3
1 0.41 344.7 355.8 335.7 356.5 333.7 333.0 342.6 332.2
1 0.43 297.4 131.6 287.8 132.4 285.6 107.4 295.2 106.6
1 0.47 325.0 336.0 315.2 336.5 313.9 311.2 323.6 310.7
1 0.48 312.5 482.7 303.7 483.4 301.7 460.6 310.5 459.8
1 0.48 572.9 158.2 562.6 158.9 560.8 133.9 571.2 133.1
1 0.5 540.7 324.8 528.6 325.5 527.0 295.9 539.1 295.3
1 0.52 347.4 295.1 337.6 295.9 335.5 271.6 345.3 270.8
1 0.53 531.8 28.2 521.6 28.8 520.3 3.2 530.5 2.6
1 0.53 552.5 467.8 541.7 468.4 540.5 443.8 551.3 443.3
1 0.57 578.1 300.1 568.1 300.6 566.8 275.7 576.8 275.1
