1 0.25 387.8 210.2 397.3 212.1 392.9 234.9 383.3 233.0
1 0.31 530.2 483.2 539.9 485.3 535.6 505.7 525.9 503.7
1 0.36 335.7 419.4 343.7 421.0 339.2 443.7 331.3 442.2
1 0.37 388.4 107.3 398.2 108.9 394.0 135.2 384.2 133.7
1 0.4 305.8 451.3 315.2 452.1 313.3 474.8 303.8 473.9
1 0.42 310.3 371.9 320.2 373.8 315.4 398.4 305.5 396.4
1 0.45 349.1 199.7 358.0 201.4 353.6 223.8 344.7 222.1
1 0.5 575.6 349.9 584.6 351.6 579.9 375.5 571.0 373.8
1 0.5 610.9 159.0 621.2 161.1 616.5 185.3 606.2 183.3
1 0.52 596.1 92.6 606.2 95.0 600.2 121.1 590.0 118.8
1 0.55 555.0 274.5 564.7 276.4 559.9 301.4 550.1 299.5
