1 0.31 281.7 157.1 291.8 157.9 289.9 179.7 279.8 178.9
1 0.33 483.2 33.5 494.2 34.4 491.9 61.8 480.8 60.8
1 0.35 505.1 488.2 515.2 488.9 513.6 511.6 503.5 510.9
1 0.35 205.5 95.9 214.7 96.5 213.0 120.7 203.8 120.1
1 0.39 267.5 80.6 258.1 81.1 256.9 58.5 266.3 58.0
1 0.45 252.7 223.1 242.0 223.7 240.8 199.6 251.5 199.1
1 0.45 262.4 225.5 272.5 226.3 270.7 252.0 260.6 251.2
1 0.47 243.9 369.4 253.4 370.0 251.8 393.7 242.3 393.1
1 0.5 481.9 155.5 492.4 156.2 490.6 181.7 480.1 181.0
1 0.52 496.3 304.1 506.3 304.9 504.1 330.5 494.0 329.6
1 0.54 520.8 171.3 531.1 172.0 529.4 195.6 519.2 194.9
1 0.56 501.8 170.5 512.3 171.4 510.2 195.6 499.7 194.7
