1 0.37 233.5 454.9 242.9 455.8 241.0 477.6 231.6 476.8
1 0.37 259.0 278.1 268.4 278.7 266.7 303.4 257.2 302.7
1 0.41 242.3 241.1 251.3 241.7 249.7 265.0 240.6 264.3
1 0.42 532.7 367.4 543.1 368.1 541.4 393.0 531.0 392.3
1 0.49 519.4 260.3 529.3 261.0 527.6 284.7 517.8 284.0
1 0.5 256.5 28.3 266.5 28.6 265.6 54.7 255.6 54.3
1 0.52 502.6 192.6 513.8 193.6 511.6 219.1 500.4 218.2
1 0.56 481.2 214.7 492.2 215.5 490.3 241.8 479.3 241.1
1 0.56 496.4 326.8 507.0 327.6 505.2 353.8 494.6 353.1
1 0.56 477.4 93.4 488.4 94.3 485.9 122.3 475.0 121.3
