1 0.27 192.1 22.1 182.4 24.2 177.5 0.9 187.1 -1.1
1 0.3 159.3 43.6 149.8 45.7 144.4 22.2 153.8 20.1
1 0.38 232.5 394.3 223.2 396.7 217.1 371.9 226.4 369.6
1 0.4 248.5 101.5 238.3 103.7 233.0 78.6 243.2 76.4
1 0.43 20.1 360.5 10.8 362.8 4.7 338.2 14.0 335.8
1 0.46 295.5 416.0 285.1 418.6 278.9 393.6 289.3 391.0
1 0.48 262.4 442.2 252.2 444.7 245.8 418.9 255.9 416.4
1 0.49 245.1 277.6 234.7 280.2 228.2 254.2 238.6 251.6
1 0.52 281.3 264.8 270.5 267.5 263.8 240.8 274.6 238.1
1 0.52 210.0 199.3 200.3 201.7 194.0 176.6 203.7 174.2
1 0.53 250.0 206.0 239.2 208.7 232.3 181.1 243.1 178.4
