1 0.27 229.6 342.4 235.0 349.5 215.1 364.5 209.7 357.4
1 0.49 479.5 178.6 484.7 186.0 465.4 199.5 460.2 192.1
1 0.5 619.4 317.8 624.5 324.6 607.0 337.8 601.9 331.0
1 0.27 514.8 415.4 519.1 422.2 500.5 433.8 496.3 427.0
1 0.32 633.7 361.6 638.3 369.2 619.4 380.5 614.8 372.9
1 0.33 502.4 114.6 507.4 122.0 487.2 135.7 482.2 128.3
1 0.35 233.1 186.3 225.2 195.4 204.1 177.0 212.0 167.9
1 0.36 615.6 106.8 621.1 114.9 600.8 128.6 595.3 120.5
1 0.38 610.3 88.1 616.0 95.6 598.6 108.7 592.9 101.2
1 0.39 512.1 132.0 517.5 139.7 497.4 153.7 492.0 146.0
1 0.4 96.7 456.2 102.1 464.6 82.9 477.0 77.5 468.7
1 0.41 380.7 242.8 385.6 250.0 366.7 262.8 361.8 255.5
1 0.42 395.0 475.6 399.5 482.7 379.7 495.1 375.2 488.0
1 0.42 455.8 12.2 451.5 23.8 426.8 14.8 431.1 3.2
1 0.43 22.9 465.2 28.0 473.7 8.3 485.5 3.2 477.0
1 0.44 111.7 377.8 116.4 385.0 96.9 397.7 92.2 390.5
1 0.46 485.8 457.1 490.8 464.5 470.4 478.3 465.4 470.8
1 0.57 220.1 303.9 225.7 312.0 205.2 326.4 199.5 318.3
