1 0.26 528.0 177.3 530.6 186.8 507.9 192.9 505.3 183.3
1 0.39 598.8 328.9 601.1 337.5 578.8 343.5 576.5 334.9
1 0.43 354.7 431.0 357.1 440.7 333.3 446.7 330.8 437.0
1 0.31 80.0 486.2 82.2 497.7 56.5 502.7 54.2 491.2
1 0.32 159.0 498.2 160.6 509.9 133.3 513.7 131.7 502.1
1 0.32 113.4 300.6 116.1 310.8 94.0 316.8 91.2 306.5
1 0.35 592.0 138.7 594.4 146.4 571.5 153.4 569.1 145.7
1 0.37 187.7 254.6 190.5 265.0 166.5 271.4 163.7 261.0
1 0.37 389.1 387.5 391.2 396.6 369.6 401.6 367.5 392.5
1 0.44 548.1 373.3 550.7 381.8 527.7 388.9 525.1 380.3
1 0.53 343.0 414.6 345.5 423.9 321.8 430.2 319.3 420.9
1 0.54 466.0 134.6 468.5 144.0 443.3 150.8 440.8 141.3
1 0.45 103.7 283.2 106.5 293.5 82.1 300.0 79.3 289.7
1 0.47 223.1 462.7 225.6 471.9 201.9 478.2 199.5 469.0
1 0.47 101.1 263.6 104.0 274.4 79.4 281.0 76.5 270.2
1 0.48 343.2 172.1 346.0 181.3 321.9 188.7 319.1 179.5
1 0.48 566.1 388.2 568.7 396.7 546.1 403.6 543.5 395.1
1 0.49 326.6 455.8 329.3 465.5 305.4 471.9 302.8 462.2
1 0.62 588.6 20.5 578.5 27.3 563.8 5.4 573.8 -1.4
