1 0.26 153.3 296.4 164.4 300.0 157.7 320.7 146.6 317.1
1 0.4 145.5 176.0 153.9 181.7 141.4 200.3 132.9 194.6
1 0.41 200.5 131.4 207.0 139.6 186.2 156.5 179.6 148.4
1 0.28 239.1 106.1 243.3 115.4 225.0 123.5 220.8 114.2
1 0.28 243.3 177.5 250.4 187.1 230.0 202.5 222.8 193.0
1 0.32 272.4 158.9 278.5 169.5 255.8 182.6 249.7 172.0
1 0.32 257.7 439.8 259.4 451.7 230.8 455.7 229.1 443.8
1 0.34 143.4 323.6 153.4 325.6 148.5 350.6 138.6 348.6
1 0.36 443.4 83.0 453.8 83.9 451.5 109.8 441.1 108.8
1 0.38 602.5 238.8 611.8 240.0 609.0 262.9 599.7 261.7
1 0.39 557.8 104.2 556.1 114.9 531.2 111.0 532.9 100.3
1 0.39 581.5 422.8 591.1 424.6 586.5 448.1 576.9 446.2
1 0.41 532.1 97.3 531.1 109.2 503.3 106.8 504.3 94.9
1 0.53 204.6 157.9 210.6 166.0 191.6 180.3 185.5 172.2
1 0.56 319.1 84.1 320.6 95.2 293.8 99.0 292.2 87.9
1 0.42 400.8 -2.1 410.1 -0.3 405.0 26.0 395.7 24.1
1 0.43 223.2 192.4 230.7 201.8 211.9 217.0 204.3 207.7
1 0.46 408.1 252.4 418.9 254.1 414.5 281.4 403.8 279.7
1 0.46 622.4 220.1 631.4 221.2 628.6 244.0 619.6 242.9
1 0.47 91.8 321.3 80.9 321.8 79.6 296.2 90.4 295.7
1 0.47 130.7 202.3 139.1 208.4 125.8 226.7 117.4 220.6
1 0.48 385.6 451.7 395.3 452.6 393.2 476.6 383.5 475.8
1 0.51 408.3 160.7 418.4 162.1 415.0 185.8 404.9 184.4
1 0.52 386.0 172.5 395.9 173.8 392.6 197.8 382.7 196.4
1 0.58 173.4 153.3 181.0 162.0 161.2 179.2 153.6 170.5
