1 0.29 413.8 387.9 425.7 389.8 421.2 417.8 409.4 415.9
1 0.45 619.8 101.1 618.1 114.2 586.0 110.2 587.6 97.1
1 0.48 246.6 108.9 251.4 119.7 226.9 130.6 222.1 119.8
1 0.32 56.0 383.7 42.2 384.7 40.1 353.9 53.8 353.0
1 0.33 651.3 106.5 649.3 120.4 619.9 116.3 621.8 102.3
1 0.34 237.6 400.1 252.0 401.4 249.0 435.9 234.6 434.6
1 0.36 457.4 239.9 469.2 241.8 465.1 268.0 453.2 266.1
1 0.37 380.7 77.8 381.4 90.8 352.0 92.3 351.4 79.3
1 0.41 440.9 369.1 451.7 370.8 447.5 397.1 436.7 395.4
1 0.43 451.2 96.8 463.2 98.5 459.1 127.5 447.1 125.8
1 0.44 33.8 425.4 46.8 427.2 42.6 457.0 29.7 455.2
1 0.44 311.5 87.3 314.6 98.9 285.1 106.8 282.0 95.2
1 0.49 137.3 352.6 149.4 357.2 139.3 383.6 127.1 378.9
1 0.63 195.2 141.8 203.4 152.2 177.3 172.6 169.2 162.2
1 0.65 225.1 221.3 233.7 231.9 210.7 250.6 202.1 240.0
1 0.51 122.9 388.5 136.1 391.3 129.2 423.7 116.0 420.9
1 0.51 427.1 85.7 440.0 87.8 435.1 118.5 422.2 116.5
1 0.52 252.3 201.6 259.4 213.5 233.7 228.9 226.6 217.0
1 0.52 124.7 199.9 134.6 207.1 118.9 228.7 109.0 221.5
1 0.52 288.6 178.3 295.0 190.8 266.3 205.4 260.0 192.9
1 0.54 105.8 233.6 115.6 240.7 99.4 262.9 89.7 255.8
1 0.55 493.8 113.5 507.2 114.7 504.5 145.0 491.1 143.8
1 0.57 160.2 169.5 169.8 179.5 145.6 202.9 135.9 192.9
1 0.58 430.9 227.7 442.9 229.4 438.6 259.5 426.7 257.9
1 0.65 348.3 81.8 349.7 95.1 316.8 98.6 315.4 85.2
