1 0.27 417.5 425.9 430.6 427.7 426.6 456.2 413.5 454.4
1 0.51 110.3 198.3 120.9 206.1 104.0 229.4 93.3 221.6
1 0.51 493.3 34.4 508.2 36.5 503.2 72.3 488.3 70.2
1 0.38 388.1 65.7 388.8 79.5 356.8 81.2 356.1 67.4
1 0.43 232.4 414.8 247.3 415.5 245.4 452.0 230.5 451.2
1 0.45 467.7 240.6 480.3 242.6 475.4 273.4 462.8 271.4
1 0.47 311.5 75.3 315.3 87.6 284.8 96.9 281.0 84.7
1 0.48 497.3 240.3 509.4 242.0 505.4 270.8 493.3 269.1
1 0.48 242.0 99.3 247.1 110.8 221.5 122.2 216.4 110.7
1 0.49 535.5 151.3 548.6 153.1 544.2 184.7 531.0 182.9
1 0.49 123.5 361.7 137.7 366.3 127.9 396.7 113.7 392.1
1 0.5 109.9 401.3 124.0 404.8 115.1 440.4 101.0 436.9
1 0.5 647.1 89.4 645.5 104.8 607.7 100.8 609.3 85.4
1 0.52 37.4 396.6 22.4 397.9 19.3 363.3 34.4 362.0
1 0.59 149.6 164.0 160.1 175.6 132.8 200.2 122.3 188.6
1 0.63 351.1 69.0 352.9 83.7 319.0 87.9 317.2 73.1
1 0.53 465.3 458.8 478.4 460.9 473.5 492.1 460.3 490.0
1 0.55 403.8 355.3 418.4 357.4 413.6 391.0 399.1 389.0
1 0.55 287.8 173.9 295.2 187.4 264.6 204.3 257.1 190.9
1 0.55 248.4 200.0 255.9 212.5 228.5 229.0 221.0 216.4
1 0.55 186.8 133.8 196.0 144.8 168.4 167.9 159.2 157.0
1 0.57 14.3 441.6 27.6 443.7 22.6 475.2 9.3 473.1
1 0.58 429.3 138.5 443.6 140.5 438.9 174.0 424.6 172.0
1 0.58 90.5 234.7 100.6 242.3 83.3 265.2 73.2 257.6
1 0.58 444.7 204.1 458.5 206.0 453.9 238.6 440.1 236.7
1 0.59 463.4 73.0 477.1 74.9 472.4 107.9 458.7 106.0
1 0.64 219.0 220.8 228.2 232.1 203.8 251.9 194.6 240.6
