1 0.26 472.6 48.5 483.3 49.6 480.6 74.9 470.0 73.8
1 0.46 255.6 202.8 262.3 213.9 238.1 228.4 231.5 217.4
1 0.46 289.8 180.5 296.4 192.0 270.0 207.3 263.4 195.8
1 0.29 241.7 391.8 255.1 392.9 252.3 425.4 238.9 424.3
1 0.29 377.7 84.7 378.4 97.2 350.0 98.7 349.3 86.1
1 0.33 279.8 100.2 285.2 110.9 258.3 124.6 252.9 113.9
1 0.35 491.6 283.6 503.7 285.6 499.4 312.9 487.3 311.0
1 0.35 457.0 193.7 466.8 195.2 462.9 219.5 453.2 217.9
1 0.4 47.8 414.4 60.1 416.4 55.5 445.4 43.2 443.4
1 0.4 311.5 93.8 314.5 104.8 287.6 112.0 284.6 101.0
1 0.41 134.2 200.9 143.6 207.7 128.4 228.6 119.1 221.8
1 0.42 145.3 347.5 157.3 352.1 147.8 377.0 135.7 372.3
1 0.49 201.8 144.6 209.7 154.4 184.6 174.7 176.7 164.9
1 0.6 638.6 113.9 636.5 126.6 606.8 121.8 608.8 109.1
1 0.61 169.1 171.5 178.3 181.7 153.8 203.7 144.7 193.5
1 0.49 250.6 114.0 255.4 124.7 231.5 135.3 226.8 124.7
1 0.51 448.7 38.0 460.0 39.6 455.9 68.3 444.7 66.7
1 0.51 133.0 380.5 145.2 383.3 137.9 414.7 125.8 411.9
1 0.54 68.5 376.1 55.7 377.0 53.5 346.6 66.4 345.7
1 0.54 605.5 106.1 603.9 119.2 573.3 115.4 574.9 102.3
1 0.55 433.8 185.7 445.4 186.7 443.0 214.5 431.4 213.5
1 0.55 399.8 453.6 411.3 455.8 405.8 484.0 394.4 481.7
1 0.58 229.9 220.7 238.3 231.1 216.1 249.1 207.6 238.7
1 0.6 116.7 232.3 126.0 239.1 110.5 260.5 101.2 253.7
1 0.66 347.1 87.7 348.9 100.7 317.3 105.1 315.4 92.1
