1 0.28 257.2 121.0 267.7 139.1 212.4 171.0 201.9 153.0
1 0.51 500.3 238.3 518.4 241.2 510.9 288.3 492.8 285.4
1 0.52 523.7 113.1 543.1 115.5 536.7 167.1 517.4 164.7
1 0.33 27.4 479.6 47.0 484.9 38.6 516.4 19.0 511.1
1 0.34 259.0 27.6 267.6 44.4 224.5 66.3 215.9 49.6
1 0.37 44.7 429.5 62.5 435.3 50.3 472.7 32.6 466.9
1 0.41 597.7 378.9 618.9 381.8 612.2 429.8 590.9 426.8
1 0.49 418.5 0.5 420.2 19.7 375.0 23.6 373.4 4.5
1 0.49 565.7 321.0 585.5 324.1 577.5 374.8 557.7 371.6
1 0.5 527.7 350.1 547.4 352.8 540.9 399.2 521.2 396.4
1 0.5 223.2 192.5 233.9 209.6 194.1 234.4 183.4 217.3
1 0.53 254.5 87.0 260.8 103.6 222.6 118.2 216.3 101.7
1 0.56 276.4 158.3 286.4 176.4 245.2 199.3 235.1 181.2
1 0.59 368.0 7.0 370.5 27.2 322.7 33.1 320.2 12.9
1 0.53 312.2 15.2 317.3 33.0 273.1 45.7 268.0 27.9
1 0.53 210.3 51.0 217.6 67.4 182.9 82.8 175.6 66.4
1 0.53 79.6 142.7 94.6 158.3 56.9 194.8 41.8 179.2
1 0.55 563.4 52.3 584.3 55.3 577.4 104.4 556.5 101.5
1 0.55 24.5 192.3 39.6 203.3 15.1 237.2 -0.1 226.2
1 0.55 132.5 100.0 145.9 116.0 106.8 148.9 93.4 132.9
1 0.55 602.9 54.4 622.0 57.1 615.7 102.2 596.5 99.5
1 0.56 118.8 153.3 131.5 166.0 100.4 197.1 87.7 184.4
1 0.61 179.8 223.5 192.7 238.9 158.7 267.4 145.8 252.1
