1 0.55 791.9 -7.5 798.9 6.3 769.6 21.2 762.6 7.4
1 0.65 1156.2 565.4 1142.8 571.9 1127.7 541.1 1141.2 534.5
1 0.63 1097.4 443.0 1083.7 450.6 1066.2 419.1 1079.9 411.5
1 0.57 997.8 241.2 984.8 247.3 971.7 219.3 984.8 213.2
1 0.57 1075.1 516.3 1063.3 521.8 1050.0 493.2 1061.8 487.7
1 0.54 988.5 293.6 975.0 299.9 960.6 269.1 974.1 262.8
1 0.49 1017.7 294.2 1034.5 297.7 1026.0 337.4 1009.3 333.9
1 0.49 1017.7 279.6 1004.6 286.0 990.1 256.3 1003.2 249.9
1 0.29 980.9 198.6 966.8 207.0 948.2 176.1 962.3 167.6
1 0.46 830.0 261.9 816.2 268.3 801.8 237.4 815.5 231.0
1 0.63 1074.6 462.1 1060.5 468.7 1045.9 437.3 1059.9 430.8
1 0.62 848.2 129.8 852.9 142.7 822.4 153.8 817.7 140.9
1 0.57 847.0 246.4 832.2 253.3 816.8 220.2 831.6 213.3
1 0.69 98.0 126.4 104.6 139.2 76.5 153.5 70.0 140.7
1 0.69 48.5 18.1 54.1 30.8 27.4 42.7 21.7 30.0
1 0.68 83.6 96.7 89.5 109.9 59.6 123.3 53.7 110.1
1 0.65 106.0 142.0 112.9 155.4 82.6 170.9 75.7 157.4
1 0.58 131.1 195.3 138.0 209.5 105.7 225.3 98.8 211.1
1 0.57 141.2 238.4 148.0 251.6 120.6 265.6 113.9 252.3
1 0.56 67.7 58.8 74.6 72.3 45.5 87.1 38.6 73.6
1 0.54 61.1 40.9 67.7 54.5 36.9 69.5 30.3 56.0
1 0.52 113.3 159.8 120.4 172.1 95.3 186.6 88.2 174.3
1 0.49 89.1 112.7 94.8 125.0 67.4 137.7 61.7 125.5
1 0.39 43.0 0.2 49.2 12.5 23.9 25.4 17.7 13.1
1 0.27 1877.2 37.1 1862.4 43.9 1848.0 12.9 1862.7 6.0
1 0.25 84.5 758.5 76.9 769.7 49.6 751.3 57.2 740.1
