1 0.36 1089.8 448.3 1103.0 448.6 1102.4 482.8 1089.2 482.6
1 0.6 1012.8 772.3 1025.1 774.0 1021.0 803.2 1008.7 801.5
1 0.58 1024.9 354.9 1022.3 368.3 990.5 362.1 993.1 348.7
1 0.55 1064.9 716.3 1079.9 717.6 1076.9 751.8 1061.9 750.5
1 0.52 1087.9 583.5 1100.2 595.4 1071.5 625.1 1059.2 613.2
1 0.5 1054.6 851.0 1069.5 852.3 1066.6 885.7 1051.7 884.4
1 0.46 1050.7 534.2 1064.0 535.2 1061.8 567.1 1048.5 566.1
1 0.44 1083.2 538.6 1096.4 539.7 1093.7 570.4 1080.5 569.3
1 0.64 1037.9 720.4 1053.0 722.5 1048.1 757.5 1033.0 755.4
1 0.61 1084.5 494.1 1099.0 495.4 1096.2 527.7 1081.6 526.4
1 0.39 931.7 426.1 945.1 428.7 938.9 460.3 925.5 457.7
1 0.63 1017.0 19.6 1017.7 33.8 984.3 35.6 983.6 21.4
1 0.62 1045.8 207.8 1045.3 222.6 1012.5 221.5 1013.0 206.6
1 0.58 950.9 417.5 966.6 418.9 963.5 454.5 947.8 453.2
1 0.41 376.2 0.8 375.5 14.4 346.2 12.9 346.9 -0.7
1 0.6 359.7 83.3 359.5 98.6 326.4 98.0 326.7 82.7
1 0.55 369.7 39.5 368.9 54.7 334.3 52.9 335.1 37.7
1 0.37 48.5 502.7 35.3 510.0 19.1 480.7 32.2 473.4
1 0.27 1033.0 615.5 1029.6 628.9 1001.0 621.8 1004.4 608.4
