1 0.52 998.1 429.4 983.8 433.0 975.9 401.2 990.2 397.7
1 0.36 732.7 82.4 735.1 97.2 702.1 102.4 699.8 87.6
1 0.65 1420.2 71.3 1421.3 84.1 1391.5 86.7 1390.3 73.9
1 0.59 322.8 573.5 323.9 588.9 288.9 591.4 287.8 576.0
1 0.59 325.9 456.3 326.6 470.9 293.3 472.7 292.5 458.0
1 0.58 401.5 567.8 404.2 582.0 369.6 588.7 366.9 574.5
1 0.54 444.6 568.7 446.4 581.8 412.8 586.5 411.0 573.4
1 0.51 376.4 445.0 380.2 458.9 346.9 467.8 343.2 453.9
1 0.44 311.3 197.4 311.3 212.3 276.7 212.3 276.7 197.4
1 0.39 345.2 591.3 346.8 606.6 301.8 611.3 300.2 596.0
1 0.37 263.9 648.2 246.3 649.7 243.1 612.9 260.7 611.4
1 0.36 419.9 209.0 420.4 223.4 383.2 224.7 382.7 210.3
1 0.34 442.8 443.8 444.4 459.5 409.3 463.2 407.7 447.4
1 0.29 393.1 297.3 394.1 307.7 368.6 309.9 367.7 299.5
1 0.63 203.7 380.9 218.5 382.2 215.8 412.6 201.0 411.3
1 0.38 243.3 639.8 229.5 640.6 228.1 613.2 241.9 612.5
1 0.4 164.9 682.7 146.9 683.6 145.1 648.8 163.0 647.9
1 0.47 214.6 505.4 199.9 507.0 196.6 476.1 211.4 474.6
1 0.38 208.9 609.0 225.0 609.9 223.1 644.8 207.0 644.0
1 0.52 196.0 427.7 214.4 429.3 211.0 467.5 192.7 465.9
1 0.53 194.7 231.0 194.7 245.3 159.3 245.3 159.3 231.0
1 0.58 208.5 340.2 224.5 341.6 221.6 375.0 205.5 373.6
1 0.56 1906.7 532.6 1891.9 538.3 1879.4 505.8 1894.3 500.1
1 0.31 1848.5 277.5 1834.6 282.3 1823.9 251.1 1837.8 246.3
1 0.61 1757.2 313.4 1745.5 318.5 1733.3 291.0 1744.9 285.8
1 0.58 1777.0 100.9 1763.9 105.2 1755.2 78.6 1768.3 74.3
1 0.56 1815.3 280.8 1801.5 285.5 1791.3 256.0 1805.1 251.3
1 0.56 1833.8 157.7 1821.2 163.6 1809.9 139.3 1822.5 133.5
1 0.35 1755.5 115.8 1734.7 124.7 1712.5 72.4 1733.3 63.5
1 0.3 1778.3 201.1 1764.1 206.8 1751.8 176.4 1766.0 170.7
1 0.25 204.5 647.6 191.2 648.5 189.2 619.3 202.4 618.3
