1 0.47 1129.7 593.8 1143.4 607.9 1107.6 642.4 1094.0 628.3
1 0.54 1127.0 480.9 1144.7 483.4 1139.1 523.3 1121.4 520.8
1 0.58 1052.8 308.6 1049.6 325.5 1011.6 318.1 1014.8 301.2
1 0.57 1067.8 759.9 1085.3 762.7 1078.5 805.5 1061.0 802.7
1 0.57 936.2 394.8 953.2 397.5 946.7 438.1 929.8 435.4
1 0.52 962.6 385.6 982.1 388.3 976.0 432.1 956.5 429.4
1 0.49 1082.7 530.5 1099.8 532.0 1096.4 571.2 1079.3 569.7
1 0.27 831.6 428.0 820.2 428.8 818.6 405.1 829.9 404.4
1 0.63 1079.5 126.2 1078.9 143.7 1039.3 142.3 1039.9 124.8
1 0.53 1166.3 502.7 1184.1 504.3 1180.3 547.2 1162.5 545.6
1 0.52 1122.5 535.6 1139.3 537.1 1136.1 572.7 1119.4 571.2
1 0.44 1132.5 423.5 1149.3 424.4 1147.1 467.1 1130.3 466.2
1 0.65 1141.4 773.7 1159.4 775.2 1155.9 816.1 1137.8 814.5
1 0.61 1100.6 755.2 1118.6 756.8 1114.8 800.1 1096.9 798.6
1 0.59 1034.0 825.0 1049.2 826.4 1046.2 861.2 1030.9 859.9
1 0.58 1085.9 922.3 1104.0 923.9 1100.4 964.9 1082.3 963.3
