1 0.3 765.4 386.9 776.8 389.2 771.6 416.2 760.2 414.0
1 0.62 1077.7 777.1 1097.0 780.1 1089.7 826.2 1070.4 823.1
1 0.59 963.2 372.6 984.5 374.8 979.5 422.7 958.1 420.4
1 0.54 1061.1 289.6 1057.5 307.9 1016.5 299.9 1020.1 281.6
1 0.48 1094.1 528.9 1112.6 530.5 1108.8 573.6 1090.4 571.9
1 0.34 1041.4 846.0 1058.6 847.5 1055.3 885.6 1038.1 884.1
1 0.31 824.0 419.4 811.8 420.0 810.4 393.7 822.6 393.0
1 0.65 1097.6 950.1 1116.9 951.8 1113.0 996.3 1093.7 994.6
1 0.63 1090.0 93.8 1089.4 112.5 1047.4 111.1 1048.0 92.3
1 0.58 1141.9 475.9 1161.0 478.6 1155.0 521.9 1135.8 519.2
1 0.5 1137.3 535.1 1155.2 536.7 1151.9 574.8 1134.0 573.3
1 0.59 936.1 382.5 954.1 385.0 948.0 428.5 930.0 425.9
1 0.42 1165.9 459.7 1148.4 460.7 1146.0 415.0 1163.5 414.0
1 0.49 1144.9 596.4 1159.9 611.9 1121.1 649.3 1106.1 633.9
1 0.58 1113.8 771.1 1132.3 772.7 1128.3 818.9 1109.8 817.3
1 0.56 1154.6 798.5 1174.5 800.3 1170.5 845.2 1150.7 843.5
