1 0.46 926.4 333.5 908.4 335.7 904.3 301.9 922.3 299.7
1 0.62 1780.9 24.2 1768.4 29.3 1757.9 3.3 1770.4 -1.7
1 0.48 878.4 349.0 862.4 350.4 859.2 313.5 875.2 312.1
1 0.46 731.6 684.5 733.6 700.2 695.1 704.9 693.2 689.2
1 0.65 1910.2 383.4 1896.7 388.8 1884.9 359.5 1898.3 354.1
1 0.64 1761.9 291.4 1746.7 296.3 1736.5 264.8 1751.7 259.8
1 0.64 1774.7 259.6 1759.4 264.5 1749.2 233.1 1764.4 228.1
1 0.63 1904.3 429.1 1888.8 434.4 1878.1 403.5 1893.6 398.2
1 0.62 1677.8 44.2 1665.6 47.5 1658.1 19.3 1670.3 16.0
1 0.57 1832.4 507.6 1816.4 512.5 1806.2 479.0 1822.2 474.1
1 0.33 1180.9 548.8 1179.8 564.7 1141.8 562.0 1142.9 546.1
1 0.57 1852.8 497.9 1837.1 503.0 1825.9 468.6 1841.6 463.5
1 0.54 1708.9 263.1 1691.9 268.3 1681.7 235.0 1698.7 229.8
1 0.51 1895.0 481.7 1882.9 485.7 1873.8 457.7 1885.9 453.7
1 0.49 1715.1 214.0 1699.9 217.8 1692.2 186.9 1707.4 183.1
1 0.41 1793.8 177.4 1782.1 182.1 1771.4 155.6 1783.1 150.9
1 0.38 1857.3 219.9 1845.9 227.0 1832.3 205.3 1843.7 198.1
1 0.54 1816.6 847.4 1805.8 857.1 1781.1 829.7 1791.9 819.9
1 0.52 743.4 781.1 744.0 796.6 708.3 797.8 707.8 782.3
1 0.34 365.6 833.7 366.1 849.5 323.7 851.0 323.2 835.2
1 0.48 898.6 142.8 883.5 145.2 878.2 111.5 893.2 109.1
1 0.55 352.7 796.2 353.3 811.3 315.2 812.6 314.7 797.5
1 0.62 1925.4 824.7 1907.1 831.0 1893.6 791.9 1912.0 785.5
1 0.58 108.4 814.5 108.4 829.8 69.7 829.8 69.7 814.5
1 0.54 109.6 846.9 110.2 862.4 69.9 863.8 69.3 848.3
1 0.56 118.7 995.5 137.6 997.2 133.9 1039.4 115.0 1037.7
1 0.5 113.2 1046.4 131.0 1049.9 123.5 1088.2 105.7 1084.8
1 0.46 195.1 1075.9 178.4 1076.8 176.6 1042.5 193.3 1041.6
