1 0.34 1853.4 709.8 1870.5 710.7 1868.7 743.7 1851.6 742.8
1 0.58 835.7 623.7 851.6 624.5 849.7 661.7 833.8 660.9
1 0.46 607.3 586.2 607.1 599.6 575.6 599.0 575.9 585.7
1 0.52 610.2 689.3 609.0 703.1 576.6 700.3 577.8 686.5
1 0.53 766.0 753.5 750.8 754.3 749.1 720.6 764.2 719.8
1 0.54 864.5 455.5 879.9 456.0 878.6 491.8 863.2 491.2
1 0.56 836.0 580.8 850.5 581.4 849.3 615.7 834.8 615.2
1 0.57 605.5 727.3 605.5 740.6 576.1 740.6 576.1 727.3
1 0.61 605.4 604.9 605.2 618.0 575.2 617.5 575.4 604.4
1 0.62 791.5 753.2 774.0 754.7 770.7 717.3 788.2 715.7
1 0.61 873.3 548.2 860.0 548.9 858.3 516.9 871.7 516.3
1 0.63 610.9 628.5 610.2 642.4 577.5 640.6 578.2 626.8
1 0.63 611.0 671.2 609.9 684.5 578.3 681.7 579.5 668.4
1 0.64 850.2 699.1 834.9 699.9 833.1 666.4 848.4 665.5
1 0.64 607.2 707.8 606.9 723.7 570.6 723.1 570.9 707.1
1 0.57 1827.6 551.8 1842.7 553.1 1839.6 588.5 1824.5 587.2
1 0.64 1817.9 802.6 1834.2 804.0 1831.2 837.6 1814.9 836.2
1 0.34 1845.1 321.4 1863.6 322.4 1861.8 358.0 1843.2 357.0
1 0.53 1876.9 378.3 1892.6 379.6 1889.6 414.3 1873.9 413.0
1 0.56 1884.8 82.3 1901.9 83.8 1898.7 120.9 1881.6 119.4
1 0.59 1827.3 144.0 1843.6 145.4 1840.4 182.0 1824.1 180.6
1 0.59 1901.4 155.0 1918.8 156.5 1915.6 193.6 1898.2 192.1
1 0.59 1874.3 198.1 1891.9 199.6 1888.6 236.7 1871.0 235.2
1 0.62 1883.0 517.4 1900.7 518.9 1897.4 556.2 1879.8 554.7
1 0.7 611.5 648.7 611.5 662.7 580.3 662.7 580.3 648.7
1 0.53 855.9 72.0 871.8 72.8 869.7 111.7 853.9 110.9
1 0.58 370.9 235.5 381.8 247.7 353.8 272.9 342.8 260.7
1 0.44 1874.3 934.3 1892.8 935.3 1890.9 971.3 1872.5 970.3
1 0.33 321.3 186.3 324.3 201.9 289.9 208.6 286.9 193.0
1 0.49 244.1 211.2 229.1 212.0 227.3 178.1 242.3 177.3
