1 0.33 1840.7 576.9 1857.3 578.3 1854.3 611.9 1837.8 610.5
1 0.51 870.1 584.5 885.8 585.1 884.5 621.7 868.8 621.1
1 0.65 617.0 797.8 615.5 812.0 584.5 808.8 586.0 794.5
1 0.65 614.2 834.6 613.7 850.4 577.0 849.1 577.6 833.4
1 0.66 617.3 775.4 617.0 789.6 586.4 789.1 586.6 774.8
1 0.3 328.4 317.4 331.6 332.3 297.8 339.5 294.6 324.6
1 0.35 250.8 342.0 234.5 342.8 232.7 307.9 249.0 307.0
1 0.45 859.7 204.0 875.7 204.6 874.3 244.2 858.3 243.7
1 0.59 378.0 367.4 388.4 379.8 360.1 403.5 349.7 391.2
1 0.49 614.1 713.8 613.4 727.1 582.4 725.5 583.0 712.2
1 0.56 875.9 20.7 890.6 21.2 889.3 57.5 874.7 57.0
1 0.62 855.2 826.0 840.4 827.0 838.1 793.7 852.9 792.6
1 0.61 616.4 755.6 615.7 769.8 583.5 768.1 584.2 753.9
1 0.6 615.6 816.6 614.2 830.6 582.5 827.2 584.0 813.2
1 0.6 611.3 732.3 611.0 745.9 581.8 745.4 582.0 731.8
1 0.6 612.2 853.9 611.9 867.4 582.3 866.9 582.5 853.4
1 0.63 796.3 879.4 779.0 880.9 775.8 844.2 793.1 842.7
1 0.61 877.4 675.8 864.9 676.5 863.2 645.4 875.8 644.7
1 0.54 841.1 752.1 856.6 752.9 854.7 788.9 839.2 788.0
1 0.53 771.6 879.4 756.4 880.2 754.6 846.3 769.8 845.5
1 0.43 1869.9 630.5 1884.4 631.7 1881.5 665.3 1867.0 664.1
1 0.48 841.2 708.7 855.7 709.2 854.4 744.0 840.0 743.5
1 0.59 1819.1 800.4 1834.3 801.2 1832.4 836.2 1817.3 835.4
1 0.49 1818.2 460.0 1834.9 461.4 1831.7 497.2 1815.1 495.8
1 0.61 1874.7 765.3 1892.0 766.8 1888.7 803.8 1871.5 802.2
1 0.59 1867.4 460.6 1886.1 461.6 1884.2 497.8 1865.5 496.8
1 0.45 1897.9 897.0 1914.0 898.4 1911.0 933.0 1894.8 931.6
1 0.6 1861.0 106.6 1878.3 108.2 1875.0 145.6 1857.7 144.1
1 0.5 1881.4 342.8 1897.5 344.3 1894.4 380.4 1878.2 379.0
1 0.5 1898.1 414.1 1914.1 415.5 1911.0 451.2 1895.0 449.8
1 0.31 1893.0 0.1 1913.8 1.9 1910.3 41.5 1889.5 39.7
