1 0.62 1806.5 977.9 1823.3 978.4 1822.1 1012.4 1805.3 1011.8
1 0.53 593.9 338.6 593.9 352.4 563.6 352.4 563.6 338.6
1 0.6 595.8 193.6 595.1 206.8 563.8 205.2 564.5 192.0
1 0.59 594.6 212.5 594.4 226.9 563.1 226.3 563.3 212.0
1 0.59 828.4 234.3 843.5 235.6 840.6 269.4 825.5 268.1
1 0.58 599.1 300.5 598.4 314.8 564.5 313.0 565.3 298.7
1 0.58 828.0 188.6 842.3 189.1 841.1 222.8 826.8 222.3
1 0.55 599.5 257.7 599.5 272.2 567.8 272.2 567.8 257.7
1 0.54 757.3 365.7 741.7 367.1 738.7 331.9 754.2 330.6
1 0.62 1830.0 303.6 1847.2 305.1 1844.0 341.3 1826.8 339.8
1 0.62 1847.6 682.4 1864.7 683.9 1861.6 719.3 1844.5 717.8
1 0.49 1887.5 722.5 1903.9 723.9 1901.2 754.6 1884.9 753.2
1 0.45 1875.2 425.7 1892.6 427.3 1889.3 465.2 1871.9 463.7
1 0.65 782.1 365.4 764.1 367.0 760.8 329.0 778.8 327.4
1 0.63 842.3 309.3 826.6 310.1 824.8 275.8 840.5 275.0
1 0.51 823.3 750.2 837.9 750.7 836.7 784.5 822.1 783.9
1 0.66 599.3 279.3 599.0 293.2 566.7 292.6 566.9 278.7
1 0.64 595.0 317.9 595.0 333.5 558.8 333.5 558.8 317.9
1 0.64 599.7 236.6 598.9 251.1 566.4 249.3 567.1 234.9
1 0.6 857.2 58.9 872.5 59.4 871.2 96.2 855.9 95.7
1 0.61 866.3 154.5 851.6 155.3 849.8 121.0 864.5 120.3
1 0.59 1866.4 962.7 1887.2 964.6 1884.0 1001.3 1863.2 999.5
1 0.34 1839.4 -14.7 1857.4 -13.5 1854.6 26.4 1836.6 25.1
