1 0.28 1912.9 980.7 1899.1 981.4 1897.5 950.9 1911.3 950.2
1 0.63 385.6 496.8 396.4 508.7 368.9 533.4 358.2 521.4
1 0.29 1887.9 276.9 1906.6 277.9 1904.7 313.5 1886.0 312.5
1 0.56 618.9 859.7 618.7 872.4 588.3 871.9 588.5 859.2
1 0.52 243.9 437.3 258.6 437.8 257.4 471.7 242.7 471.2
1 0.47 621.5 840.1 621.2 853.7 589.0 853.2 589.2 839.5
1 0.45 335.6 446.8 339.5 461.5 305.0 470.7 301.0 456.1
1 0.68 624.8 902.2 624.5 916.2 593.9 915.6 594.2 901.7
1 0.65 621.6 959.5 621.0 975.0 585.0 973.8 585.5 958.2
1 0.64 801.7 1004.3 785.3 1005.1 783.5 969.8 799.9 969.0
1 0.63 623.2 941.6 622.5 956.0 589.2 954.2 590.0 939.8
1 0.62 861.4 951.8 846.9 953.1 844.0 919.9 858.5 918.6
1 0.54 1858.0 365.2 1874.9 366.7 1871.6 404.0 1854.7 402.5
1 0.59 624.0 924.0 622.5 938.1 591.6 934.9 593.1 920.8
1 0.57 777.8 1004.4 762.7 1005.2 760.9 971.5 776.0 970.7
1 0.54 624.1 880.6 623.4 895.2 590.8 893.5 591.5 878.9
1 0.52 846.8 878.3 862.1 879.1 860.2 915.1 844.9 914.3
1 0.5 846.7 835.7 861.5 836.2 860.3 870.7 845.5 870.2
1 0.48 620.6 979.4 620.4 992.7 590.2 992.1 590.4 978.8
1 0.53 1875.9 596.3 1892.2 597.7 1889.2 632.0 1872.9 630.6
1 0.59 1890.5 123.4 1907.4 124.9 1904.2 161.5 1887.3 160.0
1 0.31 1907.8 800.2 1924.7 801.7 1921.6 836.7 1904.7 835.2
1 0.25 885.1 802.3 870.9 803.1 869.3 772.4 883.5 771.6
1 0.63 890.4 748.4 875.2 749.2 873.4 713.9 888.6 713.1
1 0.53 866.1 335.9 882.0 336.7 879.9 375.7 864.1 374.9
1 0.58 881.6 155.4 896.0 155.9 894.8 191.0 880.4 190.5
1 0.62 1892.2 666.1 1908.0 667.5 1905.0 702.2 1889.2 700.8
1 0.53 1863.2 717.7 1880.9 719.3 1877.8 754.9 1860.1 753.3
1 0.3 1850.0 857.6 1832.5 858.5 1830.9 826.5 1848.4 825.6
1 0.48 1811.5 1044.0 1827.0 1044.5 1825.8 1080.7 1810.2 1080.1
1 0.65 1866.5 1008.8 1883.6 1010.3 1880.4 1046.0 1863.3 1044.6
1 0.42 1860.4 876.6 1875.5 877.9 1872.6 911.8 1857.5 910.5
