1 0.32 1911.3 257.0 1927.9 259.4 1922.8 295.8 1906.2 293.4
1 0.43 1851.4 354.6 1882.1 358.4 1871.6 443.8 1840.9 440.0
1 0.57 946.9 444.6 931.7 446.0 928.7 412.3 943.9 410.9
1 0.62 933.1 538.3 917.9 539.1 916.0 503.1 931.3 502.3
1 0.36 1136.8 264.7 1119.0 266.0 1116.3 226.6 1134.0 225.4
1 0.49 1009.0 695.6 1022.7 696.6 1020.4 728.3 1006.8 727.3
1 0.54 1021.0 829.7 1006.7 830.2 1005.5 795.6 1019.8 795.1
1 0.44 1043.2 178.0 1061.5 185.8 1047.3 219.3 1028.9 211.5
1 0.65 1102.5 178.8 1109.9 193.9 1076.6 210.2 1069.2 195.1
1 0.64 1890.5 425.3 1909.2 427.0 1905.8 466.1 1887.1 464.4
1 0.49 894.7 263.9 911.6 265.4 908.3 302.4 891.4 301.0
1 0.53 1905.5 132.7 1925.7 135.5 1919.6 178.6 1899.4 175.8
1 0.56 1875.6 102.5 1894.2 104.1 1890.7 143.9 1872.1 142.3
1 0.44 924.5 1088.7 912.1 1088.7 912.1 1057.5 924.5 1057.5
1 0.55 1845.2 882.4 1862.1 883.9 1859.1 918.0 1842.2 916.5
