1 0.34 1890.1 1006.6 1914.2 1008.3 1911.0 1054.2 1886.9 1052.6
1 0.42 1834.4 729.1 1860.2 730.9 1855.0 805.2 1829.2 803.4
1 0.57 1138.6 524.4 1121.4 525.3 1119.4 487.1 1136.6 486.2
1 0.58 937.9 794.2 923.1 794.9 921.3 759.6 936.1 758.8
1 0.59 899.4 525.9 915.9 527.3 912.7 563.4 896.2 561.9
1 0.65 1109.1 437.9 1116.8 452.4 1084.0 469.9 1076.3 455.3
1 0.49 1099.5 370.4 1115.0 380.5 1095.5 410.4 1080.0 400.3
1 0.51 1025.1 977.6 1011.9 977.6 1011.9 946.4 1025.1 946.4
1 0.51 1025.2 1077.5 1011.7 1078.2 1010.0 1044.8 1023.5 1044.1
1 0.37 1885.5 608.3 1904.0 608.7 1903.3 648.8 1884.8 648.5
1 0.48 1905.2 288.3 1923.8 290.0 1920.5 328.0 1901.9 326.4
1 0.53 1853.1 476.3 1871.4 479.9 1864.0 517.8 1845.8 514.3
1 0.46 949.6 701.5 935.8 702.3 934.1 670.4 948.0 669.7
1 0.48 1878.2 821.4 1894.7 822.8 1891.8 855.4 1875.3 853.9
1 0.6 1892.7 904.7 1908.7 906.1 1905.7 940.6 1889.6 939.2
1 0.63 1868.1 975.1 1886.0 976.6 1882.8 1013.9 1864.8 1012.4
