1 0.42 820.5 -12.7 836.5 -11.3 833.4 24.2 817.4 22.8
1 0.47 1116.3 950.6 1103.5 960.3 1081.3 930.9 1094.1 921.2
1 0.51 1039.2 147.9 1056.2 149.4 1052.7 190.0 1035.7 188.5
1 0.58 1007.4 479.1 991.3 479.7 990.0 442.7 1006.1 442.2
1 0.59 963.2 302.4 978.8 303.8 975.6 340.2 960.0 338.8
1 0.59 955.5 394.1 939.9 395.5 936.9 361.3 952.5 360.0
1 0.59 1008.8 332.9 991.9 334.1 989.2 296.1 1006.2 294.9
1 0.59 1010.2 83.6 994.3 84.5 992.5 50.7 1008.5 49.9
1 0.61 1889.7 792.0 1906.6 793.5 1903.5 828.9 1886.6 827.5
1 0.45 1005.4 146.6 1020.1 159.0 989.9 195.0 975.2 182.7
1 0.27 961.0 94.9 977.7 95.8 975.7 135.0 958.9 134.1
