1 0.33 1016.0 425.6 1025.1 438.6 995.4 459.4 986.3 446.4
1 0.57 1025.9 517.6 1014.7 528.9 986.1 500.3 997.3 489.1
1 0.61 1848.5 988.8 1864.8 993.4 1854.6 1029.0 1838.3 1024.3
1 0.64 1035.4 9.4 1031.6 24.9 997.8 16.5 1001.6 0.9
1 0.63 974.3 556.6 990.7 560.1 982.5 598.7 966.1 595.2
1 0.62 945.7 557.3 960.9 561.7 950.4 598.3 935.2 594.0
1 0.61 876.9 224.6 892.5 228.5 883.4 265.0 867.8 261.1
1 0.59 900.9 222.1 917.6 226.2 908.4 263.1 891.7 259.0
1 0.57 990.4 166.2 984.5 181.0 950.9 167.4 956.9 152.6
1 0.53 1029.8 325.0 1046.1 328.5 1038.9 362.8 1022.5 359.4
1 0.32 1022.5 367.8 1039.4 372.0 1030.2 408.6 1013.4 404.4
1 0.44 987.5 360.0 1005.1 363.4 998.0 400.1 980.3 396.6
1 0.42 909.0 607.8 923.8 611.5 915.2 645.8 900.5 642.2
1 0.63 941.6 697.7 957.6 701.1 949.8 737.8 933.7 734.4
1 0.64 1878.4 791.0 1895.2 795.9 1884.8 832.3 1868.0 827.4
