1 0.52 891.8 322.0 892.3 337.0 856.7 338.2 856.2 323.3
1 0.46 962.5 1049.8 978.2 1050.3 976.9 1087.2 961.2 1086.6
1 0.56 845.8 718.8 863.1 719.4 861.8 757.4 844.5 756.8
1 0.53 1010.5 823.8 994.1 824.6 992.3 790.2 1008.7 789.3
1 0.53 921.7 648.0 919.8 663.0 884.8 658.7 886.7 643.7
1 0.44 978.5 871.2 961.1 872.1 959.2 835.5 976.6 834.6
1 0.42 1011.0 1083.3 994.3 1084.4 991.4 1042.1 1008.0 1040.9
1 0.42 1006.3 886.0 1021.4 898.7 991.8 934.0 976.7 921.4
1 0.27 994.8 832.5 1014.1 833.2 1012.7 874.0 993.4 873.3
1 0.26 1014.9 775.3 997.4 776.9 994.0 737.6 1011.5 736.1
1 0.6 931.1 498.4 931.1 512.9 897.8 512.9 897.8 498.4
1 0.6 823.8 727.8 839.6 729.2 836.5 765.1 820.7 763.7
1 0.49 267.4 245.1 267.4 259.5 234.8 259.5 234.8 245.1
1 0.32 259.1 282.0 259.1 295.1 228.8 295.1 228.8 282.0
1 0.6 251.8 331.2 251.6 345.1 219.6 344.6 219.9 330.6
1 0.55 254.7 314.5 254.7 328.3 223.1 328.3 223.1 314.5
1 0.55 186.4 252.1 184.9 266.9 149.4 263.2 150.9 248.3
1 0.53 178.5 282.7 177.9 298.4 143.2 297.1 143.8 281.5
1 0.49 229.3 428.2 229.8 441.9 197.9 443.1 197.5 429.3
1 0.6 477.1 63.3 489.7 64.4 487.2 93.8 474.5 92.7
1 0.48 269.7 228.7 269.7 243.1 234.2 243.1 234.2 228.7
1 0.29 277.9 188.7 277.6 201.0 250.0 200.5 250.2 188.2
1 0.34 282.9 157.9 282.9 170.6 254.5 170.6 254.5 157.9
1 0.45 305.3 23.5 305.3 37.1 274.1 37.1 274.1 23.5
1 0.48 297.4 53.2 297.9 65.8 267.6 66.8 267.1 54.2
1 0.51 289.7 112.4 289.5 124.7 259.7 124.2 259.9 111.8
1 0.64 288.2 127.0 287.9 140.8 257.0 140.2 257.2 126.5
1 0.51 290.7 97.6 290.7 110.0 259.9 110.0 259.9 97.6
1 0.55 279.8 172.2 280.9 184.1 252.6 186.5 251.5 174.6
1 0.57 272.5 205.1 272.3 218.3 243.2 217.8 243.4 204.6
1 0.59 284.7 143.2 284.7 156.5 255.5 156.5 255.5 143.2
1 0.25 266.6 267.2 266.3 280.6 234.0 280.0 234.2 266.6
1 0.52 245.3 386.4 245.3 401.8 209.6 401.8 209.6 386.4
1 0.46 184.0 268.1 182.4 283.2 147.0 279.5 148.6 264.4
1 0.54 200.4 205.2 198.8 221.0 161.1 217.0 162.8 201.2
1 0.58 188.3 236.8 187.2 250.4 153.3 247.4 154.5 233.8
1 0.64 203.5 157.7 202.3 171.6 169.1 168.7 170.3 154.8
1 0.59 225.4 23.8 225.4 37.0 195.7 37.0 195.7 23.8
1 0.55 192.2 221.1 190.7 235.7 155.8 232.1 157.3 217.4
1 0.57 200.7 173.8 199.2 188.2 165.3 184.6 166.8 170.2
1 0.56 222.2 53.0 221.4 67.1 187.4 65.3 188.1 51.2
1 0.55 222.5 69.9 221.7 84.4 188.4 82.6 189.1 68.1
1 0.29 253.9 298.2 253.7 311.3 224.0 310.8 224.2 297.6
1 0.64 1885.6 348.6 1869.3 351.4 1863.4 317.9 1879.7 315.0
1 0.58 1912.7 286.7 1896.9 289.5 1891.2 257.2 1907.0 254.4
1 0.38 249.8 349.7 249.5 362.9 220.2 362.4 220.4 349.2
1 0.63 1887.2 246.3 1872.2 249.2 1866.0 217.1 1880.9 214.2
1 0.52 1850.8 135.6 1833.9 138.6 1828.2 106.4 1845.1 103.4
1 0.32 1927.2 178.4 1911.0 180.9 1905.9 148.9 1922.1 146.3
1 0.65 297.0 70.3 296.7 84.4 265.0 83.9 265.3 69.7
1 0.51 211.8 116.5 209.3 132.1 173.5 126.5 176.0 110.8
1 0.5 227.0 9.6 226.8 21.9 197.8 21.4 198.0 9.1
1 0.47 213.6 99.7 212.1 114.3 177.3 110.6 178.8 96.1
1 0.46 201.4 189.9 199.8 205.1 163.8 201.3 165.3 186.1
1 0.43 228.4 39.0 227.7 53.0 195.9 51.3 196.6 37.3
1 0.42 219.8 83.8 219.3 99.2 182.7 97.9 183.2 82.6
1 0.4 203.0 144.1 201.9 156.8 169.9 154.0 171.0 141.3
