1 0.43 1181.0 578.1 1182.0 593.0 1144.3 595.7 1143.3 580.7
1 0.55 1434.2 515.1 1417.9 516.0 1416.2 482.2 1432.5 481.4
1 0.53 1264.2 467.0 1279.1 469.1 1274.4 502.8 1259.4 500.7
1 0.61 827.4 518.2 827.2 531.5 794.7 530.9 794.9 517.7
1 0.61 1194.5 406.3 1194.0 421.1 1158.3 419.9 1158.8 405.1
1 0.61 884.7 542.6 884.2 557.7 846.6 556.3 847.2 541.3
1 0.6 1204.2 429.2 1203.6 445.4 1164.0 444.0 1164.6 427.8
1 0.58 890.5 571.6 890.5 587.0 853.8 587.0 853.8 571.6
1 0.52 1085.6 542.4 1085.6 556.7 1051.4 556.7 1051.4 542.4
1 0.51 1035.9 587.0 1023.4 601.3 989.9 572.2 1002.4 557.9
1 0.51 1130.7 576.4 1130.7 591.0 1095.8 591.0 1095.8 576.4
1 0.5 1085.3 577.5 1085.1 592.7 1049.5 592.1 1049.7 576.9
1 0.41 746.1 570.1 746.1 584.8 710.3 584.8 710.3 570.1
1 0.55 1631.9 474.0 1615.0 475.5 1611.8 438.8 1628.7 437.3
1 0.53 240.9 653.7 247.5 667.1 214.5 683.2 207.9 669.8
1 0.26 989.2 496.5 1003.6 499.3 997.4 531.2 983.0 528.4
