1 0.51 1263.8 467.9 1278.8 470.0 1274.0 503.5 1259.1 501.4
1 0.54 1434.1 516.4 1417.7 517.3 1416.0 483.4 1432.3 482.5
1 0.44 1180.6 579.6 1181.2 594.7 1143.5 596.0 1143.0 581.0
1 0.62 827.0 518.5 826.8 531.8 794.5 531.2 794.7 517.9
1 0.59 744.9 570.0 744.9 585.6 708.5 585.6 708.5 570.0
1 0.59 880.5 542.9 880.0 557.4 846.3 556.2 846.8 541.8
1 0.48 887.6 572.2 887.6 587.0 852.7 587.0 852.7 572.2
1 0.5 205.0 670.7 212.2 684.4 180.2 701.4 173.0 687.7
1 0.48 1034.9 587.2 1022.8 601.2 991.0 573.6 1003.2 559.6
1 0.47 1085.2 542.9 1085.2 557.5 1050.9 557.5 1050.9 542.9
1 0.44 1084.6 577.7 1084.3 592.9 1048.6 592.2 1048.9 577.1
1 0.43 1127.5 578.1 1127.5 592.3 1094.9 592.3 1094.9 578.1
1 0.46 1631.9 474.8 1614.5 476.3 1611.2 438.4 1628.6 436.9
1 0.6 1194.3 406.8 1193.8 421.6 1157.9 420.3 1158.4 405.5
1 0.6 1203.6 429.7 1203.0 445.9 1163.9 444.5 1164.5 428.4
