1 0.4 1127.5 577.8 1127.5 592.4 1094.9 592.4 1094.9 577.8
1 0.61 827.5 519.0 827.2 532.4 794.7 531.8 794.9 518.5
1 0.6 884.2 543.4 883.7 558.3 846.6 557.0 847.1 542.1
1 0.52 1086.0 542.6 1086.0 557.5 1050.8 557.5 1050.8 542.6
1 0.51 954.0 377.8 969.7 378.3 968.5 414.7 952.8 414.1
1 0.47 1034.3 587.1 1022.4 600.7 990.2 572.7 1002.0 559.1
1 0.47 1084.9 577.8 1084.9 592.9 1048.9 592.9 1048.9 577.8
1 0.46 622.4 621.2 622.4 636.2 585.3 636.2 585.3 621.2
1 0.58 1433.7 514.7 1418.0 515.5 1416.2 481.9 1431.9 481.1
1 0.53 1632.2 471.5 1615.1 473.6 1610.4 435.3 1627.5 433.2
1 0.55 1264.0 467.2 1279.1 469.4 1274.3 503.2 1259.2 501.0
1 0.67 1588.7 -1.0 1588.5 13.5 1553.6 12.9 1553.8 -1.6
1 0.61 1194.1 406.9 1193.6 421.6 1157.8 420.4 1158.3 405.6
1 0.6 1202.5 429.6 1201.9 446.0 1164.1 444.7 1164.7 428.3
1 0.49 1180.9 578.5 1182.0 593.7 1144.1 596.4 1143.0 581.1
1 0.34 1184.3 318.5 1186.2 330.4 1161.6 334.3 1159.7 322.4
1 0.6 744.9 570.7 744.9 586.4 708.5 586.4 708.5 570.7
1 0.61 890.3 572.2 890.6 587.8 853.5 588.5 853.2 572.8
