1 0.5 1264.0 467.2 1278.8 469.3 1274.0 503.2 1259.3 501.1
1 0.54 1417.4 481.4 1433.3 482.0 1432.1 515.8 1416.2 515.3
1 0.59 883.7 543.0 883.2 557.8 846.2 556.5 846.8 541.7
1 0.59 744.7 570.2 744.7 585.8 708.4 585.8 708.4 570.2
1 0.52 1084.6 577.2 1084.6 592.6 1048.7 592.6 1048.7 577.2
1 0.51 1085.7 542.4 1085.7 557.2 1049.9 557.2 1049.9 542.4
1 0.48 1035.2 587.1 1022.8 601.4 990.5 573.3 1002.9 559.0
1 0.45 956.2 439.4 972.0 441.6 966.9 477.7 951.1 475.5
1 0.41 1127.5 577.7 1127.5 592.3 1094.6 592.3 1094.6 577.7
1 0.61 1194.0 406.7 1193.5 421.5 1157.7 420.3 1158.2 405.4
1 0.59 1202.4 429.5 1201.8 445.8 1164.0 444.5 1164.6 428.2
1 0.47 1180.6 579.3 1181.2 594.6 1143.5 595.9 1143.0 580.6
1 0.32 1184.1 318.4 1186.0 330.4 1161.5 334.2 1159.6 322.3
1 0.63 827.0 518.6 826.8 531.9 794.4 531.4 794.7 518.0
1 0.61 890.0 571.9 890.3 587.4 853.5 588.0 853.2 572.5
1 0.57 1631.7 471.8 1615.3 473.9 1610.9 438.1 1627.3 436.1
