1 0.26 1185.0 318.5 1186.7 330.4 1162.6 333.8 1160.9 321.9
1 0.51 1084.6 577.9 1084.4 592.5 1050.0 591.9 1050.3 577.3
1 0.46 1180.9 579.3 1181.4 594.4 1143.7 595.8 1143.2 580.6
1 0.43 1035.0 585.9 1023.3 600.3 989.8 573.1 1001.4 558.7
1 0.59 1434.2 514.9 1418.1 515.8 1416.3 481.9 1432.4 481.1
1 0.56 1264.4 467.1 1279.5 469.3 1274.7 503.1 1259.6 501.0
1 0.53 1633.4 471.3 1616.4 474.0 1610.4 436.2 1627.4 433.5
1 0.62 827.3 518.5 827.0 531.7 794.7 531.1 794.9 517.9
1 0.6 892.4 571.3 892.7 587.2 852.9 587.9 852.7 572.0
1 0.59 884.4 542.8 883.9 558.0 846.5 556.7 847.0 541.5
1 0.55 1085.7 542.7 1085.7 556.9 1051.7 556.9 1051.7 542.7
1 0.52 1131.2 577.4 1131.2 592.2 1095.7 592.2 1095.7 577.4
1 0.45 745.8 570.2 745.8 585.7 709.7 585.7 709.7 570.2
1 0.61 1194.8 406.5 1194.3 421.4 1158.2 420.2 1158.7 405.3
1 0.6 1204.0 429.5 1203.4 445.7 1164.1 444.3 1164.7 428.1
1 0.48 958.8 394.5 974.8 395.9 971.7 431.0 955.8 429.6
1 0.43 957.7 66.0 974.9 67.5 971.5 106.2 954.3 104.7
