1 0.52 887.2 572.3 887.4 587.6 852.9 588.2 852.6 572.9
1 0.59 744.8 570.4 744.8 585.9 708.5 585.9 708.5 570.4
1 0.52 1084.1 578.0 1084.1 592.5 1049.7 592.5 1049.7 578.0
1 0.47 1034.9 587.3 1022.9 601.2 990.6 573.1 1002.7 559.3
1 0.42 1128.0 578.4 1127.7 592.8 1095.0 592.3 1095.2 577.9
1 0.62 827.3 518.8 827.1 532.1 794.6 531.6 794.8 518.3
1 0.6 884.0 543.1 883.5 558.1 846.4 556.8 846.9 541.8
1 0.54 1264.0 467.4 1279.0 469.5 1274.2 503.4 1259.2 501.3
1 0.53 1085.9 542.4 1085.9 557.2 1050.3 557.2 1050.3 542.4
1 0.48 1180.6 578.7 1181.7 593.7 1144.2 596.3 1143.1 581.3
1 0.61 1194.1 406.9 1193.6 421.6 1157.9 420.4 1158.4 405.7
1 0.6 1203.2 429.9 1202.6 445.7 1163.9 444.3 1164.5 428.5
1 0.56 1433.8 515.1 1417.8 516.0 1416.0 482.2 1432.0 481.4
1 0.58 1632.5 471.3 1616.2 473.9 1610.6 438.4 1626.8 435.8
1 0.34 1184.2 318.6 1186.1 330.5 1161.6 334.3 1159.7 322.5
