1 0.5 1437.7 584.1 1421.2 585.0 1419.4 550.8 1436.0 549.9
1 0.48 1089.9 612.9 1089.9 627.7 1054.0 627.7 1054.0 612.9
1 0.33 970.5 364.2 985.8 365.5 982.6 401.8 967.3 400.5
1 0.62 1207.7 499.2 1207.1 516.2 1167.5 514.8 1168.1 497.8
1 0.61 1198.1 477.0 1197.6 492.0 1161.6 490.7 1162.1 475.7
1 0.6 1268.1 537.5 1283.0 539.5 1278.3 572.9 1263.4 570.8
1 0.64 831.6 588.8 831.4 602.1 799.5 601.6 799.7 588.3
1 0.54 887.2 612.4 886.6 628.8 849.6 627.5 850.2 611.1
1 0.64 1636.2 540.6 1620.4 543.1 1614.8 507.9 1630.7 505.4
1 0.62 749.9 639.5 749.9 655.0 713.0 655.0 713.0 639.5
1 0.6 895.4 641.9 895.4 657.7 857.4 657.7 857.4 641.9
1 0.48 1088.2 647.6 1087.9 662.1 1053.9 661.5 1054.2 647.0
1 0.4 950.4 325.9 966.3 326.5 965.1 362.0 949.2 361.4
1 0.38 1131.4 646.4 1131.4 661.7 1099.5 661.7 1099.5 646.4
1 0.36 1040.5 656.5 1028.6 671.2 995.4 644.4 1007.4 629.7
1 0.4 1184.7 648.9 1185.2 664.1 1148.1 665.4 1147.6 650.2
