1 0.4 1131.1 647.8 1130.8 662.7 1099.1 662.1 1099.3 647.2
1 0.55 1438.0 585.9 1421.4 586.8 1419.7 552.8 1436.2 551.9
1 0.63 889.4 613.2 888.8 629.1 850.8 627.7 851.3 611.8
1 0.62 1208.1 500.0 1207.6 516.9 1167.8 515.5 1168.4 498.6
1 0.61 1268.4 538.5 1283.4 540.6 1278.7 574.0 1263.7 571.9
1 0.61 1198.4 477.7 1197.9 492.7 1161.8 491.4 1162.3 476.5
1 0.61 895.5 642.1 895.8 657.7 858.0 658.3 857.7 642.8
1 0.55 1089.8 613.9 1089.6 628.3 1055.3 627.7 1055.5 613.3
1 0.52 750.1 639.7 750.1 654.8 712.8 654.8 712.8 639.7
1 0.51 952.3 454.5 968.3 455.9 965.2 491.9 949.1 490.5
1 0.46 1088.1 647.5 1088.1 662.6 1053.7 662.6 1053.7 647.5
1 0.46 1038.4 658.0 1026.3 671.4 995.2 643.4 1007.3 630.0
1 0.4 1184.8 649.5 1185.3 664.8 1148.2 666.1 1147.7 650.8
1 0.64 832.0 589.2 831.8 602.6 799.9 602.0 800.2 588.7
1 0.61 1636.2 542.9 1620.1 544.8 1615.6 508.7 1631.7 506.8
1 0.51 974.2 207.0 989.0 207.5 987.8 241.9 973.0 241.4
1 0.25 1525.0 576.1 1524.8 590.8 1493.7 590.3 1493.9 575.6
