1 0.38 1087.6 710.4 1087.3 725.2 1053.8 724.6 1054.0 709.8
1 0.54 831.3 651.4 831.0 664.5 799.1 663.9 799.3 650.9
1 0.54 889.0 676.4 887.3 692.8 849.6 688.9 851.3 672.4
1 0.39 892.6 704.0 892.6 719.6 856.8 719.6 856.8 704.0
1 0.64 1207.8 561.7 1207.5 578.5 1167.9 577.8 1168.2 561.0
1 0.61 1198.3 539.4 1197.8 554.6 1161.3 553.3 1161.9 538.1
1 0.6 1134.5 710.2 1134.2 725.0 1099.1 724.4 1099.4 709.6
1 0.58 1267.9 600.5 1283.2 602.6 1278.5 636.2 1263.2 634.0
1 0.53 1089.2 675.6 1089.2 690.4 1054.6 690.4 1054.6 675.6
1 0.53 1437.9 647.3 1421.4 648.2 1419.6 613.9 1436.1 613.1
1 0.44 1039.0 718.3 1027.0 732.1 994.7 704.0 1006.7 690.2
1 0.36 1184.0 712.6 1184.0 728.7 1147.3 728.7 1147.3 712.6
1 0.38 968.6 719.7 953.3 722.7 946.5 687.8 961.8 684.8
1 0.63 1636.0 603.8 1620.5 605.7 1616.2 570.6 1631.7 568.7
1 0.6 1759.6 106.9 1759.1 122.7 1724.6 121.5 1725.2 105.7
1 0.63 750.0 702.0 750.0 717.3 713.0 717.3 713.0 702.0
1 0.5 984.3 56.0 999.9 58.2 994.9 93.6 979.3 91.5
1 0.47 1183.5 438.5 1185.0 449.1 1162.0 452.3 1160.5 441.8
1 0.26 1189.9 451.6 1191.7 464.0 1166.9 467.5 1165.2 455.0
