1 0.25 1184.5 376.5 1185.5 387.8 1162.5 389.8 1161.5 378.5
1 0.39 1131.4 647.6 1131.4 662.2 1099.6 662.2 1099.6 647.6
1 0.56 1090.3 613.9 1090.1 628.1 1056.0 627.5 1056.3 613.3
1 0.54 1438.1 585.6 1421.5 586.5 1419.7 552.2 1436.3 551.4
1 0.43 1088.1 647.6 1088.1 662.5 1053.5 662.5 1053.5 647.6
1 0.39 1184.7 649.1 1185.3 664.8 1148.1 666.1 1147.5 650.4
1 0.31 1039.2 657.2 1027.0 671.2 995.6 643.8 1007.7 629.9
1 0.64 832.4 589.5 832.2 602.7 800.4 602.2 800.6 589.0
1 0.62 751.1 639.7 751.1 655.5 713.3 655.5 713.3 639.7
1 0.62 889.3 613.5 888.8 629.2 851.1 627.9 851.7 612.2
1 0.61 895.5 642.1 895.8 657.8 858.0 658.5 857.7 642.8
1 0.63 1636.1 541.9 1620.3 543.8 1616.0 508.6 1631.7 506.7
1 0.6 1268.5 538.3 1283.5 540.4 1278.8 574.0 1263.8 571.8
1 0.61 1208.5 499.9 1207.9 516.9 1167.8 515.5 1168.4 498.5
1 0.6 1198.7 477.6 1198.2 492.6 1161.8 491.4 1162.4 476.3
1 0.52 973.3 292.5 988.4 293.0 987.2 328.1 972.0 327.5
1 0.55 970.1 413.3 954.5 414.6 951.4 378.7 967.0 377.4
