1 0.54 1437.3 587.6 1421.0 588.1 1419.8 554.3 1436.1 553.7
1 0.35 946.8 572.0 959.6 572.9 957.5 603.6 944.6 602.7
1 0.27 1189.8 391.8 1190.8 403.5 1165.6 405.7 1164.5 394.0
1 0.62 888.0 614.4 887.5 630.1 850.3 628.8 850.9 613.1
1 0.62 831.1 590.6 830.9 604.0 798.9 603.4 799.1 590.0
1 0.61 750.4 641.7 750.4 657.4 712.8 657.4 712.8 641.7
1 0.6 894.8 643.3 895.0 659.2 856.9 659.9 856.7 644.0
1 0.51 1089.6 614.8 1089.6 629.1 1055.7 629.1 1055.7 614.8
1 0.5 1043.1 662.1 1030.4 676.7 993.6 644.8 1006.3 630.2
1 0.45 1088.3 649.5 1088.3 664.5 1053.0 664.5 1053.0 649.5
1 0.38 1131.6 649.4 1131.6 664.3 1099.0 664.3 1099.0 649.4
1 0.64 1563.4 43.7 1563.1 58.4 1529.9 57.8 1530.2 43.1
1 0.59 1636.0 543.9 1620.0 545.9 1615.6 510.1 1631.6 508.1
1 0.48 977.0 79.8 992.0 81.1 988.9 116.1 973.9 114.8
1 0.46 1184.1 651.5 1184.6 666.7 1148.2 667.9 1147.7 652.8
1 0.56 1268.5 540.4 1283.0 542.4 1278.3 575.7 1263.8 573.6
1 0.63 1207.6 501.8 1207.0 518.3 1167.6 517.0 1168.2 500.4
1 0.62 1198.2 479.1 1197.7 494.0 1161.6 492.7 1162.1 477.8
