1 0.47 772.3 810.2 768.7 822.8 740.9 814.8 744.6 802.2
1 0.6 761.7 1024.2 775.6 1029.0 764.0 1062.8 750.1 1058.0
1 0.6 833.3 842.3 842.7 854.8 812.6 877.5 803.2 865.0
1 0.48 827.5 872.7 835.4 881.8 814.0 900.3 806.1 891.2
1 0.63 811.3 803.7 815.5 818.5 781.5 828.2 777.2 813.4
1 0.54 331.8 952.2 321.8 962.9 297.9 940.6 307.9 930.0
1 0.36 376.7 1016.2 363.8 1023.9 347.8 997.2 360.6 989.5
1 0.25 812.1 778.2 809.3 798.2 766.3 792.1 769.1 772.2
1 0.64 1325.7 797.9 1308.4 799.1 1305.7 760.9 1323.0 759.7
1 0.57 1303.3 708.4 1319.7 709.0 1318.5 744.4 1302.0 743.8
1 0.52 252.2 78.9 267.0 86.5 249.6 120.8 234.7 113.2
1 0.62 164.2 563.6 158.2 578.6 122.8 564.3 128.9 549.3
1 0.61 33.1 355.6 39.4 370.5 6.1 384.7 -0.3 369.7
1 0.51 186.8 604.1 179.6 617.8 149.4 601.7 156.6 588.0
1 0.5 -0.5 220.3 18.0 223.9 11.0 260.0 -7.5 256.4
1 0.44 202.2 641.5 190.8 652.9 166.1 628.3 177.5 616.9
1 0.44 70.1 483.7 57.0 487.0 50.2 459.8 63.3 456.5
1 0.4 16.2 337.5 23.4 352.2 -9.3 368.2 -16.5 353.5
1 0.67 214.8 824.6 227.3 833.7 207.2 861.4 194.6 852.3
1 0.62 206.8 659.2 201.1 672.6 170.7 659.6 176.3 646.3
1 0.46 210.7 706.2 197.9 709.4 190.5 679.6 203.3 676.4
