1 0.37 72.0 487.6 58.3 491.1 51.4 463.6 65.1 460.1
1 0.37 379.5 1018.5 366.6 1026.6 350.2 1000.4 363.1 992.3
1 0.62 812.7 806.5 816.9 820.5 783.9 830.5 779.7 816.6
1 0.62 835.1 843.9 845.0 855.7 815.9 880.1 806.0 868.4
1 0.56 763.9 1026.0 777.8 1030.5 766.7 1064.6 752.8 1060.1
1 0.5 334.3 954.7 324.1 965.7 300.5 943.7 310.7 932.8
1 0.5 774.8 811.9 771.2 824.6 743.4 816.7 747.1 804.0
1 0.42 829.4 875.5 837.3 884.7 816.5 902.8 808.5 893.6
1 0.59 1306.2 709.2 1322.0 709.8 1320.8 745.2 1305.0 744.6
1 0.62 1328.2 798.8 1310.5 800.0 1307.9 762.2 1325.6 761.0
1 0.53 278.0 39.2 292.4 47.2 274.4 79.7 260.0 71.7
1 0.26 203.6 642.4 193.0 654.1 168.3 631.9 178.9 620.1
1 0.48 17.1 340.8 24.3 355.6 -9.0 371.9 -16.3 357.1
1 0.52 189.8 606.8 182.9 620.9 151.0 605.3 157.8 591.2
1 0.58 166.9 566.9 160.8 582.1 124.8 567.5 130.9 552.3
1 0.61 1.8 224.7 19.0 228.1 12.1 263.7 -5.1 260.3
1 0.43 213.3 708.5 199.8 711.9 192.3 681.8 205.8 678.4
1 0.64 240.2 813.8 245.7 828.0 212.5 840.8 207.0 826.5
1 0.61 34.7 358.8 40.9 373.5 7.2 387.8 1.0 373.2
1 0.58 208.7 661.5 203.5 675.2 172.3 663.2 177.6 649.6
