1 0.26 587.7 427.3 580.6 443.3 538.3 424.5 545.4 408.5
1 0.61 836.0 843.0 846.2 855.2 817.1 879.5 806.9 867.4
1 0.61 1307.3 709.1 1323.3 709.7 1322.0 745.1 1306.1 744.6
1 0.55 813.8 805.6 818.2 819.7 785.2 829.8 780.9 815.7
1 0.5 776.0 810.9 772.3 823.8 744.1 815.7 747.8 802.9
1 0.62 1329.7 798.7 1312.7 800.2 1309.4 762.5 1326.4 761.0
1 0.33 831.8 873.6 839.5 882.5 818.0 901.2 810.2 892.3
1 0.49 191.5 604.3 184.3 619.1 152.2 603.5 159.5 588.6
1 0.65 218.1 825.4 231.1 835.1 209.8 863.4 196.8 853.7
1 0.61 168.3 564.7 162.1 580.0 126.1 565.5 132.3 550.1
1 0.61 37.3 356.4 43.8 371.0 10.2 385.9 3.7 371.3
1 0.61 206.8 640.7 196.4 652.7 169.8 629.6 180.3 617.6
1 0.6 210.4 660.4 204.6 674.0 173.8 661.0 179.6 647.3
1 0.49 19.2 338.6 26.3 353.3 -8.0 370.0 -15.2 355.4
1 0.42 215.0 707.2 201.9 710.5 194.4 680.4 207.5 677.2
1 0.29 74.0 485.2 60.2 488.9 52.6 460.7 66.4 457.0
1 0.29 3.7 222.2 21.3 225.0 15.6 261.2 -2.0 258.4
1 0.27 80.4 276.3 87.0 291.0 51.7 306.7 45.1 292.0
1 0.58 765.6 1025.4 779.0 1030.0 767.4 1063.8 754.0 1059.2
1 0.25 436.1 1028.5 444.4 1044.6 397.8 1068.3 389.6 1052.2
1 0.53 334.9 953.2 324.7 964.1 301.0 941.9 311.2 931.0
1 0.28 381.1 1017.6 367.2 1026.0 350.8 998.7 364.7 990.4
1 0.49 240.7 109.2 255.6 116.5 238.6 151.3 223.7 144.1
