1 0.59 1306.6 709.0 1322.3 709.6 1321.1 744.8 1305.4 744.2
1 0.56 283.9 32.7 297.4 40.9 278.2 72.9 264.6 64.8
1 0.61 205.8 642.8 195.4 654.8 168.9 631.8 179.3 619.8
1 0.58 167.2 567.0 161.1 582.2 125.0 567.6 131.2 552.4
1 0.57 209.2 661.4 204.0 675.1 173.4 663.3 178.6 649.6
1 0.51 190.2 606.6 183.2 620.9 151.3 605.3 158.3 591.1
1 0.47 17.2 340.8 24.5 355.9 -9.1 372.3 -16.5 357.2
1 0.45 72.2 487.8 58.7 491.1 51.8 463.5 65.3 460.2
1 0.4 213.9 708.3 200.2 711.8 192.8 682.2 206.6 678.8
1 0.62 1328.2 798.2 1310.8 799.5 1308.2 762.1 1325.6 760.9
1 0.62 812.8 806.5 817.1 820.4 784.3 830.4 780.0 816.5
1 0.61 835.3 844.0 845.1 855.7 816.4 879.8 806.6 868.1
1 0.57 765.2 1025.9 778.6 1030.3 767.6 1064.3 754.1 1059.9
1 0.45 775.2 811.8 771.5 824.5 743.4 816.5 747.1 803.7
1 0.62 35.0 358.9 41.2 373.6 7.4 388.0 1.2 373.3
1 0.65 243.4 813.0 248.2 827.7 214.3 838.7 209.5 824.0
1 0.27 276.1 199.4 267.0 204.0 256.2 182.9 265.4 178.3
1 0.6 1.8 224.9 19.3 228.3 12.4 264.0 -5.1 260.6
1 0.28 830.1 875.4 837.9 884.3 817.1 902.3 809.3 893.4
1 0.53 334.9 954.9 324.8 965.7 301.1 943.6 311.2 932.8
1 0.38 378.0 1016.9 365.5 1024.1 351.4 999.6 363.8 992.4
1 0.27 816.6 778.9 814.4 799.1 769.7 794.4 771.9 774.2
1 0.26 435.6 1030.0 443.7 1046.0 397.7 1069.4 389.6 1053.4
