1 0.27 329.8 697.5 333.0 709.3 306.8 716.3 303.6 704.6
1 0.37 618.0 941.7 611.3 955.5 583.1 941.7 589.8 927.9
1 0.51 734.3 393.7 743.9 404.1 717.1 429.1 707.4 418.7
1 0.67 637.9 992.1 633.5 1005.1 602.8 994.5 607.3 981.6
1 0.61 595.3 905.0 590.8 918.9 558.4 908.3 562.9 894.4
1 0.59 633.0 976.1 623.2 986.7 599.0 964.2 608.9 953.6
1 0.54 507.3 834.9 495.4 838.1 487.8 809.7 499.7 806.5
1 0.38 642.0 1035.0 629.3 1038.9 620.6 1010.3 633.3 1006.5
1 0.63 347.1 693.7 335.3 703.3 313.6 676.5 325.4 667.0
1 0.48 1644.2 1041.4 1658.1 1042.6 1655.8 1069.4 1641.8 1068.2
1 0.62 453.3 699.0 460.4 712.3 429.4 728.8 422.4 715.4
1 0.62 387.3 783.2 383.1 796.9 351.3 787.2 355.5 773.5
1 0.61 309.6 725.4 298.0 734.5 278.5 709.6 290.1 700.5
1 0.61 440.8 591.7 455.4 594.5 449.0 627.3 434.5 624.4
1 0.6 396.8 809.7 394.0 824.2 361.5 817.9 364.3 803.4
1 0.57 469.5 715.6 475.8 728.0 446.0 743.2 439.7 730.8
1 0.55 383.2 699.9 368.4 701.4 365.2 670.7 380.0 669.1
1 0.53 136.4 795.5 145.8 805.2 123.5 826.7 114.2 817.0
1 0.32 314.1 698.5 299.6 701.0 294.4 671.9 309.0 669.4
1 0.48 293.0 732.6 282.1 742.7 260.5 719.5 271.3 709.4
1 0.53 100.9 822.9 111.8 835.0 79.9 863.8 69.0 851.7
