1 0.27 641.5 354.7 632.5 366.6 603.3 344.6 612.3 332.7
1 0.61 1304.6 774.3 1288.8 775.7 1285.7 740.5 1301.5 739.1
1 0.45 792.6 787.7 789.3 799.1 763.8 791.8 767.1 780.3
1 0.63 1298.0 725.4 1283.4 725.4 1283.4 692.5 1298.0 692.5
1 0.62 783.2 986.0 796.0 990.2 785.8 1021.4 773.1 1017.3
1 0.6 828.1 782.0 832.1 795.3 800.6 804.9 796.5 791.7
1 0.58 360.2 41.4 370.9 51.8 346.2 77.3 335.5 67.0
1 0.58 766.9 1035.4 780.0 1038.6 771.9 1071.2 758.8 1068.0
1 0.58 850.0 817.4 858.7 828.9 830.2 850.4 821.5 838.9
1 0.46 843.2 846.0 850.9 854.7 831.5 871.5 823.9 862.8
1 0.67 211.1 629.1 197.6 635.7 183.3 606.4 196.8 599.9
1 0.65 86.5 351.5 93.3 364.9 61.8 381.0 55.0 367.6
1 0.61 72.7 242.8 88.3 245.8 81.8 279.3 66.2 276.3
1 0.6 102.4 367.2 109.1 380.9 78.2 395.9 71.6 382.3
1 0.59 226.9 561.8 221.2 575.9 187.8 562.4 193.5 548.4
1 0.59 264.7 633.0 254.6 644.1 229.3 621.3 239.3 610.1
1 0.58 19.4 353.2 4.0 356.0 -1.8 323.4 13.7 320.7
1 0.52 31.4 463.7 28.6 478.5 -9.0 471.2 -6.1 456.4
1 0.5 248.1 598.0 241.5 611.4 213.0 597.5 219.5 584.1
1 0.49 138.0 488.3 125.7 491.4 119.0 464.5 131.3 461.4
1 0.29 616.7 431.6 610.3 446.6 570.6 429.7 577.0 414.7
1 0.52 383.8 920.5 375.3 930.3 352.4 910.4 360.9 900.6
1 0.41 268.6 648.9 263.9 662.6 232.4 651.8 237.1 638.0
1 0.35 424.8 979.7 413.2 986.4 399.1 962.0 410.7 955.3
1 0.34 272.7 692.9 258.7 696.7 250.9 667.7 264.9 663.9
