1 0.3 91.8 492.5 94.9 504.2 68.7 511.2 65.6 499.5
1 0.53 394.9 774.7 385.2 785.9 359.6 763.6 369.3 752.5
1 0.57 267.0 631.4 254.6 634.5 247.8 607.1 260.1 604.0
1 0.66 213.7 494.4 220.6 508.0 189.1 524.0 182.2 510.4
1 0.58 55.4 530.5 44.3 539.8 24.3 515.9 35.4 506.6
1 0.6 72.9 522.9 61.2 532.1 41.1 506.5 52.9 497.3
1 0.61 230.5 510.3 237.1 523.9 205.8 539.2 199.2 525.6
1 0.61 109.2 490.5 96.6 499.6 76.1 471.4 88.7 462.2
1 0.62 159.3 607.1 155.6 621.9 122.0 613.5 125.7 598.7
1 0.64 398.7 791.3 394.1 804.5 363.2 793.8 367.8 780.6
1 0.29 405.2 834.4 390.7 839.1 381.7 811.2 396.1 806.5
1 0.53 356.8 703.7 351.3 718.0 318.0 705.2 323.5 690.9
1 0.48 378.5 740.8 371.2 754.5 342.8 739.4 350.1 725.7
1 0.57 489.0 185.8 499.5 195.9 474.9 221.4 464.4 211.3
1 0.52 514.1 1060.2 505.2 1069.6 484.1 1050.0 493.0 1040.5
1 0.62 1432.0 917.0 1416.3 917.8 1414.4 883.0 1430.2 882.1
1 0.6 1427.1 868.4 1412.2 868.4 1412.2 835.4 1427.1 835.4
1 0.46 977.5 956.6 986.6 968.7 957.6 990.6 948.4 978.5
1 0.39 974.2 985.8 981.3 994.0 962.7 1010.3 955.6 1002.1
1 0.66 253.6 652.3 243.0 662.9 219.9 639.7 230.4 629.2
1 0.56 145.1 495.9 130.1 498.2 125.2 467.2 140.2 464.8
1 0.38 76.4 493.5 61.2 496.1 56.2 467.8 71.4 465.1
1 0.63 199.6 385.1 215.2 388.2 208.7 421.9 193.1 418.8
1 0.37 1284.8 640.1 1294.9 640.6 1293.8 661.5 1283.7 661.0
1 0.44 923.3 928.6 919.8 940.8 892.9 933.1 896.4 920.9
1 0.62 957.7 922.8 961.5 936.0 930.9 944.8 927.1 931.6
