1 0.29 940.0 441.7 954.4 447.8 939.6 482.8 925.1 476.6
1 0.3 536.9 849.9 540.1 861.7 514.8 868.4 511.6 856.6
1 0.41 521.3 850.7 508.1 852.8 503.4 823.1 516.6 821.0
1 0.51 943.7 549.6 952.6 559.5 925.9 583.6 916.9 573.7
1 0.56 517.5 877.5 506.0 886.5 486.1 861.0 497.6 852.0
1 0.57 590.7 851.7 576.4 853.0 573.6 821.9 588.0 820.6
1 0.62 650.0 743.6 664.9 746.8 657.9 779.7 643.0 776.5
1 0.62 661.2 851.5 667.6 864.1 637.0 879.7 630.6 867.1
1 0.64 554.4 845.5 542.9 854.6 522.0 827.9 533.6 818.8
1 0.41 306.5 973.1 317.3 984.6 285.5 1014.2 274.8 1002.7
1 0.44 499.4 883.3 488.8 893.1 467.7 870.5 478.2 860.7
1 0.47 340.8 946.1 350.4 955.6 328.7 977.4 319.1 967.8
1 0.48 237.9 1043.4 247.1 1054.0 223.2 1074.8 213.9 1064.2
1 0.56 513.6 909.5 508.3 923.5 477.5 911.7 482.9 897.7
1 0.57 603.5 959.7 600.6 974.3 568.7 968.1 571.6 953.5
1 0.53 801.6 1052.8 796.4 1067.9 763.9 1056.7 769.2 1041.6
1 0.55 677.9 866.7 683.8 879.9 653.3 893.4 647.5 880.3
1 0.56 714.2 985.0 702.3 987.9 695.1 959.2 707.0 956.2
