1 0.29 1391.7 505.7 1393.5 525.6 1333.3 530.9 1331.6 511.0
1 0.62 393.1 577.3 397.5 590.9 364.2 601.7 359.7 588.1
1 0.55 584.7 523.3 588.6 536.6 557.9 545.5 554.0 532.1
1 0.44 521.8 539.5 525.5 553.1 492.9 561.9 489.2 548.2
1 0.43 275.4 620.2 280.1 632.3 251.5 643.2 246.9 631.2
1 0.66 484.1 548.8 487.7 562.2 455.1 570.9 451.5 557.5
1 0.62 346.7 594.2 351.3 607.5 320.4 618.2 315.8 604.8
1 0.32 1585.4 545.2 1582.0 557.0 1554.2 549.0 1557.6 537.2
1 0.58 143.2 680.9 148.2 693.7 115.6 706.2 110.7 693.4
1 0.54 231.8 636.8 238.6 650.1 200.9 669.3 194.1 656.1
1 0.38 39.4 731.0 45.3 744.4 8.8 760.6 2.8 747.2
1 0.33 1604.5 351.1 1608.0 362.7 1576.8 372.3 1573.3 360.6
1 0.64 1893.1 249.3 1898.1 261.7 1867.5 274.1 1862.4 261.6
1 0.58 1651.9 330.7 1656.8 344.1 1624.0 356.0 1619.2 342.6
1 0.53 1740.6 292.9 1746.4 305.3 1717.5 318.8 1711.7 306.3
1 0.5 1906.9 215.6 1913.5 229.0 1882.1 244.3 1875.6 230.9
