1 0.5 1149.7 712.9 1159.0 723.6 1131.5 747.5 1122.2 736.8
1 0.34 730.2 1012.4 715.6 1014.7 710.5 982.5 725.1 980.2
1 0.54 882.8 1026.6 888.3 1038.9 859.1 1052.0 853.6 1039.6
1 0.58 797.5 1011.1 783.0 1012.4 780.3 981.4 794.8 980.1
1 0.63 857.4 904.9 871.7 908.3 864.3 940.3 850.0 937.0
1 0.64 761.1 1005.1 749.7 1014.1 729.0 987.6 740.5 978.6
1 0.3 743.8 1010.0 746.9 1021.7 721.6 1028.5 718.5 1016.8
1 0.43 706.2 1042.2 695.6 1052.1 674.2 1029.2 684.8 1019.3
1 0.5 866.5 1010.5 873.3 1023.2 843.4 1039.1 836.6 1026.4
1 0.61 723.8 1035.9 712.7 1044.6 693.4 1020.0 704.5 1011.3
1 0.64 679.1 1049.4 670.9 1061.5 643.9 1043.2 652.0 1031.1
1 0.26 1144.5 608.0 1158.1 613.2 1145.2 646.8 1131.6 641.6
1 0.44 164.8 123.4 168.6 137.5 136.1 146.3 132.3 132.1
1 0.54 227.4 106.5 231.2 120.8 200.2 129.1 196.4 114.8
1 0.56 128.5 132.8 131.6 147.4 98.2 154.5 95.1 139.9
1 0.62 37.3 162.9 41.5 177.4 7.6 187.1 3.5 172.7
